variations = 3;
samples = 15;
instructions = 32;
registers = 32;
opcodes = 2;

targetMin = 0.000000f;
targetMax = 6.283185f;

mode = FIRESTARTER_CODE;
states = 1;
units = 1;
process = 0;
population = 4352;
iterations = 256;
candidates = 16;
generations = 5;
precision = 0;
evolve = FIRESTARTER_EVOLVE_BEST;
attempts = 32;
seed = 0;
scale = 0.100000f;
startScale = 4.000000f;
startResult = 10.000000f;

FIRESTARTER_CODE: Generation=0  Age=0  Best=0.08713059  Time=2.0497 Seconds  Run Time=4.8820 Seconds  TestError=0.00000003
FIRESTARTER_CODE: Generation=1  Age=0  Best=0.07458533  Time=1.6219 Seconds  Run Time=6.5950 Seconds  TestError=0.00000000
FIRESTARTER_CODE: Generation=2  Age=0  Best=0.06571960  Time=1.6457 Seconds  Run Time=8.2717 Seconds  TestError=0.00000000
FIRESTARTER_CODE: Generation=3  Age=0  Best=0.03886360  Time=1.7453 Seconds  Run Time=10.0350 Seconds  TestError=0.00000000
FIRESTARTER_CODE: Generation=4  Age=0  Best=0.02301764  Time=1.7939 Seconds  Run Time=11.9466 Seconds  TestError=0.00000000
FIRESTARTER_CODE: Generation=5  Age=1  Best=0.02301764  Time=1.8557 Seconds  Run Time=13.8732 Seconds  TestError=0.00000000
FIRESTARTER_CODE: Generation=6  Age=0  Best=0.01976925  Time=1.8042 Seconds  Run Time=15.6914 Seconds  TestError=0.00000001
FIRESTARTER_CODE: Generation=7  Age=0  Best=0.01846039  Time=1.8741 Seconds  Run Time=17.6201 Seconds  TestError=0.00000000
FIRESTARTER_CODE: Generation=8  Age=0  Best=0.01676595  Time=1.9106 Seconds  Run Time=19.6344 Seconds  TestError=0.00000000
FIRESTARTER_CODE: Generation=9  Age=0  Best=0.01490623  Time=1.9793 Seconds  Run Time=21.6713 Seconds  TestError=0.00000000
FIRESTARTER_CODE: Generation=10  Age=0  Best=0.01355040  Time=2.0402 Seconds  Run Time=23.8193 Seconds  TestError=0.00000000
