variations = 3;
samples = 15;
instructions = 32;
registers = 32;
opcodes = 2;

targetMin = 0.000000f;
targetMax = 6.283185f;

mode = FIRESTARTER_TEST;
units = 1;
processes = 0;
population = 69632;
iterations = 256;
candidates = 16;
generations = 100;
precision = 0;
evolve = FIRESTARTER_EVOLVE_BEST;
attempts = 10;
seed = 3533;
scale = 0.100000f;
startScale = 4.000000f;
startResult = 10.000000f;

FIRESTARTER_TEST: Seed=3533  Generation=0  Result=0.00002766  Average=0.00002766  Best=0.00002766  BestSeed=3533  Time=1.7598 Seconds  Run Time=3.2936 Seconds  TestError=0.00000018  V:0=0.00000370  V:1=0.00002766  V:2=0.00001770
FIRESTARTER_TEST: Seed=3534  Generation=1  Result=0.97492790  Average=0.48747778  Best=0.00002766  BestSeed=3533  Time=1.5690 Seconds  Run Time=3.6098 Seconds  TestError=8.51675415  V:0=0.97492790  V:1=10.00000000  V:2=10.00000000
FIRESTARTER_TEST: Seed=3535  Generation=2  Result=0.97492790  Average=0.64996117  Best=0.00002766  BestSeed=3533  Time=1.1795 Seconds  Run Time=4.0102 Seconds  TestError=8.51675415  V:0=0.97492790  V:1=10.00000000  V:2=10.00000000
FIRESTARTER_TEST: Seed=3536  Generation=3  Result=0.97492790  Average=0.73120284  Best=0.00002766  BestSeed=3533  Time=0.9861 Seconds  Run Time=4.4165 Seconds  TestError=8.51675415  V:0=0.97492790  V:1=10.00000000  V:2=10.00000000
FIRESTARTER_TEST: Seed=3537  Generation=4  Result=0.97492790  Average=0.77994788  Best=0.00002766  BestSeed=3533  Time=0.8710 Seconds  Run Time=4.8268 Seconds  TestError=8.51675415  V:0=0.97492790  V:1=10.00000000  V:2=10.00000000
FIRESTARTER_TEST: Seed=3538  Generation=5  Result=0.97492790  Average=0.81244451  Best=0.00002766  BestSeed=3533  Time=0.7946 Seconds  Run Time=5.2393 Seconds  TestError=8.51675415  V:0=0.97492790  V:1=10.00000000  V:2=10.00000000
FIRESTARTER_TEST: Seed=3539  Generation=6  Result=0.97492790  Average=0.83565646  Best=0.00002766  BestSeed=3533  Time=0.7390 Seconds  Run Time=5.6449 Seconds  TestError=8.51675415  V:0=0.97492790  V:1=10.00000000  V:2=10.00000000
FIRESTARTER_TEST: Seed=3540  Generation=7  Result=0.97492790  Average=0.85306537  Best=0.00002766  BestSeed=3533  Time=0.6991 Seconds  Run Time=6.0650 Seconds  TestError=8.51675415  V:0=0.97492790  V:1=10.00000000  V:2=10.00000000
FIRESTARTER_TEST: Seed=3541  Generation=8  Result=0.97492790  Average=0.86660564  Best=0.00002766  BestSeed=3533  Time=0.6668 Seconds  Run Time=6.4734 Seconds  TestError=8.51675415  V:0=0.97492790  V:1=10.00000000  V:2=10.00000000
FIRESTARTER_TEST: Seed=3542  Generation=9  Result=0.97492790  Average=0.87743789  Best=0.00002766  BestSeed=3533  Time=0.6409 Seconds  Run Time=6.8804 Seconds  TestError=8.51675415  V:0=0.97492790  V:1=10.00000000  V:2=10.00000000
