instructions = 32;
registers = 32;
opcodes = 2;
variations = 3;
samples = 15;

sampleMin = 0.000000f;
sampleMax = 6.283185f;
evolveFactor = 0.100000f;
evolveStartFactor = 4.000000f;
evolveStartResult = 10.000000f;
evolveCandidates = 16;

mode = FIRESTARTER_CODE;
states = 1;
units = 1;
process = 0;
population = 17408;
iterations = 256;
generations = 2;
precision = 0;
evolve = FIRESTARTER_EVOLVE_BEST;
attempts = 32;
seed = 0;

FIRESTARTER_CODE:FIRESTARTER_EVOLVE_BEST  Generation:   0  Best=0.14977741  Result=0.14977741  Best=0.14977741  Seed=C0A9496C  ResultHash=5487  ProgramHash=63AC
FIRESTARTER_CODE:FIRESTARTER_EVOLVE_BEST  Generation:   1  Best=0.12979949  Result=0.12979949  Best=0.12979949  Seed=C0A9496E  ResultHash=AEA8  ProgramHash=CB36
FIRESTARTER_CODE:FIRESTARTER_EVOLVE_BEST  Generation:   2  Best=0.08693245  Result=0.08693245  Best=0.08693245  Seed=C0A94970  ResultHash=1CE4  ProgramHash=B8B2
FIRESTARTER_CODE:FIRESTARTER_EVOLVE_BEST  Generation:   3  Best=0.06879771  Result=0.06879771  Best=0.06879771  Seed=C0A94972  ResultHash=4B63  ProgramHash=7600
FIRESTARTER_CODE:FIRESTARTER_EVOLVE_BEST  Generation:   4  Best=0.06287253  Result=0.06287253  Best=0.06287253  Seed=C0A94974  ResultHash=F5FC  ProgramHash=7600
FIRESTARTER_CODE:FIRESTARTER_EVOLVE_BEST  Generation:   5  Best=0.05897278  Result=0.05897278  Best=0.05897278  Seed=C0A94976  ResultHash=9F4C  ProgramHash=8D1B
FIRESTARTER_CODE:FIRESTARTER_EVOLVE_BEST  Generation:   6  Best=0.05897278  Result=0.05897278  Best=0.05897278  Seed=C0A94978  ResultHash=5EA5  ProgramHash=9327
FIRESTARTER_CODE:FIRESTARTER_EVOLVE_BEST  Generation:   7  Best=0.04527283  Result=0.04527283  Best=0.04527283  Seed=C0A9497A  ResultHash=F44A  ProgramHash=58A8
FIRESTARTER_CODE:FIRESTARTER_EVOLVE_BEST  Generation:   8  Best=0.04527283  Result=0.04527283  Best=0.04527283  Seed=C0A9497C  ResultHash=96B0  ProgramHash=5276
FIRESTARTER_CODE:FIRESTARTER_EVOLVE_BEST  Generation:   9  Best=0.04110563  Result=0.04110563  Best=0.04110563  Seed=C0A9497E  ResultHash=D049  ProgramHash=AAA2
FIRESTARTER_CODE:FIRESTARTER_EVOLVE_BEST  Generation:  10  Best=0.04110563  Result=0.04110563  Best=0.04110563  Seed=C0A94980  ResultHash=63BA  ProgramHash=D372
