variations = 3;
samples = 15;
instructions = 32;
registers = 32;
opcodes = 2;

targetMin = 0.000000f;
targetMax = 6.283185f;

mode = FIRESTARTER_TEST;
units = 1;
processes = 0;
population = 69632;
iterations = 256;
candidates = 16;
generations = 100;
precision = 0;
evolve = FIRESTARTER_EVOLVE_BEST;
attempts = 10;
seed = 10484;
scale = 0.100000f;
startScale = 4.000000f;
startResult = 10.000000f;

FIRESTARTER_TEST: Seed=10484  Generation=0  Result=0.00001186  Average=0.00001186  Best=0.00001186  BestSeed=10484  Time=0.0000 Seconds  Run Time=1.9188 Seconds  TestError=0.00000003  V:0=0.00001186  V:1=0.00000536  V:2=0.00000048
FIRESTARTER_TEST: Seed=10485  Generation=1  Result=0.00196081  Average=0.00098634  Best=0.00001186  BestSeed=10484  Time=3.1425 Seconds  Run Time=3.1425 Seconds  TestError=0.00000006  V:0=0.00196081  V:1=10.00000000  V:2=10.00000000
FIRESTARTER_TEST: Seed=10486  Generation=2  Result=0.00001514  Average=0.00066260  Best=0.00001186  BestSeed=10484  Time=0.4145 Seconds  Run Time=3.5570 Seconds  TestError=0.00000000  V:0=0.00001514  V:1=10.00000000  V:2=10.00000000
FIRESTARTER_TEST: Seed=10487  Generation=3  Result=0.00008607  Average=0.00051847  Best=0.00001186  BestSeed=10484  Time=0.7504 Seconds  Run Time=4.3074 Seconds  TestError=0.00000072  V:0=0.00000253  V:1=0.00000405  V:2=0.00008607
FIRESTARTER_TEST: Seed=10488  Generation=4  Result=0.00685075  Average=0.00178493  Best=0.00001186  BestSeed=10484  Time=0.4398 Seconds  Run Time=4.7472 Seconds  TestError=0.00000000  V:0=0.00685075  V:1=10.00000000  V:2=10.00000000
FIRESTARTER_TEST: Seed=10489  Generation=5  Result=0.15144050  Average=0.02672752  Best=0.00001186  BestSeed=10484  Time=0.4410 Seconds  Run Time=5.1882 Seconds  TestError=0.00000012  V:0=0.15144050  V:1=10.00000000  V:2=10.00000000
FIRESTARTER_TEST: Seed=10490  Generation=6  Result=0.00059390  Average=0.02299415  Best=0.00001186  BestSeed=10484  Time=0.5712 Seconds  Run Time=5.7594 Seconds  TestError=0.00000027  V:0=0.00001135  V:1=0.00059390  V:2=10.00000000
FIRESTARTER_TEST: Seed=10491  Generation=7  Result=0.00183082  Average=0.02034873  Best=0.00001186  BestSeed=10484  Time=0.4406 Seconds  Run Time=6.2000 Seconds  TestError=0.00000006  V:0=0.00183082  V:1=10.00000000  V:2=10.00000000
FIRESTARTER_TEST: Seed=10492  Generation=8  Result=0.00002366  Average=0.01809039  Best=0.00001186  BestSeed=10484  Time=0.4353 Seconds  Run Time=6.6353 Seconds  TestError=0.00000006  V:0=0.00002366  V:1=10.00000000  V:2=10.00000000
