instructions = 32;
registers = 32;
opcodes = 2;
variations = 3;
samples = 15;

sampleMin = 0.000000f;
sampleMax = 6.283185f;
evolveScale = 0.100000f;
evolveStartScale = 4.000000f;
evolveStartResult = 10.000000f;
evolveCandidates = 16;

mode = FIRESTARTER_CODE;
states = 1;
units = 1;
process = 0;
population = 4352;
iterations = 256;
generations = 5;
precision = 0;
evolve = FIRESTARTER_EVOLVE_BEST;
attempts = 32;
seed = 0;

FIRESTARTER_CODE: Generation=0  Age=0  Best=0.11214542  Time=2.0949 Seconds  Run Time=4.6489 Seconds  TestError=0.00000000
FIRESTARTER_CODE: Generation=1  Age=0  Best=0.05716741  Time=1.5256 Seconds  Run Time=6.2778 Seconds  TestError=0.00000000
FIRESTARTER_CODE: Generation=2  Age=1  Best=0.05716741  Time=1.5750 Seconds  Run Time=7.8817 Seconds  TestError=0.00000000
FIRESTARTER_CODE: Generation=3  Age=0  Best=0.04713190  Time=1.6710 Seconds  Run Time=9.6454 Seconds  TestError=0.00000000
FIRESTARTER_CODE: Generation=4  Age=0  Best=0.03145766  Time=1.6707 Seconds  Run Time=11.4237 Seconds  TestError=0.00000000
FIRESTARTER_CODE: Generation=5  Age=1  Best=0.03145766  Time=1.7136 Seconds  Run Time=13.2385 Seconds  TestError=0.00000000
FIRESTARTER_CODE: Generation=6  Age=2  Best=0.03145766  Time=1.7852 Seconds  Run Time=15.0910 Seconds  TestError=0.00000000
FIRESTARTER_CODE: Generation=7  Age=3  Best=0.03145766  Time=1.7997 Seconds  Run Time=16.9912 Seconds  TestError=0.00000000
FIRESTARTER_CODE: Generation=8  Age=4  Best=0.03145766  Time=1.8492 Seconds  Run Time=18.9277 Seconds  TestError=0.00000000
FIRESTARTER_CODE: Generation=9  Age=0  Best=0.02932155  Time=1.9643 Seconds  Run Time=20.9335 Seconds  TestError=0.00000000
FIRESTARTER_CODE: Generation=10  Age=1  Best=0.02932155  Time=2.0179 Seconds  Run Time=22.9790 Seconds  TestError=0.00000000
