variations = 3;
samples = 15;
instructions = 32;
registers = 32;
opcodes = 2;

targetMin = 0.000000f;
targetMax = 6.283185f;

mode = FIRESTARTER_CODE;
units = 1;
process = 0;
population = 69632;
iterations = 256;
candidates = 16;
generations = 10;
precision = 0;
evolve = FIRESTARTER_EVOLVE_BEST;
attempts = 32;
seed = 4321;
scale = 0.100000f;
startScale = 4.000000f;
startResult = 10.000000f;

FIRESTARTER_CODE: Generation=0  Age=0  Best=0.10121918  Time=3.2063 Seconds  Run Time=5.8269 Seconds  TestError=0.00000012
FIRESTARTER_CODE: Generation=1  Age=0  Best=0.08198041  Time=3.3225 Seconds  Run Time=9.1981 Seconds  TestError=0.00000000
FIRESTARTER_CODE: Generation=2  Age=0  Best=0.06565076  Time=3.7120 Seconds  Run Time=12.9202 Seconds  TestError=0.00000000
FIRESTARTER_CODE: Generation=3  Age=0  Best=0.04945397  Time=3.6528 Seconds  Run Time=16.6130 Seconds  TestError=0.00000006
FIRESTARTER_CODE: Generation=4  Age=1  Best=0.04945397  Time=3.9183 Seconds  Run Time=20.6305 Seconds  TestError=0.00000006
FIRESTARTER_CODE: Generation=5  Age=2  Best=0.04945397  Time=4.0957 Seconds  Run Time=24.7883 Seconds  TestError=0.00000006
