variations = 3;
samples = 15;
instructions = 32;
registers = 32;
opcodes = 2;

targetMin = 0.000000f;
targetMax = 6.283185f;

mode = FIRESTARTER_CODE;
units = 1;
processes = 0;
population = 34816;
iterations = 256;
candidates = 16;
generations = 1;
precision = 0;
evolve = FIRESTARTER_EVOLVE_BEST;
attempts = 32;
seed = 0;
scale = 0.100000f;
startScale = 2.000000f;
startResult = 10.000000f;

FIRESTARTER_CODE: Seed=0  Test=0  Generation=0  Age=0 *Result=0.30005914  Best=0.30005914  BestGen=0  Time=0.0000 Seconds  Run Time=1.8401 Seconds  TestError=29115.17187500
FIRESTARTER_CODE: Seed=0  Test=0  Generation=1  Age=0 *Result=0.13582027  Best=0.13582027  BestGen=1  Time=3.1129 Seconds  Run Time=3.1129 Seconds  TestError=13138577588224.00000000
FIRESTARTER_CODE: Seed=0  Test=0  Generation=2  Age=1 *Result=0.13582027  Best=0.13582027  BestGen=1  Time=1.2652 Seconds  Run Time=4.3781 Seconds  TestError=13138577588224.00000000
FIRESTARTER_CODE: Seed=0  Test=0  Generation=3  Age=0 *Result=0.09887234  Best=0.09887234  BestGen=3  Time=1.2618 Seconds  Run Time=5.6399 Seconds  TestError=14232376.00000000
FIRESTARTER_CODE: Seed=0  Test=0  Generation=4  Age=0 *Result=0.07211924  Best=0.07211924  BestGen=4  Time=1.2696 Seconds  Run Time=6.9096 Seconds  TestError=7876373020409856.00000000
FIRESTARTER_CODE: Seed=0  Test=0  Generation=5  Age=0 *Result=0.03871179  Best=0.03871179  BestGen=5  Time=1.2700 Seconds  Run Time=8.1796 Seconds  TestError=262076170240.00000000
FIRESTARTER_CODE: Seed=0  Test=0  Generation=6  Age=1 *Result=0.03871179  Best=0.03871179  BestGen=5  Time=1.2706 Seconds  Run Time=9.4502 Seconds  TestError=262076170240.00000000
FIRESTARTER_CODE: Seed=0  Test=0  Generation=7  Age=2 *Result=0.03871179  Best=0.03871179  BestGen=5  Time=1.2719 Seconds  Run Time=10.7221 Seconds  TestError=262076170240.00000000
