variations = 3;
samples = 15;
instructions = 32;
registers = 32;
opcodes = 2;

targetMin = 0.000000f;
targetMax = 6.283185f;

mode = FIRESTARTER_UNIT;
units = 1;
processes = 0;
population = 69632;
iterations = 256;
candidates = 16;
generations = 100;
precision = 0;
evolve = FIRESTARTER_EVOLVE_BEST;
attempts = 32;
seed = 10484;
scale = 0.100000f;
startScale = 4.000000f;
startResult = 10.000000f;

FIRESTARTER_UNIT: Seed=0  Generation=0  Age=0  Best=0.00001186  BestSeed=10484  Time=0.0000 Seconds  Run Time=1.9691 Seconds  TestError=0.00000003
FIRESTARTER_UNIT: Seed=1  Generation=1  Age=1  Best=0.00001186  BestSeed=10484  Time=3.1534 Seconds  Run Time=3.1534 Seconds  TestError=0.00000012
FIRESTARTER_UNIT: Seed=2  Generation=2  Age=2  Best=0.00001186  BestSeed=10484  Time=0.5897 Seconds  Run Time=3.7430 Seconds  TestError=0.00000024
FIRESTARTER_UNIT: Seed=3  Generation=3  Age=3  Best=0.00001186  BestSeed=10484  Time=0.6268 Seconds  Run Time=4.3698 Seconds  TestError=0.00000024
FIRESTARTER_UNIT: Seed=4  Generation=4  Age=4  Best=0.00001186  BestSeed=10484  Time=0.6144 Seconds  Run Time=4.9842 Seconds  TestError=0.00000006
FIRESTARTER_UNIT: Seed=5  Generation=5  Age=5  Best=0.00001186  BestSeed=10484  Time=0.6252 Seconds  Run Time=5.6094 Seconds  TestError=0.00000018
FIRESTARTER_UNIT: Seed=6  Generation=6  Age=6  Best=0.00001186  BestSeed=10484  Time=0.6366 Seconds  Run Time=6.2461 Seconds  TestError=0.00000012
