variations = 3;
samples = 15;
instructions = 32;
registers = 32;
opcodes = 2;

targetMin = 0.000000f;
targetMax = 6.283185f;

mode = FIRESTARTER_TEST;
units = 1;
processes = 0;
population = 69632;
iterations = 256;
candidates = 16;
generations = 100;
precision = 0;
evolve = FIRESTARTER_EVOLVE_BEST;
attempts = 10;
seed = 0;
scale = 0.100000f;
startScale = 4.000000f;
startResult = 10.000000f;

FIRESTARTER_TEST: Generation=1  Seed=0  Result=0.00079423  Average=0.00079423  Best=0.00079423  BestSeed=0  Time=78.8733 Seconds  Run Time=88.2302 Seconds  TestError=0.00000000  V:0=0.00026560  V:1=0.00004911  V:2=0.00079423
FIRESTARTER_TEST: Generation=2  Seed=1  Result=0.00104380  Average=0.00091901  Best=0.00104380  BestSeed=1  Time=40.2458 Seconds  Run Time=89.8019 Seconds  TestError=0.00000000  V:0=0.00102531  V:1=0.00104380  V:2=0.00042379
FIRESTARTER_TEST: Generation=3  Seed=2  Result=0.00032459  Average=0.00072087  Best=0.00032459  BestSeed=2  Time=27.2385 Seconds  Run Time=91.0247 Seconds  TestError=0.00000000  V:0=0.00018215  V:1=0.00017285  V:2=0.00032459
FIRESTARTER_TEST: Generation=4  Seed=3  Result=0.00114763  Average=0.00082756  Best=0.00114763  BestSeed=3  Time=20.7491 Seconds  Run Time=92.3052 Seconds  TestError=0.00000000  V:0=0.00082850  V:1=0.00057447  V:2=0.00114763
FIRESTARTER_TEST: Generation=5  Seed=4  Result=0.00078511  Average=0.00081907  Best=0.00078511  BestSeed=4  Time=16.8485 Seconds  Run Time=93.5526 Seconds  TestError=0.00000000  V:0=0.00070708  V:1=0.00015396  V:2=0.00078511
FIRESTARTER_TEST: Generation=6  Seed=5  Result=0.00061893  Average=0.00078571  Best=0.00061893  BestSeed=5  Time=14.2523 Seconds  Run Time=94.8236 Seconds  TestError=0.00000000  V:0=0.00021201  V:1=0.00061893  V:2=0.00015408
FIRESTARTER_TEST: Generation=7  Seed=6  Result=0.00095634  Average=0.00081009  Best=0.00095634  BestSeed=6  Time=12.3919 Seconds  Run Time=96.0535 Seconds  TestError=0.00000000  V:0=0.00059795  V:1=0.00012648  V:2=0.00095634
FIRESTARTER_TEST: Generation=8  Seed=7  Result=0.00061882  Average=0.00078618  Best=0.00061882  BestSeed=7  Time=11.0058 Seconds  Run Time=97.3555 Seconds  TestError=0.00000000  V:0=0.00061882  V:1=0.00008607  V:2=0.00055242
FIRESTARTER_TEST: Generation=9  Seed=8  Result=0.00025633  Average=0.00072731  Best=0.00025633  BestSeed=8  Time=9.9207 Seconds  Run Time=98.5953 Seconds  TestError=0.00000000  V:0=0.00025633  V:1=0.00016275  V:2=0.00014032
FIRESTARTER_TEST: Generation=10  Seed=9  Result=0.00148225  Average=0.00080280  Best=0.00148225  BestSeed=9  Time=9.0663 Seconds  Run Time=99.9722 Seconds  TestError=0.00000000  V:0=0.00047520  V:1=0.00046873  V:2=0.00148225
