variations = 3;
samples = 15;
instructions = 32;
registers = 32;
opcodes = 2;

targetMin = 0.000000f;
targetMax = 6.283185f;

mode = FIRESTARTER_CODE;
units = 1;
process = 0;
population = 17408;
iterations = 256;
candidates = 16;
generations = 1;
precision = 0;
evolve = FIRESTARTER_EVOLVE_BEST;
attempts = 32;
seed = 0;
scale = 0.100000f;
startScale = 4.000000f;
startResult = 10.000000f;

FIRESTARTER_CODE: Generation=0  Age=0  Best=0.32356846  Time=1.5483 Seconds  Run Time=4.0337 Seconds  TestError=0.00000000
FIRESTARTER_CODE: Generation=1  Age=1  Best=0.32356846  Time=0.4892 Seconds  Run Time=4.6082 Seconds  TestError=0.00000000
FIRESTARTER_CODE: Generation=2  Age=2  Best=0.32356846  Time=0.4936 Seconds  Run Time=5.1660 Seconds  TestError=0.00000000
FIRESTARTER_CODE: Generation=3  Age=3  Best=0.32356846  Time=0.5320 Seconds  Run Time=5.7569 Seconds  TestError=0.00000000
FIRESTARTER_CODE: Generation=4  Age=4  Best=0.32356846  Time=0.5354 Seconds  Run Time=6.3149 Seconds  TestError=0.00000000
FIRESTARTER_CODE: Generation=5  Age=5  Best=0.32356846  Time=0.5491 Seconds  Run Time=6.8847 Seconds  TestError=0.00000000
FIRESTARTER_CODE: Generation=6  Age=6  Best=0.32356846  Time=0.5602 Seconds  Run Time=7.4502 Seconds  TestError=0.00000000
FIRESTARTER_CODE: Generation=7  Age=7  Best=0.32356846  Time=0.5571 Seconds  Run Time=8.1091 Seconds  TestError=0.00000000
FIRESTARTER_CODE: Generation=8  Age=8  Best=0.32356846  Time=0.6329 Seconds  Run Time=8.8485 Seconds  TestError=0.00000000
