variations = 3;
samples = 15;
instructions = 32;
registers = 32;
opcodes = 2;

targetMin = 0.000000f;
targetMax = 6.283185f;

mode = FIRESTARTER_CODE;
units = 1;
process = 0;
population = 4352;
iterations = 256;
candidates = 16;
generations = 5;
precision = 0;
evolve = FIRESTARTER_EVOLVE_BEST;
attempts = 32;
seed = 1;
scale = 0.100000f;
startScale = 4.000000f;
startResult = 10.000000f;

FIRESTARTER_CODE: Generation=0  Age=0  Best=0.00000000  Time=2.0701 Seconds  Run Time=4.8996 Seconds  TestError=9.63806534
FIRESTARTER_CODE: Generation=1  Age=1  Best=0.00000000  Time=0.6304 Seconds  Run Time=5.6084 Seconds  TestError=9.63806534
FIRESTARTER_CODE: Generation=2  Age=2  Best=0.00000000  Time=0.6441 Seconds  Run Time=6.2844 Seconds  TestError=9.63806534
FIRESTARTER_CODE: Generation=3  Age=3  Best=0.00000000  Time=0.6450 Seconds  Run Time=7.0477 Seconds  TestError=9.63806534
FIRESTARTER_CODE: Generation=4  Age=4  Best=0.00000000  Time=0.6614 Seconds  Run Time=7.7230 Seconds  TestError=9.63806534
FIRESTARTER_CODE: Generation=5  Age=5  Best=0.00000000  Time=0.6735 Seconds  Run Time=8.5061 Seconds  TestError=9.63806534
FIRESTARTER_CODE: Generation=6  Age=6  Best=0.00000000  Time=0.6900 Seconds  Run Time=9.2947 Seconds  TestError=9.63806534
