variations = 3;
samples = 15;
instructions = 32;
registers = 32;
opcodes = 2;

targetMin = 0.000000f;
targetMax = 6.283185f;

mode = FIRESTARTER_OPTIMIZE;
units = 1;
process = 0;
population = 69632;
iterations = 512;
candidates = 16;
generations = 100;
precision = 256;
evolve = FIRESTARTER_EVOLVE_BEST;
attempts = 32;
seed = 0;
scale = 0.100000f;
startScale = 4.000000f;
startResult = 10.000000f;

FIRESTARTER_OPTIMIZE: Generation=0  Age=0  Best=0.00188875  Time=3.8844 Seconds  Run Time=6.4174 Seconds  TestError=0.00000083
FIRESTARTER_OPTIMIZE: Generation=1  Age=1  Best=0.00188875  Time=1.0549 Seconds  Run Time=7.5807 Seconds  TestError=0.00000083
FIRESTARTER_OPTIMIZE: Generation=2  Age=2  Best=0.00188875  Time=1.0626 Seconds  Run Time=8.6933 Seconds  TestError=0.00000083
FIRESTARTER_OPTIMIZE: Generation=3  Age=3  Best=0.00188875  Time=1.0790 Seconds  Run Time=9.8186 Seconds  TestError=0.00000083
FIRESTARTER_OPTIMIZE: Generation=4  Age=0  Best=0.00163481  Time=1.0902 Seconds  Run Time=10.9429 Seconds  TestError=0.00000119
FIRESTARTER_OPTIMIZE: Generation=5  Age=0  Best=0.00134796  Time=1.1001 Seconds  Run Time=12.0645 Seconds  TestError=0.00000006
FIRESTARTER_OPTIMIZE: Generation=6  Age=0  Best=0.00110239  Time=1.1069 Seconds  Run Time=13.1852 Seconds  TestError=0.00000042
FIRESTARTER_OPTIMIZE: Generation=7  Age=0  Best=0.00075848  Time=1.1059 Seconds  Run Time=14.4002 Seconds  TestError=0.00000143
