instructions = 32;
registers = 32;
opcodes = 2;
variations = 3;
samples = 15;

sampleMin = 0.000000f;
sampleMax = 6.283185f;
evolveScale = 0.100000f;
evolveStartScale = 4.000000f;
evolveStartResult = 10.000000f;
evolveCandidates = 16;

mode = FIRESTARTER_CODE;
states = 1;
units = 1;
process = 0;
population = 4352;
iterations = 256;
generations = 5;
precision = 0;
evolve = FIRESTARTER_EVOLVE_BEST;
attempts = 32;
seed = 0;

FIRESTARTER_CODE:FIRESTARTER_EVOLVE_BEST  Generation:   0  Best=0.08287990  Result=0.08287990  Best=0.08287990  Seed=C0A9496F  ResultHash=838C  ProgramHash=85E8
FIRESTARTER_CODE:FIRESTARTER_EVOLVE_BEST  Generation:   1  Best=0.08287990  Result=0.08421923  Best=0.08421923  Seed=C0A94974  ResultHash=7022  ProgramHash=1C74
FIRESTARTER_CODE:FIRESTARTER_EVOLVE_BEST  Generation:   2  Best=0.04181862  Result=0.04181862  Best=0.04181862  Seed=C0A94979  ResultHash=E0F9  ProgramHash=C936
FIRESTARTER_CODE:FIRESTARTER_EVOLVE_BEST  Generation:   3  Best=0.04107988  Result=0.04107988  Best=0.04107988  Seed=C0A9497E  ResultHash=7283  ProgramHash=9F98
FIRESTARTER_CODE:FIRESTARTER_EVOLVE_BEST  Generation:   4  Best=0.03041852  Result=0.03041852  Best=0.03041852  Seed=C0A94983  ResultHash=8A30  ProgramHash=C936
FIRESTARTER_CODE:FIRESTARTER_EVOLVE_BEST  Generation:   5  Best=0.03035051  Result=0.03035051  Best=0.03035051  Seed=C0A94988  ResultHash=5ED3  ProgramHash=C936
FIRESTARTER_CODE:FIRESTARTER_EVOLVE_BEST  Generation:   6  Best=0.02876580  Result=0.02876580  Best=0.02876580  Seed=C0A9498D  ResultHash=87A1  ProgramHash=C936
FIRESTARTER_CODE:FIRESTARTER_EVOLVE_BEST  Generation:   7  Best=0.02876580  Result=0.02879536  Best=0.02876580  Seed=C0A94992  ResultHash=923A  ProgramHash=9BA4
FIRESTARTER_CODE:FIRESTARTER_EVOLVE_BEST  Generation:   8  Best=0.02876580  Result=0.03117383  Best=0.02876580  Seed=C0A94997  ResultHash=6D01  ProgramHash=D041
FIRESTARTER_CODE:FIRESTARTER_EVOLVE_BEST  Generation:   9  Best=0.02876580  Result=0.03005856  Best=0.02876580  Seed=C0A9499C  ResultHash=E212  ProgramHash=C936
FIRESTARTER_CODE:FIRESTARTER_EVOLVE_BEST  Generation:  10  Best=0.02842429  Result=0.02842429  Best=0.02842429  Seed=C0A949A1  ResultHash=8BC6  ProgramHash=1669
