variations = 3;
samples = 15;
instructions = 32;
registers = 32;
opcodes = 2;

targetMin = 0.000000f;
targetMax = 6.283185f;

mode = FIRESTARTER_TEST;
units = 1;
processes = 0;
population = 69632;
iterations = 256;
candidates = 16;
generations = 100;
precision = 0;
evolve = FIRESTARTER_EVOLVE_BEST;
attempts = 10;
seed = 3490;
scale = 0.100000f;
startScale = 4.000000f;
startResult = 10.000000f;

FIRESTARTER_TEST: Generation=1  Seed=3490  Result=0.00132024  Average=0.00132024  Best=0.00132024  BestSeed=3490  Time=1.3917 Seconds  Run Time=4.6615 Seconds  TestError=0.00000000  V:0=0.00045979  V:1=0.00027633  V:2=0.00132024
FIRESTARTER_TEST: Generation=2  Seed=3491  Result=0.00144064  Average=0.00138044  Best=0.00132024  BestSeed=3490  Time=1.3232 Seconds  Run Time=5.9009 Seconds  TestError=0.00000000  V:0=0.00093335  V:1=0.00013578  V:2=0.00144064
FIRESTARTER_TEST: Generation=3  Seed=3492  Result=0.00141847  Average=0.00139312  Best=0.00132024  BestSeed=3490  Time=1.3462 Seconds  Run Time=7.2932 Seconds  TestError=0.00000000  V:0=0.00040098  V:1=0.00023496  V:2=0.00141847
FIRESTARTER_TEST: Generation=4  Seed=3493  Result=0.00011524  Average=0.00107365  Best=0.00011524  BestSeed=3493  Time=1.3195 Seconds  Run Time=8.5457 Seconds  TestError=0.00000000  V:0=0.00005724  V:1=0.00004637  V:2=0.00011524
FIRESTARTER_TEST: Generation=5  Seed=3494  Result=0.00174737  Average=0.00120839  Best=0.00011524  BestSeed=3493  Time=1.3236 Seconds  Run Time=9.8725 Seconds  TestError=0.00000000  V:0=0.00054431  V:1=0.00048220  V:2=0.00174737
FIRESTARTER_TEST: Generation=6  Seed=3495  Result=0.00089854  Average=0.00115675  Best=0.00011524  BestSeed=3493  Time=1.3186 Seconds  Run Time=11.1663 Seconds  TestError=0.00000000  V:0=0.00053596  V:1=0.00007623  V:2=0.00089854
FIRESTARTER_TEST: Generation=7  Seed=3496  Result=0.00078344  Average=0.00110342  Best=0.00011524  BestSeed=3493  Time=1.3448 Seconds  Run Time=12.6682 Seconds  TestError=0.00000000  V:0=0.00057761  V:1=0.00017369  V:2=0.00078344
FIRESTARTER_TEST: Generation=8  Seed=3497  Result=0.00149547  Average=0.00115243  Best=0.00011524  BestSeed=3493  Time=1.3620 Seconds  Run Time=14.1502 Seconds  TestError=0.00000000  V:0=0.00036493  V:1=0.00001591  V:2=0.00149547
FIRESTARTER_TEST: Generation=9  Seed=3498  Result=0.00183834  Average=0.00122864  Best=0.00011524  BestSeed=3493  Time=1.3850 Seconds  Run Time=15.7198 Seconds  TestError=0.00000000  V:0=0.00074479  V:1=0.00026667  V:2=0.00183834
FIRESTARTER_TEST: Generation=10  Seed=3499  Result=0.00088786  Average=0.00119456  Best=0.00011524  BestSeed=3493  Time=1.4016 Seconds  Run Time=17.2709 Seconds  TestError=0.00000000  V:0=0.00043756  V:1=0.00030077  V:2=0.00088786
