instructions = 32;
registers = 32;
opcodes = 2;
variations = 3;
samples = 15;

sampleMin = 0.000000f;
sampleMax = 6.283185f;
evolveFactor = 0.100000f;
evolveStartFactor = 4.000000f;
evolveStartResult = 10.000000f;
evolveCandidates = 16;

mode = FIRESTARTER_CODE;
states = 1;
units = 1;
process = 0;
population = 17408;
iterations = 256;
generations = 1;
precision = 0;
evolve = FIRESTARTER_EVOLVE_BEST;
attempts = 32;
seed = 0;

FIRESTARTER_CODE: Generation=0  Age=0  Best=0.34111124  Time=1.7702 Seconds  Run Time=4.4355 Seconds  TestError=0.00000000
FIRESTARTER_CODE: Generation=1  Age=0  Best=0.27284518  Time=1.2727 Seconds  Run Time=5.7346 Seconds  TestError=0.00000000
FIRESTARTER_CODE: Generation=2  Age=1  Best=0.27284518  Time=1.4312 Seconds  Run Time=7.2241 Seconds  TestError=0.00000000
FIRESTARTER_CODE: Generation=3  Age=2  Best=0.27284518  Time=1.4596 Seconds  Run Time=8.6957 Seconds  TestError=0.00000000
FIRESTARTER_CODE: Generation=4  Age=3  Best=0.27284518  Time=1.4773 Seconds  Run Time=10.2678 Seconds  TestError=0.00000000
FIRESTARTER_CODE: Generation=5  Age=4  Best=0.27284518  Time=1.4906 Seconds  Run Time=11.8401 Seconds  TestError=0.00000000
FIRESTARTER_CODE: Generation=6  Age=5  Best=0.27284518  Time=1.5216 Seconds  Run Time=13.4252 Seconds  TestError=0.00000000
FIRESTARTER_CODE: Generation=7  Age=6  Best=0.27284518  Time=1.5644 Seconds  Run Time=15.0198 Seconds  TestError=0.00000000
FIRESTARTER_CODE: Generation=8  Age=7  Best=0.27284518  Time=1.5926 Seconds  Run Time=16.7177 Seconds  TestError=0.00000000
FIRESTARTER_CODE: Generation=9  Age=8  Best=0.27284518  Time=1.6035 Seconds  Run Time=18.4017 Seconds  TestError=0.00000000
FIRESTARTER_CODE: Generation=10  Age=9  Best=0.27284518  Time=1.6056 Seconds  Run Time=20.0742 Seconds  TestError=0.00000000
