variations = 3;
samples = 15;
instructions = 32;
registers = 32;
opcodes = 2;

targetMin = 0.000000f;
targetMax = 6.283185f;

mode = FIRESTARTER_EVOLVE;
units = 1;
processes = 1;
population = 69632;
iterations = 256;
candidates = 16;
generations = 100;
precision = 0;
evolve = FIRESTARTER_EVOLVE_BEST;
attempts = 32;
seed = 3533;
scale = 0.100000f;
startScale = 4.000000f;
startResult = 10.000000f;

FIRESTARTER_EVOLVE: Seed=0  Generation=0  Age=0  Best=2.20769382  BestSeed=3533  Time=6.4476 Seconds  Run Time=7.9051 Seconds  TestError=0.00000000
FIRESTARTER_EVOLVE: Seed=1  Generation=1  Age=0  Best=1.82481635  BestSeed=3534  Time=6.1720 Seconds  Run Time=12.7136 Seconds  TestError=0.00000000
FIRESTARTER_EVOLVE: Seed=2  Generation=2  Age=1  Best=1.82481635  BestSeed=3534  Time=4.7137 Seconds  Run Time=14.5025 Seconds  TestError=0.00000000
FIRESTARTER_EVOLVE: Seed=3  Generation=3  Age=2  Best=1.82481635  BestSeed=3534  Time=3.9863 Seconds  Run Time=16.3063 Seconds  TestError=0.00000000
FIRESTARTER_EVOLVE: Seed=4  Generation=4  Age=3  Best=1.82481635  BestSeed=3534  Time=3.5476 Seconds  Run Time=18.0994 Seconds  TestError=0.00000000
FIRESTARTER_EVOLVE: Seed=5  Generation=5  Age=4  Best=1.82481635  BestSeed=3534  Time=3.5106 Seconds  Run Time=21.4251 Seconds  TestError=0.00000000
