instructions = 32;
registers = 32;
opcodes = 2;
variations = 3;
samples = 15;

sampleMin = 0.000000f;
sampleMax = 6.283185f;
evolveScale = 0.100000f;
evolveStartScale = 4.000000f;
evolveStartResult = 10.000000f;
evolveCandidates = 16;

mode = FIRESTARTER_CODE;
states = 1;
units = 1;
process = 0;
population = 4352;
iterations = 256;
generations = 5;
precision = 0;
evolve = FIRESTARTER_EVOLVE_BEST;
attempts = 32;
seed = 0;

FIRESTARTER_CODE: Generation=0  Age=0  Best=0.08287990  Time=2.2760 Seconds  Run Time=4.8393 Seconds  TestError=0.00000000
FIRESTARTER_CODE: Generation=1  Age=1  Best=0.08287990  Time=1.9266 Seconds  Run Time=6.8104 Seconds  TestError=0.00000000
FIRESTARTER_CODE: Generation=2  Age=0  Best=0.04181862  Time=2.0417 Seconds  Run Time=8.9252 Seconds  TestError=0.00000003
FIRESTARTER_CODE: Generation=3  Age=0  Best=0.04107988  Time=2.4440 Seconds  Run Time=11.4388 Seconds  TestError=0.00000000
FIRESTARTER_CODE: Generation=4  Age=0  Best=0.03041852  Time=2.4658 Seconds  Run Time=14.0130 Seconds  TestError=0.00000000
FIRESTARTER_CODE: Generation=5  Age=0  Best=0.03035051  Time=2.5507 Seconds  Run Time=16.6571 Seconds  TestError=0.00000006
FIRESTARTER_CODE: Generation=6  Age=0  Best=0.02876580  Time=2.6461 Seconds  Run Time=19.3116 Seconds  TestError=0.00000000
FIRESTARTER_CODE: Generation=7  Age=1  Best=0.02876580  Time=2.7477 Seconds  Run Time=22.0782 Seconds  TestError=0.00000000
FIRESTARTER_CODE: Generation=8  Age=2  Best=0.02876580  Time=2.6445 Seconds  Run Time=24.7502 Seconds  TestError=0.00000000
FIRESTARTER_CODE: Generation=9  Age=3  Best=0.02876580  Time=2.6762 Seconds  Run Time=27.4504 Seconds  TestError=0.00000000
FIRESTARTER_CODE: Generation=10  Age=0  Best=0.02842429  Time=2.6765 Seconds  Run Time=30.2248 Seconds  TestError=0.00000003
