variations = 3;
samples = 15;
instructions = 32;
registers = 32;
opcodes = 2;

targetMin = 0.000000f;
targetMax = 6.283185f;

mode = FIRESTARTER_CODE;
units = 1;
process = 0;
population = 17408;
iterations = 256;
candidates = 16;
generations = 1;
precision = 0;
evolve = FIRESTARTER_EVOLVE_BEST;
attempts = 32;
seed = 0;
scale = 0.100000f;
startScale = 4.000000f;
startResult = 10.000000f;

FIRESTARTER_CODE: Generation=0  Age=0  Best=0.32356846  Time=1.4867 Seconds  Run Time=4.0126 Seconds  TestError=0.00000000
FIRESTARTER_CODE: Generation=1  Age=0  Best=0.29700992  Time=0.4713 Seconds  Run Time=4.4948 Seconds  TestError=0.00000000
FIRESTARTER_CODE: Generation=2  Age=1  Best=0.29700992  Time=0.4390 Seconds  Run Time=5.0115 Seconds  TestError=0.00000000
FIRESTARTER_CODE: Generation=3  Age=2  Best=0.29700992  Time=0.4393 Seconds  Run Time=5.5623 Seconds  TestError=0.00000000
FIRESTARTER_CODE: Generation=4  Age=3  Best=0.29700992  Time=0.4438 Seconds  Run Time=6.0110 Seconds  TestError=0.00000000
FIRESTARTER_CODE: Generation=5  Age=4  Best=0.29700992  Time=0.4481 Seconds  Run Time=6.5695 Seconds  TestError=0.00000000
FIRESTARTER_CODE: Generation=6  Age=5  Best=0.29700992  Time=0.4528 Seconds  Run Time=7.1261 Seconds  TestError=0.00000000
