instructions = 32;
registers = 32;
opcodes = 2;
variations = 3;
samples = 15;

sampleMin = 0.000000f;
sampleMax = 6.283185f;
evolveFactor = 0.100000f;
evolveStartFactor = 4.000000f;
evolveStartResult = 10.000000f;
evolveCandidates = 16;

mode = FIRESTARTER_CODE;
states = 1;
units = 1;
process = 0;
population = 4352;
iterations = 256;
generations = 5;
precision = 0;
evolve = FIRESTARTER_EVOLVE_BEST;
attempts = 32;
seed = 0;

FIRESTARTER_CODE: Generation=0  Age=0  Best=0.08713059  Time=1.9333 Seconds  Run Time=4.9106 Seconds  TestError=0.08713062
FIRESTARTER_CODE: Generation=1  Age=0  Best=0.07458533  Time=1.5049 Seconds  Run Time=6.4742 Seconds  TestError=0.07458533
FIRESTARTER_CODE: Generation=2  Age=0  Best=0.06571960  Time=1.5221 Seconds  Run Time=8.0326 Seconds  TestError=0.06571960
FIRESTARTER_CODE: Generation=3  Age=0  Best=0.03886360  Time=1.5387 Seconds  Run Time=9.5961 Seconds  TestError=0.03886360
FIRESTARTER_CODE: Generation=4  Age=0  Best=0.02301764  Time=1.5518 Seconds  Run Time=11.2627 Seconds  TestError=0.02301764
FIRESTARTER_CODE: Generation=5  Age=1  Best=0.02301764  Time=1.5781 Seconds  Run Time=12.9435 Seconds  TestError=0.02301764
FIRESTARTER_CODE: Generation=6  Age=0  Best=0.01976925  Time=1.6176 Seconds  Run Time=14.6435 Seconds  TestError=0.01976924
FIRESTARTER_CODE: Generation=7  Age=0  Best=0.01846039  Time=1.6545 Seconds  Run Time=16.3351 Seconds  TestError=0.01846039
FIRESTARTER_CODE: Generation=8  Age=0  Best=0.01676595  Time=1.7277 Seconds  Run Time=18.1787 Seconds  TestError=0.01676595
FIRESTARTER_CODE: Generation=9  Age=0  Best=0.01490623  Time=1.8025 Seconds  Run Time=20.0177 Seconds  TestError=0.01490623
FIRESTARTER_CODE: Generation=10  Age=0  Best=0.01355040  Time=1.8395 Seconds  Run Time=21.9337 Seconds  TestError=0.01355040
