variations = 3;
samples = 15;
instructions = 32;
registers = 32;
opcodes = 2;

targetMin = 0.000000f;
targetMax = 6.283185f;

mode = FIRESTARTER_OPTIMIZE;
units = 1;
process = 0;
population = 139264;
iterations = 512;
candidates = 16;
generations = 100;
precision = 256;
evolve = FIRESTARTER_EVOLVE_BEST;
attempts = 32;
seed = 0;
scale = 0.100000f;
startScale = 4.000000f;
startResult = 10.000000f;

FIRESTARTER_OPTIMIZE: Generation=0  Age=0  Best=10.00000000  Time=3.6780 Seconds  Run Time=6.2362 Seconds  TestError=0.00000734
FIRESTARTER_OPTIMIZE: Generation=1  Age=1  Best=10.00000000  Time=0.8590 Seconds  Run Time=7.1691 Seconds  TestError=0.00000734
FIRESTARTER_OPTIMIZE: Generation=2  Age=2  Best=10.00000000  Time=0.8764 Seconds  Run Time=8.0659 Seconds  TestError=0.00000734
FIRESTARTER_OPTIMIZE: Generation=3  Age=3  Best=10.00000000  Time=0.9340 Seconds  Run Time=9.0061 Seconds  TestError=0.00000734
FIRESTARTER_OPTIMIZE: Generation=4  Age=4  Best=10.00000000  Time=0.9870 Seconds  Run Time=10.0572 Seconds  TestError=0.00000734
FIRESTARTER_OPTIMIZE: Generation=5  Age=5  Best=10.00000000  Time=1.0557 Seconds  Run Time=11.1240 Seconds  TestError=0.00000734
FIRESTARTER_OPTIMIZE: Generation=6  Age=6  Best=10.00000000  Time=1.1541 Seconds  Run Time=12.3209 Seconds  TestError=0.00000734
