variations = 3;
samples = 15;
instructions = 32;
registers = 32;
opcodes = 2;

targetMin = 0.000000f;
targetMax = 6.283185f;

mode = FIRESTARTER_EVOLVE;
units = 1;
processes = 1;
population = 69632;
iterations = 256;
candidates = 16;
generations = 100;
precision = 0;
evolve = FIRESTARTER_EVOLVE_BEST;
attempts = 32;
seed = 3533;
scale = 0.100000f;
startScale = 4.000000f;
startResult = 10.000000f;

FIRESTARTER_EVOLVE: Seed=0  Generation=0  Age=0  Best=0.00094986  BestSeed=3533  Time=2.1277 Seconds  Run Time=3.5340 Seconds  TestError=0.00000001
FIRESTARTER_EVOLVE: Seed=1  Generation=1  Age=0  Best=0.00080177  BestSeed=3534  Time=2.5575 Seconds  Run Time=5.4562 Seconds  TestError=0.00000026
FIRESTARTER_EVOLVE: Seed=2  Generation=2  Age=1  Best=0.00080177  BestSeed=3534  Time=2.3166 Seconds  Run Time=7.2819 Seconds  TestError=0.00000006
FIRESTARTER_EVOLVE: Seed=3  Generation=3  Age=0  Best=0.00055140  BestSeed=3536  Time=2.2026 Seconds  Run Time=9.1515 Seconds  TestError=0.00000060
FIRESTARTER_EVOLVE: Seed=4  Generation=4  Age=0  Best=0.00034928  BestSeed=3537  Time=2.1449 Seconds  Run Time=11.0658 Seconds  TestError=0.00000101
FIRESTARTER_EVOLVE: Seed=5  Generation=5  Age=1  Best=0.00034928  BestSeed=3537  Time=2.0626 Seconds  Run Time=12.7077 Seconds  TestError=0.00000101
FIRESTARTER_EVOLVE: Seed=6  Generation=6  Age=2  Best=0.00034928  BestSeed=3537  Time=2.2197 Seconds  Run Time=15.8703 Seconds  TestError=4.29106808
FIRESTARTER_EVOLVE: Seed=7  Generation=7  Age=3  Best=0.00034928  BestSeed=3537  Time=2.3305 Seconds  Run Time=18.9759 Seconds  TestError=433.72186279
