instructions = 32;
registers = 32;
opcodes = 2;
variations = 3;
samples = 15;

sampleMin = 0.000000f;
sampleMax = 6.283185f;
evolveFactor = 0.100000f;
evolveStartFactor = 4.000000f;
evolveStartResult = 10.000000f;
evolveCandidates = 16;

mode = FIRESTARTER_CODE;
states = 1;
units = 1;
process = 0;
population = 4352;
iterations = 256;
generations = 5;
precision = 0;
evolve = FIRESTARTER_EVOLVE_BEST;
attempts = 32;
seed = 0;

FIRESTARTER_CODE: Generation=0  Age=0  Best=0.11925226  Time=2.1047 Seconds  Run Time=5.1570 Seconds  TestError=0.00000000
FIRESTARTER_CODE: Generation=1  Age=0  Best=0.07023704  Time=1.5395 Seconds  Run Time=6.7126 Seconds  TestError=0.00000000
FIRESTARTER_CODE: Generation=2  Age=0  Best=0.06068861  Time=1.4938 Seconds  Run Time=8.3121 Seconds  TestError=0.00000000
FIRESTARTER_CODE: Generation=3  Age=1  Best=0.06068861  Time=1.4991 Seconds  Run Time=9.8581 Seconds  TestError=0.00000000
FIRESTARTER_CODE: Generation=4  Age=2  Best=0.06068861  Time=1.5189 Seconds  Run Time=11.3998 Seconds  TestError=0.00000000
FIRESTARTER_CODE: Generation=5  Age=3  Best=0.06068861  Time=1.5370 Seconds  Run Time=12.9563 Seconds  TestError=0.00000000
FIRESTARTER_CODE: Generation=6  Age=4  Best=0.06068861  Time=1.5698 Seconds  Run Time=14.6305 Seconds  TestError=0.00000000
FIRESTARTER_CODE: Generation=7  Age=5  Best=0.06068861  Time=1.6002 Seconds  Run Time=16.3267 Seconds  TestError=0.00000000
FIRESTARTER_CODE: Generation=8  Age=6  Best=0.06068861  Time=1.6018 Seconds  Run Time=17.9924 Seconds  TestError=0.00000000
FIRESTARTER_CODE: Generation=9  Age=7  Best=0.06068861  Time=1.6492 Seconds  Run Time=19.7010 Seconds  TestError=0.00000000
