variations = 3;
samples = 15;
instructions = 32;
registers = 32;
opcodes = 2;

targetMin = 0.000000f;
targetMax = 6.283185f;

mode = FIRESTARTER_UNIT;
units = 4;
processes = 0;
population = 69632;
iterations = 128;
candidates = 16;
generations = 100;
precision = 256;
evolve = FIRESTARTER_EVOLVE_BEST;
attempts = 32;
seed = 8337;
scale = 0.100000f;
startScale = 4.000000f;
startResult = 10.000000f;

variations = 3;
samples = 15;
instructions = 32;
registers = 32;
opcodes = 2;

targetMin = 0.000000f;
targetMax = 6.283185f;

mode = FIRESTARTER_UNIT;
units = 4;
processes = 0;
population = 69632;
iterations = 128;
candidates = 16;
generations = 100;
precision = 256;
evolve = FIRESTARTER_EVOLVE_BEST;
attempts = 32;
seed = 8337;
scale = 0.100000f;
startScale = 4.000000f;
startResult = 10.000000f;

FIRESTARTER_UNIT: Generation=0  Age=0  Best=0.00002658  Time=9.7813 Seconds  Run Time=12.6745 Seconds  TestError=0.00000012
FIRESTARTER_UNIT: Generation=1  Age=1  Best=0.00002658  Time=1.5851 Seconds  Run Time=14.3347 Seconds  TestError=0.00000012
FIRESTARTER_UNIT: Generation=2  Age=2  Best=0.00002658  Time=1.3483 Seconds  Run Time=15.7639 Seconds  TestError=0.00000012
FIRESTARTER_UNIT: Generation=3  Age=3  Best=0.00002658  Time=1.3158 Seconds  Run Time=17.1760 Seconds  TestError=0.00000012
FIRESTARTER_UNIT: Generation=4  Age=4  Best=0.00002658  Time=1.2590 Seconds  Run Time=18.4546 Seconds  TestError=0.00000012
FIRESTARTER_UNIT: Generation=5  Age=5  Best=0.00002658  Time=1.3642 Seconds  Run Time=19.8733 Seconds  TestError=0.00000012
FIRESTARTER_UNIT: Generation=6  Age=6  Best=0.00002658  Time=1.2662 Seconds  Run Time=21.2163 Seconds  TestError=0.00000012
FIRESTARTER_UNIT: Generation=7  Age=7  Best=0.00002658  Time=1.3424 Seconds  Run Time=22.6152 Seconds  TestError=0.00000012
FIRESTARTER_UNIT: Generation=8  Age=8  Best=0.00002658  Time=1.3131 Seconds  Run Time=24.0289 Seconds  TestError=0.00000012
FIRESTARTER_UNIT: Generation=9  Age=9  Best=0.00002658  Time=1.3928 Seconds  Run Time=25.4442 Seconds  TestError=0.00000012
FIRESTARTER_UNIT: Generation=10  Age=10  Best=0.00002658  Time=1.4438 Seconds  Run Time=26.9291 Seconds  TestError=0.00000012
FIRESTARTER_UNIT: Generation=11  Age=11  Best=0.00002658  Time=1.3052 Seconds  Run Time=28.3396 Seconds  TestError=0.00000012
FIRESTARTER_UNIT: Generation=12  Age=12  Best=0.00002658  Time=1.5032 Seconds  Run Time=29.8766 Seconds  TestError=0.00000012
FIRESTARTER_UNIT: Generation=13  Age=13  Best=0.00002658  Time=1.5574 Seconds  Run Time=31.4845 Seconds  TestError=0.00000012
FIRESTARTER_UNIT: Generation=14  Age=14  Best=0.00002658  Time=1.3095 Seconds  Run Time=32.8954 Seconds  TestError=0.00000012
FIRESTARTER_UNIT: Generation=15  Age=15  Best=0.00002658  Time=1.5627 Seconds  Run Time=34.5698 Seconds  TestError=0.00000012
FIRESTARTER_UNIT: Generation=16  Age=16  Best=0.00002658  Time=1.4038 Seconds  Run Time=36.0705 Seconds  TestError=0.00000012
FIRESTARTER_UNIT: Generation=17  Age=17  Best=0.00002658  Time=1.4030 Seconds  Run Time=37.5080 Seconds  TestError=0.00000012
FIRESTARTER_UNIT: Generation=18  Age=18  Best=0.00002658  Time=1.6998 Seconds  Run Time=39.2266 Seconds  TestError=0.00000012
FIRESTARTER_UNIT: Generation=19  Age=19  Best=0.00002658  Time=1.3860 Seconds  Run Time=40.6772 Seconds  TestError=0.00000012
FIRESTARTER_UNIT: Generation=20  Age=20  Best=0.00002658  Time=1.2920 Seconds  Run Time=42.0264 Seconds  TestError=0.00000012
FIRESTARTER_UNIT: Generation=21  Age=21  Best=0.00002658  Time=1.4843 Seconds  Run Time=43.5340 Seconds  TestError=0.00000012
FIRESTARTER_UNIT: Generation=22  Age=22  Best=0.00002658  Time=1.6373 Seconds  Run Time=45.2375 Seconds  TestError=0.00000012
FIRESTARTER_UNIT: Generation=23  Age=23  Best=0.00002658  Time=1.5027 Seconds  Run Time=46.7601 Seconds  TestError=0.00000012
FIRESTARTER_UNIT: Generation=24  Age=24  Best=0.00002658  Time=1.8271 Seconds  Run Time=48.6120 Seconds  TestError=0.00000012
