variations = 3;
samples = 15;
instructions = 32;
registers = 32;
opcodes = 2;

targetMin = 0.000000f;
targetMax = 6.283185f;

mode = FIRESTARTER_CODE;
units = 1;
process = 0;
population = 4352;
iterations = 256;
candidates = 16;
generations = 5;
precision = 0;
evolve = FIRESTARTER_EVOLVE_BEST;
attempts = 32;
seed = 1;
scale = 0.100000f;
startScale = 4.000000f;
startResult = 10.000000f;

FIRESTARTER_CODE: Generation=0  Age=0  Best=0.14174640  Time=2.0403 Seconds  Run Time=4.8249 Seconds  TestError=0.00000000
FIRESTARTER_CODE: Generation=1  Age=0  Best=0.08845609  Time=0.7433 Seconds  Run Time=5.6106 Seconds  TestError=0.00000000
FIRESTARTER_CODE: Generation=2  Age=0  Best=0.07856441  Time=0.7467 Seconds  Run Time=6.3880 Seconds  TestError=0.00000000
FIRESTARTER_CODE: Generation=3  Age=1  Best=0.07856441  Time=0.7544 Seconds  Run Time=7.1632 Seconds  TestError=0.00000000
FIRESTARTER_CODE: Generation=4  Age=2  Best=0.07856441  Time=0.7583 Seconds  Run Time=7.9382 Seconds  TestError=0.00000000
FIRESTARTER_CODE: Generation=5  Age=3  Best=0.07856441  Time=0.7716 Seconds  Run Time=8.8218 Seconds  TestError=0.00000000
FIRESTARTER_CODE: Generation=6  Age=0  Best=0.06272268  Time=0.7832 Seconds  Run Time=9.7209 Seconds  TestError=0.00000000
