instructions = 32;
registers = 32;
opcodes = 2;
variations = 3;
samples = 15;

sampleMin = 0.000000f;
sampleMax = 6.283185f;
evolveScale = 0.100000f;
evolveStartScale = 4.000000f;
evolveStartResult = 10.000000f;
evolveCandidates = 16;

mode = FIRESTARTER_CODE;
states = 1;
units = 1;
process = 0;
population = 4352;
iterations = 256;
generations = 5;
precision = 0;
evolve = FIRESTARTER_EVOLVE_BEST;
attempts = 32;
seed = 0;

FIRESTARTER_CODE: Generation=0  Age=0  Best=0.07114446  Time=2.1629 Seconds  Run Time=4.7276 Seconds  TestError=0.00000000
FIRESTARTER_CODE: Generation=1  Age=1  Best=0.07114446  Time=1.6620 Seconds  Run Time=6.4624 Seconds  TestError=0.00000000
FIRESTARTER_CODE: Generation=2  Age=2  Best=0.07114446  Time=1.8051 Seconds  Run Time=8.2722 Seconds  TestError=0.00000000
FIRESTARTER_CODE: Generation=3  Age=0  Best=0.05234897  Time=1.8845 Seconds  Run Time=10.2325 Seconds  TestError=0.00000000
FIRESTARTER_CODE: Generation=4  Age=0  Best=0.04397082  Time=2.0176 Seconds  Run Time=12.3456 Seconds  TestError=0.00000000
FIRESTARTER_CODE: Generation=5  Age=1  Best=0.04397082  Time=2.0543 Seconds  Run Time=14.4813 Seconds  TestError=0.00000000
FIRESTARTER_CODE: Generation=6  Age=2  Best=0.04397082  Time=2.1821 Seconds  Run Time=16.7162 Seconds  TestError=0.00000000
FIRESTARTER_CODE: Generation=7  Age=0  Best=0.04220384  Time=2.2108 Seconds  Run Time=18.9672 Seconds  TestError=0.00000000
FIRESTARTER_CODE: Generation=8  Age=1  Best=0.04220384  Time=2.2612 Seconds  Run Time=21.2395 Seconds  TestError=0.00000000
