variations = 3;
samples = 15;
instructions = 32;
registers = 32;
opcodes = 2;

targetMin = 0.000000f;
targetMax = 6.283185f;

mode = FIRESTARTER_TEST;
units = 1;
processes = 0;
population = 69632;
iterations = 256;
candidates = 16;
generations = 100;
precision = 0;
evolve = FIRESTARTER_EVOLVE_BEST;
attempts = 10;
seed = 320;
scale = 0.100000f;
startScale = 4.000000f;
startResult = 10.000000f;

FIRESTARTER_TEST: Seed=320  Generation=0  Result=0.00244504  Average=0.00244504  Best=0.00244504  BestSeed=320  Time=0.8012 Seconds  Run Time=3.8935 Seconds  TestError=0.00000012  V:0=0.00110596  V:1=0.00012374  V:2=0.00244504
FIRESTARTER_TEST: Seed=321  Generation=1  Result=0.00258522  Average=0.00251513  Best=0.00244504  BestSeed=320  Time=0.7759 Seconds  Run Time=4.6327 Seconds  TestError=0.00000024  V:0=0.00110120  V:1=0.00032890  V:2=0.00258522
FIRESTARTER_TEST: Seed=322  Generation=2  Result=0.00085413  Average=0.00196146  Best=0.00085413  BestSeed=322  Time=0.7822 Seconds  Run Time=5.4377 Seconds  TestError=0.00000012  V:0=0.00085413  V:1=0.00020599  V:2=0.00062394
FIRESTARTER_TEST: Seed=323  Generation=3  Result=0.00066185  Average=0.00163656  Best=0.00066185  BestSeed=323  Time=0.7774 Seconds  Run Time=6.2027 Seconds  TestError=0.00000238  V:0=0.00020942  V:1=0.00066185  V:2=0.00060219
FIRESTARTER_TEST: Seed=324  Generation=4  Result=0.00507259  Average=0.00232377  Best=0.00066185  BestSeed=323  Time=0.7788 Seconds  Run Time=6.9751 Seconds  TestError=0.00000078  V:0=0.00056469  V:1=0.00019228  V:2=0.00507259
FIRESTARTER_TEST: Seed=325  Generation=5  Result=0.17369831  Average=0.03088619  Best=0.00066185  BestSeed=323  Time=0.7757 Seconds  Run Time=7.7349 Seconds  TestError=0.00000118  V:0=0.09842169  V:1=0.06327748  V:2=0.17369831
FIRESTARTER_TEST: Seed=326  Generation=6  Result=0.32501245  Average=0.07290423  Best=0.00066185  BestSeed=323  Time=0.7825 Seconds  Run Time=8.5586 Seconds  TestError=0.00000012  V:0=0.31922916  V:1=0.32501245  V:2=0.20144954
FIRESTARTER_TEST: Seed=327  Generation=7  Result=0.00022531  Average=0.06381936  Best=0.00022531  BestSeed=327  Time=0.7807 Seconds  Run Time=9.3371 Seconds  TestError=0.00000032  V:0=0.00014982  V:1=0.00022531  V:2=0.00015483
FIRESTARTER_TEST: Seed=328  Generation=8  Result=0.01995793  Average=0.05894587  Best=0.00022531  BestSeed=327  Time=0.7962 Seconds  Run Time=10.2465 Seconds  TestError=0.00000021  V:0=0.01103330  V:1=0.00939390  V:2=0.01995793
FIRESTARTER_TEST: Seed=329  Generation=9  Result=1.48324537  Average=0.20137581  Best=0.00022531  BestSeed=327  Time=0.8039 Seconds  Run Time=11.1203 Seconds  TestError=0.00000003  V:0=0.97492790  V:1=1.48324537  V:2=0.20144954
