CUDA devices = 1
Device 0: NVIDIA GeForce RTX 4090

variations = 3
samples = 15
instructions = 32
registers = 32
opcodes = 2

targetMin = 0.000000f
targetMax = 6.283185f

mode = FIRESTARTER_TEST
units = 1
processes = 0
iterations = 64
candidates = 16
generations = 100
precision = 0
attempts = 32
seed = 10484
scale = 0.100000f
startScale = 2.000000f
startResult = 10.000000f

FIRESTARTER_TEST: Seed=10484  Test=0  Generation=0  Age=0 *Result=10.00000000  Best=10.00000000  BestGen=0  Time=0.0000 Seconds  Run Time=1.6976 Seconds  TestError=0.00000000
