variations = 3;
samples = 15;
instructions = 32;
registers = 32;
opcodes = 2;

targetMin = 0.000000f;
targetMax = 6.283185f;

mode = FIRESTARTER_CODE;
states = 1;
units = 1;
process = 0;
population = 4352;
iterations = 256;
candidates = 16;
generations = 5;
precision = 0;
evolve = FIRESTARTER_EVOLVE_BEST;
attempts = 32;
seed = 0;
scale = 0.100000f;
startScale = 4.000000f;
startResult = 10.000000f;

FIRESTARTER_CODE: Generation=0  Age=0  Best=0.08713059  Time=2.0539 Seconds  Run Time=4.9381 Seconds  TestError=0.00000003
FIRESTARTER_CODE: Generation=1  Age=0  Best=0.07458533  Time=1.6071 Seconds  Run Time=6.6224 Seconds  TestError=0.00000000
FIRESTARTER_CODE: Generation=2  Age=0  Best=0.06571960  Time=1.6259 Seconds  Run Time=8.2992 Seconds  TestError=0.00000000
FIRESTARTER_CODE: Generation=3  Age=0  Best=0.03886360  Time=1.6608 Seconds  Run Time=9.9956 Seconds  TestError=0.00000000
FIRESTARTER_CODE: Generation=4  Age=0  Best=0.02301764  Time=1.6645 Seconds  Run Time=11.7620 Seconds  TestError=0.00000000
FIRESTARTER_CODE: Generation=5  Age=1  Best=0.02301764  Time=1.6677 Seconds  Run Time=13.5214 Seconds  TestError=0.00000000
FIRESTARTER_CODE: Generation=6  Age=0  Best=0.01976925  Time=1.7322 Seconds  Run Time=15.3612 Seconds  TestError=0.00000001
FIRESTARTER_CODE: Generation=7  Age=0  Best=0.01846039  Time=1.7292 Seconds  Run Time=17.1123 Seconds  TestError=0.00000000
