variations = 3;
samples = 15;
instructions = 32;
registers = 32;
opcodes = 2;

targetMin = 0.000000f;
targetMax = 6.283185f;

mode = FIRESTARTER_CODE;
units = 1;
process = 0;
population = 4352;
iterations = 256;
candidates = 16;
generations = 5;
precision = 0;
evolve = FIRESTARTER_EVOLVE_BEST;
attempts = 32;
seed = 1;
scale = 0.100000f;
startScale = 4.000000f;
startResult = 10.000000f;

FIRESTARTER_CODE: Generation=0  Age=0  Best=0.31835011  Time=2.1053 Seconds  Run Time=4.6153 Seconds  TestError=0.00000003
FIRESTARTER_CODE: Generation=1  Age=0  Best=0.27221471  Time=1.0466 Seconds  Run Time=5.6775 Seconds  TestError=0.00000000
FIRESTARTER_CODE: Generation=2  Age=1  Best=0.27221471  Time=1.1772 Seconds  Run Time=6.9056 Seconds  TestError=0.00000000
FIRESTARTER_CODE: Generation=3  Age=2  Best=0.27221471  Time=1.2124 Seconds  Run Time=8.1545 Seconds  TestError=0.00000000
FIRESTARTER_CODE: Generation=4  Age=3  Best=0.27221471  Time=1.2264 Seconds  Run Time=9.4877 Seconds  TestError=0.00000000
FIRESTARTER_CODE: Generation=5  Age=4  Best=0.27221471  Time=1.2989 Seconds  Run Time=10.8842 Seconds  TestError=0.00000000
FIRESTARTER_CODE: Generation=6  Age=5  Best=0.27221471  Time=1.3531 Seconds  Run Time=12.2655 Seconds  TestError=0.00000000
