variations = 3;
samples = 15;
instructions = 32;
registers = 32;
opcodes = 2;

targetMin = 0.000000f;
targetMax = 6.283185f;

mode = FIRESTARTER_CODE;
units = 1;
process = 0;
population = 17408;
iterations = 512;
candidates = 16;
generations = 1;
precision = 0;
evolve = FIRESTARTER_EVOLVE_BEST;
attempts = 32;
seed = 0;
scale = 0.100000f;
startScale = 4.000000f;
startResult = 10.000000f;

FIRESTARTER_CODE: Generation=0  Age=0  Best=0.21414304  Time=2.2675 Seconds  Run Time=4.8255 Seconds  TestError=0.00000000
FIRESTARTER_CODE: Generation=1  Age=1  Best=0.21414304  Time=0.9845 Seconds  Run Time=5.8918 Seconds  TestError=0.00000000
FIRESTARTER_CODE: Generation=2  Age=2  Best=0.21414304  Time=1.0555 Seconds  Run Time=6.9650 Seconds  TestError=0.00000000
FIRESTARTER_CODE: Generation=3  Age=3  Best=0.21414304  Time=1.0930 Seconds  Run Time=8.1112 Seconds  TestError=0.00000000
FIRESTARTER_CODE: Generation=4  Age=4  Best=0.21414304  Time=1.1253 Seconds  Run Time=9.2544 Seconds  TestError=0.00000000
FIRESTARTER_CODE: Generation=5  Age=5  Best=0.21414304  Time=1.1450 Seconds  Run Time=10.4936 Seconds  TestError=0.00000000
FIRESTARTER_CODE: Generation=6  Age=6  Best=0.21414304  Time=1.2270 Seconds  Run Time=11.8016 Seconds  TestError=0.00000000
FIRESTARTER_CODE: Generation=7  Age=7  Best=0.21414304  Time=1.1996 Seconds  Run Time=13.1085 Seconds  TestError=0.00000000
FIRESTARTER_CODE: Generation=8  Age=8  Best=0.21414304  Time=1.1970 Seconds  Run Time=14.3274 Seconds  TestError=0.00000000
FIRESTARTER_CODE: Generation=9  Age=9  Best=0.21414304  Time=1.2151 Seconds  Run Time=15.5645 Seconds  TestError=0.00000000
