variations = 3;
samples = 15;
instructions = 32;
registers = 32;
opcodes = 2;

targetMin = 0.000000f;
targetMax = 6.283185f;

mode = FIRESTARTER_TEST;
units = 1;
processes = 0;
population = 69632;
iterations = 256;
candidates = 16;
generations = 100;
precision = 0;
evolve = FIRESTARTER_EVOLVE_BEST;
attempts = 10;
seed = 5530;
scale = 0.100000f;
startScale = 4.000000f;
startResult = 10.000000f;

FIRESTARTER_TEST: Seed=5530  Generation=0  Result=0.00109944  Average=0.00000000  Best=10.00000000  BestSeed=0  Time=0.0000 Seconds  Run Time=7.7648 Seconds  TestError=0.00000000  V:0=0.00109944  V:1=0.00008643  V:2=0.00082865
FIRESTARTER_TEST: Seed=5531  Generation=1  Result=0.01640758  Average=0.00109944  Best=0.00109944  BestSeed=5530  Time=1.4077 Seconds  Run Time=9.4453 Seconds  TestError=0.00000000  V:0=0.00621885  V:1=0.00975168  V:2=0.01640758
FIRESTARTER_TEST: Seed=5532  Generation=2  Result=0.01637661  Average=0.00875351  Best=0.00109944  BestSeed=5530  Time=1.5439 Seconds  Run Time=11.0502 Seconds  TestError=0.00000000  V:0=0.00616181  V:1=0.00733864  V:2=0.01637661
FIRESTARTER_TEST: Seed=5533  Generation=3  Result=0.00091596  Average=0.01129454  Best=0.00109944  BestSeed=5530  Time=1.5643 Seconds  Run Time=12.7732 Seconds  TestError=0.00000000  V:0=0.00091596  V:1=0.00019789  V:2=0.00048304
FIRESTARTER_TEST: Seed=5534  Generation=4  Result=0.00054479  Average=0.00869990  Best=0.00091596  BestSeed=5533  Time=1.6040 Seconds  Run Time=14.6376 Seconds  TestError=0.00000000  V:0=0.00044373  V:1=0.00041890  V:2=0.00054479
FIRESTARTER_TEST: Seed=5535  Generation=5  Result=0.00067043  Average=0.00706888  Best=0.00054479  BestSeed=5534  Time=1.6560 Seconds  Run Time=16.7175 Seconds  TestError=0.00000000  V:0=0.00046264  V:1=0.00004613  V:2=0.00067043
FIRESTARTER_TEST: Seed=5536  Generation=6  Result=0.00001758  Average=0.00600247  Best=0.00054479  BestSeed=5534  Time=1.7267 Seconds  Run Time=18.9843 Seconds  TestError=0.00000000  V:0=0.00000355  V:1=0.00000799  V:2=0.00001758
FIRESTARTER_TEST: Seed=5537  Generation=7  Result=1.48324537  Average=0.00514748  Best=0.00001758  BestSeed=5536  Time=1.8038 Seconds  Run Time=21.2666 Seconds  TestError=0.00000000  V:0=0.97492790  V:1=1.48324537  V:2=0.20144954
FIRESTARTER_TEST: Seed=5538  Generation=8  Result=0.01297796  Average=0.18990973  Best=0.00001758  BestSeed=5536  Time=1.8637 Seconds  Run Time=23.5106 Seconds  TestError=0.00000000  V:0=0.00305247  V:1=0.00138581  V:2=0.01297796
FIRESTARTER_TEST: Seed=5539  Generation=9  Result=0.00296474  Average=0.17025064  Best=0.00001758  BestSeed=5536  Time=1.9059 Seconds  Run Time=25.8525 Seconds  TestError=0.00000000  V:0=0.00024790  V:1=0.00015342  V:2=0.00296474
