variations = 3;
samples = 15;
instructions = 32;
registers = 32;
opcodes = 2;

targetMin = 0.000000f;
targetMax = 6.283185f;

mode = FIRESTARTER_CODE;
units = 1;
process = 0;
population = 4352;
iterations = 256;
candidates = 16;
generations = 5;
precision = 0;
evolve = FIRESTARTER_EVOLVE_BEST;
attempts = 32;
seed = 0;
scale = 0.100000f;
startScale = 4.000000f;
startResult = 10.000000f;

FIRESTARTER_CODE: Generation=0  Age=0  Best=0.12110267  Time=1.7432 Seconds  Run Time=4.5565 Seconds  TestError=0.00000000
FIRESTARTER_CODE: Generation=1  Age=0  Best=0.07445967  Time=0.6868 Seconds  Run Time=5.3484 Seconds  TestError=0.00000003
FIRESTARTER_CODE: Generation=2  Age=0  Best=0.04159534  Time=0.7028 Seconds  Run Time=6.1416 Seconds  TestError=0.00000000
FIRESTARTER_CODE: Generation=3  Age=0  Best=0.03118777  Time=0.7305 Seconds  Run Time=6.9410 Seconds  TestError=0.00000000
FIRESTARTER_CODE: Generation=4  Age=0  Best=0.02253697  Time=0.7530 Seconds  Run Time=7.7392 Seconds  TestError=0.00000000
FIRESTARTER_CODE: Generation=5  Age=0  Best=0.01912910  Time=0.7719 Seconds  Run Time=8.5288 Seconds  TestError=0.00000006
FIRESTARTER_CODE: Generation=6  Age=0  Best=0.01676255  Time=0.7749 Seconds  Run Time=9.4161 Seconds  TestError=0.00000000
FIRESTARTER_CODE: Generation=7  Age=0  Best=0.01338571  Time=0.7934 Seconds  Run Time=10.3204 Seconds  TestError=0.00000000
FIRESTARTER_CODE: Generation=8  Age=0  Best=0.01044011  Time=0.7957 Seconds  Run Time=11.2106 Seconds  TestError=0.00000000
