variations = 3;
samples = 15;
instructions = 32;
registers = 32;
opcodes = 2;

targetMin = 0.000000f;
targetMax = 6.283185f;

mode = FIRESTARTER_CODE;
units = 1;
process = 0;
population = 17408;
iterations = 256;
candidates = 16;
generations = 1;
precision = 0;
evolve = FIRESTARTER_EVOLVE_BEST;
attempts = 32;
seed = 0;
scale = 0.100000f;
startScale = 4.000000f;
startResult = 10.000000f;

FIRESTARTER_CODE: Generation=0  Age=0  Best=0.32356846  Time=1.9190 Seconds  Run Time=4.7128 Seconds  TestError=0.00000000
FIRESTARTER_CODE: Generation=1  Age=0  Best=0.29700992  Time=0.7443 Seconds  Run Time=5.4959 Seconds  TestError=0.00000000
FIRESTARTER_CODE: Generation=2  Age=1  Best=0.29700992  Time=0.7752 Seconds  Run Time=6.2910 Seconds  TestError=0.00000000
FIRESTARTER_CODE: Generation=3  Age=2  Best=0.29700992  Time=0.7802 Seconds  Run Time=7.1736 Seconds  TestError=0.00000000
FIRESTARTER_CODE: Generation=4  Age=3  Best=0.29700992  Time=0.7800 Seconds  Run Time=8.0570 Seconds  TestError=0.00000000
FIRESTARTER_CODE: Generation=5  Age=4  Best=0.29700992  Time=0.7770 Seconds  Run Time=8.9384 Seconds  TestError=0.00000000
FIRESTARTER_CODE: Generation=6  Age=5  Best=0.29700992  Time=0.7865 Seconds  Run Time=9.8292 Seconds  TestError=0.00000000
FIRESTARTER_CODE: Generation=7  Age=6  Best=0.29700992  Time=0.7829 Seconds  Run Time=10.7003 Seconds  TestError=0.00000000
