CUDA devices = 1
Device 0: NVIDIA GeForce RTX 4090

variations = 3
samples = 15
instructions = 32
registers = 32
opcodes = 2

targetMin = 0.000000f
targetMax = 6.283185f

mode = FIRESTARTER_TEST
units = 1
processes = 0
iterations = 256
candidates = 16
generations = 400
precision = 0
attempts = 32
seed = 10484
scale = 0.100000f
startScale = 2.000000f
startResult = 10.000000f

FIRESTARTER_TEST: Seed=10484  Test=0  Generation=0  Age=0 *Result=0.85227418  Best=0.85227418  BestGen=0  Time=0.0000 Seconds  Run Time=2.2714 Seconds  TestError=0.00000000
FIRESTARTER_TEST: Seed=10484  Test=0  Generation=1  Age=1 *Result=0.85227418  Best=0.85227418  BestGen=0  Time=3.4805 Seconds  Run Time=3.4805 Seconds  TestError=0.00000000
FIRESTARTER_TEST: Seed=10484  Test=0  Generation=2  Age=2  Result=0.97492790  Best=0.85227418  BestGen=0  Time=0.3848 Seconds  Run Time=3.8653 Seconds  TestError=0.00000000
FIRESTARTER_TEST: Seed=10484  Test=0  Generation=3  Age=3 *Result=0.85227418  Best=0.85227418  BestGen=0  Time=1.0720 Seconds  Run Time=4.9374 Seconds  TestError=0.00000021
FIRESTARTER_TEST: Seed=10484  Test=0  Generation=4  Age=4 *Result=0.85227418  Best=0.85227418  BestGen=0  Time=1.0632 Seconds  Run Time=6.0006 Seconds  TestError=0.00000001
FIRESTARTER_TEST: Seed=10484  Test=0  Generation=5  Age=5 *Result=0.85227418  Best=0.85227418  BestGen=0  Time=1.0721 Seconds  Run Time=7.0727 Seconds  TestError=0.00000000
FIRESTARTER_TEST: Seed=10484  Test=0  Generation=6  Age=6 *Result=0.85227418  Best=0.85227418  BestGen=0  Time=1.0860 Seconds  Run Time=8.1586 Seconds  TestError=0.00000006
