variations = 3;
samples = 15;
instructions = 32;
registers = 32;
opcodes = 2;

targetMin = 0.000000f;
targetMax = 6.283185f;

mode = FIRESTARTER_TEST;
units = 1;
processes = 0;
population = 69632;
iterations = 256;
candidates = 16;
generations = 100;
precision = 0;
evolve = FIRESTARTER_EVOLVE_BEST;
attempts = 10;
seed = 320;
scale = 0.100000f;
startScale = 4.000000f;
startResult = 10.000000f;

FIRESTARTER_TEST: Seed=321  Generation=1  Result=0.00244504  Average=0.00244504  Best=0.00244504  BestSeed=320  Time=1.2585 Seconds  Run Time=4.6689 Seconds  TestError=0.00000000  V:0=0.00110596  V:1=0.00012374  V:2=0.00244504
FIRESTARTER_TEST: Seed=322  Generation=2  Result=0.00258522  Average=0.00251513  Best=0.00244504  BestSeed=320  Time=1.2296 Seconds  Run Time=5.8528 Seconds  TestError=0.00000000  V:0=0.00110120  V:1=0.00032890  V:2=0.00258522
FIRESTARTER_TEST: Seed=323  Generation=3  Result=0.00085413  Average=0.00196146  Best=0.00085413  BestSeed=322  Time=1.2568 Seconds  Run Time=7.1771 Seconds  TestError=0.00000000  V:0=0.00085413  V:1=0.00020599  V:2=0.00062394
FIRESTARTER_TEST: Seed=324  Generation=4  Result=0.00066185  Average=0.00163656  Best=0.00066185  BestSeed=323  Time=1.2586 Seconds  Run Time=8.4444 Seconds  TestError=0.00000000  V:0=0.00020942  V:1=0.00066185  V:2=0.00060219
FIRESTARTER_TEST: Seed=325  Generation=5  Result=0.00507259  Average=0.00232377  Best=0.00066185  BestSeed=323  Time=1.2877 Seconds  Run Time=9.8324 Seconds  TestError=0.00000000  V:0=0.00056469  V:1=0.00019228  V:2=0.00507259
FIRESTARTER_TEST: Seed=326  Generation=6  Result=0.17369831  Average=0.03088619  Best=0.00066185  BestSeed=323  Time=1.3086 Seconds  Run Time=11.2453 Seconds  TestError=0.00000000  V:0=0.09842169  V:1=0.06327748  V:2=0.17369831
FIRESTARTER_TEST: Seed=327  Generation=7  Result=0.32501245  Average=0.07290423  Best=0.00066185  BestSeed=323  Time=1.3530 Seconds  Run Time=12.8643 Seconds  TestError=0.00000000  V:0=0.31922916  V:1=0.32501245  V:2=0.20144954
FIRESTARTER_TEST: Seed=328  Generation=8  Result=0.00022531  Average=0.06381936  Best=0.00022531  BestSeed=327  Time=1.3832 Seconds  Run Time=14.4727 Seconds  TestError=0.00000000  V:0=0.00014982  V:1=0.00022531  V:2=0.00015483
FIRESTARTER_TEST: Seed=329  Generation=9  Result=0.01995793  Average=0.05894587  Best=0.00022531  BestSeed=327  Time=1.4291 Seconds  Run Time=16.2552 Seconds  TestError=0.00000000  V:0=0.01103330  V:1=0.00939390  V:2=0.01995793
FIRESTARTER_TEST: Seed=330  Generation=10  Result=1.48324537  Average=0.20137581  Best=0.00022531  BestSeed=327  Time=1.4669 Seconds  Run Time=18.0625 Seconds  TestError=0.00000000  V:0=0.97492790  V:1=1.48324537  V:2=0.20144954
