instructions = 32;
registers = 32;
opcodes = 2;
variations = 3;
samples = 15;

sampleMin = 0.000000f;
sampleMax = 6.283185f;
evolveFactor = 0.100000f;
evolveStartFactor = 4.000000f;
evolveStartResult = 10.000000f;
evolveCandidates = 16;

mode = FIRESTARTER_CODE;
states = 1;
units = 1;
process = 0;
population = 4352;
iterations = 256;
generations = 5;
precision = 0;
evolve = FIRESTARTER_EVOLVE_BEST;
attempts = 32;
seed = 0;

FIRESTARTER_CODE: Generation=0  Age=0  Best=0.08713059  Time=2.1418 Seconds  Run Time=5.0703 Seconds  TestError=0.00000003
FIRESTARTER_CODE: Generation=1  Age=0  Best=0.07458533  Time=1.5637 Seconds  Run Time=6.7375 Seconds  TestError=0.00000000
FIRESTARTER_CODE: Generation=2  Age=0  Best=0.06571960  Time=1.5799 Seconds  Run Time=8.4094 Seconds  TestError=0.00000000
FIRESTARTER_CODE: Generation=3  Age=0  Best=0.03886360  Time=1.6116 Seconds  Run Time=10.0972 Seconds  TestError=0.00000000
FIRESTARTER_CODE: Generation=4  Age=0  Best=0.02301764  Time=1.6242 Seconds  Run Time=11.7546 Seconds  TestError=0.00000000
FIRESTARTER_CODE: Generation=5  Age=1  Best=0.02301764  Time=1.6594 Seconds  Run Time=13.4304 Seconds  TestError=0.00000000
FIRESTARTER_CODE: Generation=6  Age=0  Best=0.01976925  Time=1.6799 Seconds  Run Time=15.2097 Seconds  TestError=0.00000001
FIRESTARTER_CODE: Generation=7  Age=0  Best=0.01846039  Time=1.6970 Seconds  Run Time=16.9986 Seconds  TestError=0.00000000
FIRESTARTER_CODE: Generation=8  Age=0  Best=0.01676595  Time=1.8051 Seconds  Run Time=18.8774 Seconds  TestError=0.00000000
