variations = 3;
samples = 15;
instructions = 32;
registers = 32;
opcodes = 2;

targetMin = 0.000000f;
targetMax = 6.283185f;

mode = FIRESTARTER_UNIT;
units = 4;
process = 0;
population = 69632;
iterations = 128;
candidates = 16;
generations = 100;
precision = 256;
evolve = FIRESTARTER_EVOLVE_BEST;
attempts = 32;
seed = 8337;
scale = 0.100000f;
startScale = 4.000000f;
startResult = 10.000000f;

FIRESTARTER_UNIT: Generation=0  Age=0  Best=0.00001895  Time=9.6917 Seconds  Run Time=65.2542 Seconds  TestError=0.00000060
FIRESTARTER_UNIT: Generation=1  Age=1  Best=0.00001895  Time=1.2437 Seconds  Run Time=66.5172 Seconds  TestError=0.00000060
FIRESTARTER_UNIT: Generation=2  Age=2  Best=0.00001895  Time=1.2329 Seconds  Run Time=67.8275 Seconds  TestError=0.00000060
FIRESTARTER_UNIT: Generation=3  Age=3  Best=0.00001895  Time=1.3261 Seconds  Run Time=69.2458 Seconds  TestError=0.00000060
FIRESTARTER_UNIT: Generation=4  Age=0  Best=0.00000683  Time=1.3107 Seconds  Run Time=70.6492 Seconds  TestError=0.00000076
FIRESTARTER_UNIT: Generation=5  Age=1  Best=0.00000683  Time=1.2910 Seconds  Run Time=71.9459 Seconds  TestError=0.00000076
FIRESTARTER_UNIT: Generation=6  Age=0  Best=0.00000525  Time=1.2790 Seconds  Run Time=73.2578 Seconds  TestError=0.00000024
