Duration: 2018.6  Evolve Seed=0  Test=1  Generation=5  Evolve Result=0.00002459
Duration: 2020.1  Evolve Seed=0  Test=0  Generation=4  Evolve Result=0.00001648
Duration: 2024.2  Evolve Seed=0  Test=3  Generation=4  Evolve Result=0.00004080
Duration: 2026.4  Evolve Seed=0  Test=2  Generation=2  Evolve Result=0.00002968
