Duration: 13232.9  Evolve Seed=0  Test=0  Generation=63  Evolve Result=0.00000099 *******
Duration: 13234.2  Evolve Seed=0  Test=2  Generation=61  Evolve Result=0.00000620
Duration: 13234.6  Evolve Seed=0  Test=1  Generation=55  Evolve Result=0.00000167
Duration: 13236.3  Evolve Seed=0  Test=3  Generation=56  Evolve Result=0.00000119
