CUDA devices = 1
Device 0: NVIDIA GeForce RTX 4090

variations = 1
samples = 15
instructions = 32
registers = 30
opcodes = 2
patternOpcodes = 4

targetMin = 0.000000f
targetMax = 6.283185f
target = 0.000001f

mode = FIRESTARTER_OPTIMIZE
evolveSeed = 123
optimizeSeed = 123
tests = 256
streams = 1
units = 1
states = 1
generations = 0
population = 65536
iterations = 64
passes = 512
candidates = 16
attempts = 0
optimize = 1

scale = 0.300000f
startScale = 2.500000f
startResult = 10.000000f

FIRESTARTER_OPTIMIZE: Seed=123  Test=149  Generation=  2 *Result=0.00002857  Best=0.00002857   Time=0.1  Run Time=475.0
FIRESTARTER_OPTIMIZE: Seed=123  Test=149  Generation=  3  Result=0.00013420  Best=0.00002857   Time=0.1  Run Time=475.3
FIRESTARTER_OPTIMIZE: Seed=123  Test=149  Generation=  4  Result=0.00035158  Best=0.00002857   Time=0.1  Run Time=475.7
FIRESTARTER_OPTIMIZE: Seed=123  Test=149  Generation=  5 *Result=0.00000322  Best=0.00000322   Time=0.1  Run Time=476.1
FIRESTARTER_OPTIMIZE: Seed=123  Test=149  Generation=  6  Result=0.00016598  Best=0.00000322   Time=0.1  Run Time=476.5
FIRESTARTER_OPTIMIZE: Seed=123  Test=149  Generation=  7  Result=0.00088195  Best=0.00000322   Time=0.1  Run Time=476.9
FIRESTARTER_OPTIMIZE: Seed=123  Test=149  Generation=  8  Result=0.00004997  Best=0.00000322   Time=0.1  Run Time=477.3
FIRESTARTER_OPTIMIZE: Seed=123  Test=149  Generation=  9  Result=0.00005257  Best=0.00000322   Time=0.1  Run Time=477.6
FIRESTARTER_OPTIMIZE: Seed=123  Test=149  Generation= 10  Result=0.00002868  Best=0.00000322   Time=0.1  Run Time=478.0
FIRESTARTER_OPTIMIZE: Seed=123  Test=149  Generation= 11  Result=0.00001307  Best=0.00000322   Time=0.1  Run Time=478.4
FIRESTARTER_OPTIMIZE: Seed=123  Test=149  Generation= 12  Result=0.00064307  Best=0.00000322   Time=0.1  Run Time=478.8
FIRESTARTER_OPTIMIZE: Seed=123  Test=149  Generation= 13 *Result=0.00000011  Best=0.00000011   Time=0.1  Run Time=479.2
