CUDA devices = 1
Device 0: NVIDIA GeForce RTX 4090

variations = 1
instructions = 32
registers = 30
opcodes = 2
patternOpcodes = 4

targetMin = 0.000000f
targetMax = 6.283185f
target = 0.000001f

mode = FIRESTARTER_OPTIMIZE
evolveSeed = 1
optimizeSeed = 1
tests = 256
streams = 1
units = 1
states = 1
generations = 0
population = 65536
passes = 512
attempts = 0
optimize = 1

scale = 0.300000f
startScale = 2.500000f
startResult = 10.000000f

FIRESTARTER_OPTIMIZE: Seed=1  Test=45  Generation=  2 *Result=0.00018245  Best=0.00018245   Time=0.1  Run Time=100.4
FIRESTARTER_OPTIMIZE: Seed=1  Test=45  Generation=  3 *Result=0.00005668  Best=0.00005668   Time=0.1  Run Time=100.8
FIRESTARTER_OPTIMIZE: Seed=1  Test=45  Generation=  4  Result=0.00008726  Best=0.00005668   Time=0.1  Run Time=101.2
FIRESTARTER_OPTIMIZE: Seed=1  Test=45  Generation=  5  Result=0.00018299  Best=0.00005668   Time=0.1  Run Time=101.6
FIRESTARTER_OPTIMIZE: Seed=1  Test=45  Generation=  6  Result=0.00017625  Best=0.00005668   Time=0.1  Run Time=101.9
FIRESTARTER_OPTIMIZE: Seed=1  Test=45  Generation=  7  Result=0.00032213  Best=0.00005668   Time=0.1  Run Time=102.3
FIRESTARTER_OPTIMIZE: Seed=1  Test=45  Generation=  8  Result=0.00009566  Best=0.00005668   Time=0.1  Run Time=102.7
FIRESTARTER_OPTIMIZE: Seed=1  Test=45  Generation=  9 *Result=0.00000038  Best=0.00000038   Time=0.1  Run Time=103.1
