CUDA devices = 1
Device 0: NVIDIA GeForce RTX 4090

variations = 1
samples = 15
instructions = 28
registers = 28
opcodes = 2
patternOpcodes = 4

targetMin = 0.000000f
targetMax = 6.283185f
target = 0.000001f

mode = FIRESTARTER_OPTIMIZE
evolveSeed = 0
optimizeSeed = 0
tests = 256
streams = 1
units = 1
states = 1
generations = 0
population = 65536
iterations = 64
passes = 512
candidates = 16
attempts = 0
optimize = 1

scale = 0.300000f
startScale = 2.500000f
startResult = 10.000000f

FIRESTARTER_OPTIMIZE: Seed=0  Test=66  Generation=  2 *Result=0.00149798  Best=0.00149798   Time=0.1  Run Time=200.7
FIRESTARTER_OPTIMIZE: Seed=0  Test=66  Generation=  3 *Result=0.00013301  Best=0.00013301   Time=0.1  Run Time=201.1
FIRESTARTER_OPTIMIZE: Seed=0  Test=66  Generation=  4  Result=0.00022728  Best=0.00013301   Time=0.1  Run Time=201.6
FIRESTARTER_OPTIMIZE: Seed=0  Test=66  Generation=  5  Result=0.00050122  Best=0.00013301   Time=0.1  Run Time=202.0
FIRESTARTER_OPTIMIZE: Seed=0  Test=66  Generation=  6 *Result=0.00000334  Best=0.00000334   Time=0.1  Run Time=202.5
FIRESTARTER_OPTIMIZE: Seed=0  Test=66  Generation=  7  Result=0.00143404  Best=0.00000334   Time=0.1  Run Time=202.9
FIRESTARTER_OPTIMIZE: Seed=0  Test=66  Generation=  8  Result=0.00008339  Best=0.00000334   Time=0.1  Run Time=203.3
FIRESTARTER_OPTIMIZE: Seed=0  Test=66  Generation=  9  Result=0.00004673  Best=0.00000334   Time=0.1  Run Time=203.8
FIRESTARTER_OPTIMIZE: Seed=0  Test=66  Generation= 10  Result=0.00019461  Best=0.00000334   Time=0.1  Run Time=204.2
FIRESTARTER_OPTIMIZE: Seed=0  Test=66  Generation= 11 *Result=0.00000015  Best=0.00000015   Time=0.1  Run Time=204.6
