CUDA devices = 1
Device 0: NVIDIA GeForce RTX 4090

variations = 1
samples = 15
instructions = 32
registers = 30
opcodes = 2
patternOpcodes = 4

targetMin = 0.000000f
targetMax = 6.283185f
target = 0.000001f

mode = FIRESTARTER_OPTIMIZE
evolveSeed = 0
optimizeSeed = 0
tests = 256
streams = 1
units = 1
states = 1
generations = 0
population = 65536
iterations = 64
passes = 512
candidates = 16
attempts = 0
optimize = 1

scale = 0.300000f
startScale = 2.500000f
startResult = 10.000000f

FIRESTARTER_OPTIMIZE: Seed=0  Test=236  Generation=  2 *Result=0.00003657  Best=0.00003657   Time=0.1  Run Time=965.8
FIRESTARTER_OPTIMIZE: Seed=0  Test=236  Generation=  3 *Result=0.00000968  Best=0.00000968   Time=0.1  Run Time=966.3
FIRESTARTER_OPTIMIZE: Seed=0  Test=236  Generation=  4  Result=0.00005537  Best=0.00000968   Time=0.1  Run Time=966.8
FIRESTARTER_OPTIMIZE: Seed=0  Test=236  Generation=  5 *Result=0.00000691  Best=0.00000691   Time=0.1  Run Time=967.2
FIRESTARTER_OPTIMIZE: Seed=0  Test=236  Generation=  6  Result=0.00018220  Best=0.00000691   Time=0.1  Run Time=967.6
FIRESTARTER_OPTIMIZE: Seed=0  Test=236  Generation=  7  Result=0.00005817  Best=0.00000691   Time=0.1  Run Time=968.1
FIRESTARTER_OPTIMIZE: Seed=0  Test=236  Generation=  8  Result=0.00037192  Best=0.00000691   Time=0.1  Run Time=968.5
FIRESTARTER_OPTIMIZE: Seed=0  Test=236  Generation=  9  Result=0.00097316  Best=0.00000691   Time=0.1  Run Time=969.0
FIRESTARTER_OPTIMIZE: Seed=0  Test=236  Generation= 10 *Result=0.00000010  Best=0.00000010   Time=0.1  Run Time=969.4
