CUDA devices = 1
Device 0: NVIDIA GeForce RTX 4090

variations = 1
instructions = 32
registers = 30
opcodes = 2
patternOpcodes = 4

targetMin = 0.000000f
targetMax = 6.283185f
target = 0.000001f

mode = FIRESTARTER_OPTIMIZE
evolveSeed = 1
optimizeSeed = 1
tests = 256
streams = 1
units = 1
states = 1
generations = 0
population = 65536
passes = 512
attempts = 0
optimize = 1

scale = 0.300000f
startScale = 2.500000f
startResult = 10.000000f

FIRESTARTER_OPTIMIZE: Seed=1  Test=206  Generation=  2 *Result=0.00033095  Best=0.00033095   Time=0.1  Run Time=652.0
FIRESTARTER_OPTIMIZE: Seed=1  Test=206  Generation=  3 *Result=0.00013724  Best=0.00013724   Time=0.1  Run Time=652.4
FIRESTARTER_OPTIMIZE: Seed=1  Test=206  Generation=  4  Result=0.00018477  Best=0.00013724   Time=0.1  Run Time=652.8
FIRESTARTER_OPTIMIZE: Seed=1  Test=206  Generation=  5  Result=0.00019374  Best=0.00013724   Time=0.1  Run Time=653.2
FIRESTARTER_OPTIMIZE: Seed=1  Test=206  Generation=  6  Result=0.00098077  Best=0.00013724   Time=0.1  Run Time=653.5
FIRESTARTER_OPTIMIZE: Seed=1  Test=206  Generation=  7  Result=0.00021249  Best=0.00013724   Time=0.1  Run Time=653.9
FIRESTARTER_OPTIMIZE: Seed=1  Test=206  Generation=  8  Result=0.00247675  Best=0.00013724   Time=0.1  Run Time=654.3
FIRESTARTER_OPTIMIZE: Seed=1  Test=206  Generation=  9 *Result=0.00001438  Best=0.00001438   Time=0.1  Run Time=654.6
FIRESTARTER_OPTIMIZE: Seed=1  Test=206  Generation= 10  Result=0.00018218  Best=0.00001438   Time=0.1  Run Time=655.0
FIRESTARTER_OPTIMIZE: Seed=1  Test=206  Generation= 11 *Result=0.00000069  Best=0.00000069   Time=0.1  Run Time=655.4
