CUDA devices = 1
Device 0: NVIDIA GeForce RTX 4090

variations = 1
samples = 15
instructions = 32
registers = 30
opcodes = 2
patternOpcodes = 4

targetMin = 0.000000f
targetMax = 6.283185f
target = 0.000001f

mode = FIRESTARTER_OPTIMIZE
evolveSeed = 123
optimizeSeed = 123
tests = 256
streams = 1
units = 1
states = 1
generations = 0
population = 65536
iterations = 64
passes = 512
candidates = 16
attempts = 0
optimize = 1

scale = 0.300000f
startScale = 2.500000f
startResult = 10.000000f

FIRESTARTER_OPTIMIZE: Seed=123  Test=162  Generation=  2 *Result=0.00106711  Best=0.00106711   Time=0.1  Run Time=532.3
FIRESTARTER_OPTIMIZE: Seed=123  Test=162  Generation=  3  Result=0.00142616  Best=0.00106711   Time=0.1  Run Time=532.7
FIRESTARTER_OPTIMIZE: Seed=123  Test=162  Generation=  4 *Result=0.00007033  Best=0.00007033   Time=0.1  Run Time=533.1
FIRESTARTER_OPTIMIZE: Seed=123  Test=162  Generation=  5 *Result=0.00001711  Best=0.00001711   Time=0.1  Run Time=533.5
FIRESTARTER_OPTIMIZE: Seed=123  Test=162  Generation=  6  Result=0.00063658  Best=0.00001711   Time=0.1  Run Time=533.9
FIRESTARTER_OPTIMIZE: Seed=123  Test=162  Generation=  7 *Result=0.00000012  Best=0.00000012   Time=0.1  Run Time=534.2
