CUDA devices = 1
Device 0: NVIDIA GeForce RTX 4090

variations = 1
samples = 15
instructions = 32
registers = 30
opcodes = 2
patternOpcodes = 4

targetMin = 0.000000f
targetMax = 6.283185f
target = 0.000001f

mode = FIRESTARTER_EVOLVE_GPU
evolveSeed = 0
optimizeSeed = 0
tests = 16
streams = 1
units = 1
states = 1
generations = 0
population = 8192
iterations = 128
passes = 100
candidates = 16
attempts = 0
optimize = 1

scale = 0.100000f
startScale = 2.000000f
startResult = 10.000000f

FIRESTARTER_EVOLVE_GPU: Seed=0  Test=14  Generation=  0  Age=  1  Evolution= 0  Weight=0.00000000  Old Result=10.00000000 *New Result=0.00327763  Index=5092  EvolveAge1=0  EvolveAge2=19  Best=0.00327763   BestAge=0  Time=0.9 Seconds  Run Time=576.0 Seconds
FIRESTARTER_EVOLVE_GPU: Seed=0  Test=14  Generation=  1  Age=  1  Evolution= 0  Weight=0.00000000  Old Result=0.00327763 *New Result=0.00283200  Index=6353  EvolveAge1=4  EvolveAge2=12  Best=0.00283200   BestAge=0  Time=1.1 Seconds  Run Time=577.0 Seconds
FIRESTARTER_EVOLVE_GPU: Seed=0  Test=14  Generation=  2  Age=  1  Evolution= 0  Weight=0.00000000  Old Result=0.00283200  Bad Result=0.00314537  Index=5092  EvolveAge1=1  EvolveAge2=106  Best=0.00283200   BestAge=1  Time=1.1 Seconds  Run Time=578.1 Seconds
FIRESTARTER_EVOLVE_GPU: Seed=0  Test=14  Generation=  3  Age=  1  Evolution= 0  Weight=0.00000000  Old Result=0.00314537 >New Result=0.00307953  Index=5092  EvolveAge1=0  EvolveAge2=149  Best=0.00283200   BestAge=2  Time=1.1 Seconds  Run Time=579.3 Seconds
FIRESTARTER_EVOLVE_GPU: Seed=0  Test=14  Generation=  4  Age=  1  Evolution= 0  Weight=0.00000000  Old Result=0.00307953 >New Result=0.00303897  Index=5092  EvolveAge1=0  EvolveAge2=203  Best=0.00283200   BestAge=3  Time=1.1 Seconds  Run Time=580.4 Seconds
FIRESTARTER_EVOLVE_GPU: Seed=0  Test=14  Generation=  5  Age=  1  Evolution= 0  Weight=0.00000000  Old Result=0.00303897 *New Result=0.00191301  Index=859  EvolveAge1=0  EvolveAge2=53  Best=0.00191301   BestAge=0  Time=1.1 Seconds  Run Time=581.5 Seconds
FIRESTARTER_OPTIMIZE_CPU: Seed=0  Test=14  Optimize=0  Generation=  0 *Result=0.00022560  Best=0.00022560   Time=6.7 Seconds  Run Time=581.8 Seconds
FIRESTARTER_EVOLVE_GPU: Seed=0  Test=14  Generation=  6  Age=  1  Evolution= 0  Weight=0.00000000  Old Result=0.00191301 >New Result=0.00160711  Index=859  EvolveAge1=12  EvolveAge2=64  Best=0.00022560   BestAge=1  Time=1.0 Seconds  Run Time=582.5 Seconds
FIRESTARTER_EVOLVE_GPU: Seed=0  Test=14  Generation=  7  Age=  1  Evolution= 0  Weight=0.00000000  Old Result=0.00160711  Bad Result=0.00277010  Index=842  EvolveAge1=3  EvolveAge2=12  Best=0.00022560   BestAge=2  Time=1.1 Seconds  Run Time=583.6 Seconds
FIRESTARTER_EVOLVE_GPU: Seed=0  Test=14  Generation=  8  Age=  1  Evolution= 0  Weight=0.00000000  Old Result=0.00277010 >New Result=0.00235197  Index=842  EvolveAge1=0  EvolveAge2=55  Best=0.00022560   BestAge=3  Time=1.1 Seconds  Run Time=584.7 Seconds
FIRESTARTER_EVOLVE_GPU: Seed=0  Test=14  Generation=  9  Age=  1  Evolution= 0  Weight=0.00000000  Old Result=0.00235197  Bad Result=0.00327495  Index=6320  EvolveAge1=0  EvolveAge2=18  Best=0.00022560   BestAge=4  Time=1.1 Seconds  Run Time=585.8 Seconds
FIRESTARTER_EVOLVE_GPU: Seed=0  Test=14  Generation= 10  Age=  1  Evolution= 0  Weight=0.00000000  Old Result=0.00327495 >New Result=0.00316465  Index=6320  EvolveAge1=11  EvolveAge2=63  Best=0.00022560   BestAge=5  Time=1.1 Seconds  Run Time=586.9 Seconds
FIRESTARTER_OPTIMIZE_CPU: Seed=0  Test=14  Optimize=0  Generation=  1 *Result=0.00000049  Best=0.00000049   Time=11.6 Seconds  Run Time=587.6 Seconds
