CUDA devices = 1
Device 0: NVIDIA GeForce RTX 4090

variations = 1
instructions = 32
registers = 30
opcodes = 2
patternOpcodes = 4

targetMin = 0.000000f
targetMax = 6.283185f
target = 0.000001f

mode = FIRESTARTER_OPTIMIZE
evolveSeed = 0
optimizeSeed = 0
tests = 256
streams = 1
units = 1
states = 1
generations = 0
population = 49152
passes = 256
attempts = 0
optimize = 1

scale = 0.300000f
startScale = 2.500000f
startResult = 10.000000f

FIRESTARTER_OPTIMIZE: Seed=0  Test=41  Generation=  2 *Result=0.00018442  Best=0.00018442   Time=0.1  Run Time=110.4
FIRESTARTER_OPTIMIZE: Seed=0  Test=41  Generation=  3  Result=0.00019364  Best=0.00018442   Time=0.1  Run Time=110.7
FIRESTARTER_OPTIMIZE: Seed=0  Test=41  Generation=  4 *Result=0.00000883  Best=0.00000883   Time=0.1  Run Time=111.0
FIRESTARTER_OPTIMIZE: Seed=0  Test=41  Generation=  5  Result=0.00038528  Best=0.00000883   Time=0.1  Run Time=111.4
FIRESTARTER_OPTIMIZE: Seed=0  Test=41  Generation=  6 *Result=0.00000235  Best=0.00000235   Time=0.1  Run Time=111.7
FIRESTARTER_OPTIMIZE: Seed=0  Test=41  Generation=  7 *Result=0.00000020  Best=0.00000020   Time=0.1  Run Time=112.0
