CUDA devices = 1
Device 0: NVIDIA GeForce RTX 4090

variations = 1
samples = 15
instructions = 32
registers = 30
opcodes = 2
patternOpcodes = 4

targetMin = 0.000000f
targetMax = 6.283185f
target = 0.000001f

mode = FIRESTARTER_OPTIMIZE
evolveSeed = 0
optimizeSeed = 0
tests = 256
streams = 1
units = 1
states = 1
generations = 0
population = 65536
iterations = 64
passes = 512
candidates = 16
attempts = 0
optimize = 1

scale = 0.100000f
startScale = 2.500000f
startResult = 10.000000f

FIRESTARTER_OPTIMIZE: Seed=0  Test=163  Generation=  2 *Result=0.00018403  Best=0.00018403   Time=0.1  Run Time=897.4
FIRESTARTER_OPTIMIZE: Seed=0  Test=163  Generation=  3  Result=0.00066662  Best=0.00018403   Time=0.1  Run Time=897.9
FIRESTARTER_OPTIMIZE: Seed=0  Test=163  Generation=  4  Result=0.00037063  Best=0.00018403   Time=0.1  Run Time=898.3
FIRESTARTER_OPTIMIZE: Seed=0  Test=163  Generation=  5 *Result=0.00001764  Best=0.00001764   Time=0.1  Run Time=898.7
FIRESTARTER_OPTIMIZE: Seed=0  Test=163  Generation=  6  Result=0.00038612  Best=0.00001764   Time=0.1  Run Time=899.2
FIRESTARTER_OPTIMIZE: Seed=0  Test=163  Generation=  7 *Result=0.00000347  Best=0.00000347   Time=0.1  Run Time=899.6
FIRESTARTER_OPTIMIZE: Seed=0  Test=163  Generation=  8  Result=0.00000804  Best=0.00000347   Time=0.1  Run Time=900.1
FIRESTARTER_OPTIMIZE: Seed=0  Test=163  Generation=  9  Result=0.00019113  Best=0.00000347   Time=0.1  Run Time=900.5
FIRESTARTER_OPTIMIZE: Seed=0  Test=163  Generation= 10 *Result=0.00000030  Best=0.00000030   Time=0.1  Run Time=901.0
