CUDA devices = 1
Device 0: NVIDIA GeForce RTX 4090

variations = 1
instructions = 32
registers = 30
opcodes = 2
patternOpcodes = 4

targetMin = 0.000000f
targetMax = 6.283185f
target = 0.000001f

mode = FIRESTARTER_OPTIMIZE
evolveSeed = 1
optimizeSeed = 1
tests = 256
streams = 1
units = 1
states = 1
generations = 0
population = 49152
passes = 512
attempts = 0
optimize = 1

scale = 0.300000f
startScale = 2.500000f
startResult = 10.000000f

FIRESTARTER_OPTIMIZE: Seed=1  Test=22  Generation=  2 *Result=0.00006266  Best=0.00006266   Time=0.1  Run Time=67.5
FIRESTARTER_OPTIMIZE: Seed=1  Test=22  Generation=  3 *Result=0.00005404  Best=0.00005404   Time=0.1  Run Time=67.9
FIRESTARTER_OPTIMIZE: Seed=1  Test=22  Generation=  4 *Result=0.00001383  Best=0.00001383   Time=0.1  Run Time=68.3
FIRESTARTER_OPTIMIZE: Seed=1  Test=22  Generation=  5  Result=0.00058281  Best=0.00001383   Time=0.1  Run Time=68.6
FIRESTARTER_OPTIMIZE: Seed=1  Test=22  Generation=  6  Result=0.00323386  Best=0.00001383   Time=0.1  Run Time=69.0
FIRESTARTER_OPTIMIZE: Seed=1  Test=22  Generation=  7  Result=0.00019050  Best=0.00001383   Time=0.1  Run Time=69.3
FIRESTARTER_OPTIMIZE: Seed=1  Test=22  Generation=  8 *Result=0.00000112  Best=0.00000112   Time=0.1  Run Time=69.7
FIRESTARTER_OPTIMIZE: Seed=1  Test=22  Generation=  9  Result=0.00039675  Best=0.00000112   Time=0.1  Run Time=70.1
FIRESTARTER_OPTIMIZE: Seed=1  Test=22  Generation= 10  Result=0.00267923  Best=0.00000112   Time=0.1  Run Time=70.4
FIRESTARTER_OPTIMIZE: Seed=1  Test=22  Generation= 11  Result=0.00001460  Best=0.00000112   Time=0.1  Run Time=70.8
FIRESTARTER_OPTIMIZE: Seed=1  Test=22  Generation= 12 *Result=0.00000045  Best=0.00000045   Time=0.1  Run Time=71.1
