CUDA devices = 1
Device 0: NVIDIA GeForce RTX 4090

variations = 1
instructions = 32
registers = 30
opcodes = 2
patternOpcodes = 4

targetMin = 0.000000f
targetMax = 6.283185f
target = 0.000001f

mode = FIRESTARTER_OPTIMIZE
evolveSeed = 1
optimizeSeed = 1
tests = 256
streams = 1
units = 1
states = 1
generations = 0
population = 49152
passes = 512
attempts = 0
optimize = 1

scale = 0.300000f
startScale = 2.500000f
startResult = 10.000000f

FIRESTARTER_OPTIMIZE: Seed=1  Test=55  Generation=  2 *Result=0.00018907  Best=0.00018907   Time=0.1  Run Time=162.8
FIRESTARTER_OPTIMIZE: Seed=1  Test=55  Generation=  3  Result=0.00085158  Best=0.00018907   Time=0.1  Run Time=163.2
FIRESTARTER_OPTIMIZE: Seed=1  Test=55  Generation=  4 *Result=0.00016007  Best=0.00016007   Time=0.1  Run Time=163.6
FIRESTARTER_OPTIMIZE: Seed=1  Test=55  Generation=  5  Result=0.00186026  Best=0.00016007   Time=0.1  Run Time=163.9
FIRESTARTER_OPTIMIZE: Seed=1  Test=55  Generation=  6  Result=0.00021774  Best=0.00016007   Time=0.1  Run Time=164.3
FIRESTARTER_OPTIMIZE: Seed=1  Test=55  Generation=  7 *Result=0.00005049  Best=0.00005049   Time=0.1  Run Time=164.7
FIRESTARTER_OPTIMIZE: Seed=1  Test=55  Generation=  8 *Result=0.00001097  Best=0.00001097   Time=0.1  Run Time=165.0
FIRESTARTER_OPTIMIZE: Seed=1  Test=55  Generation=  9 *Result=0.00000028  Best=0.00000028   Time=0.1  Run Time=165.4
