CUDA devices = 1
Device 0: NVIDIA GeForce RTX 4090

variations = 1
samples = 15
instructions = 28
registers = 28
opcodes = 2
patternOpcodes = 4

targetMin = 0.000000f
targetMax = 6.283185f
target = 0.000001f

mode = FIRESTARTER_OPTIMIZE
evolveSeed = 0
optimizeSeed = 0
tests = 256
streams = 1
units = 1
states = 1
generations = 0
population = 65536
iterations = 64
passes = 512
candidates = 16
attempts = 0
optimize = 1

scale = 0.300000f
startScale = 2.500000f
startResult = 10.000000f

FIRESTARTER_OPTIMIZE: Seed=0  Test=156  Generation=  2 *Result=0.00018821  Best=0.00018821   Time=0.1  Run Time=552.3
FIRESTARTER_OPTIMIZE: Seed=0  Test=156  Generation=  3  Result=0.00614043  Best=0.00018821   Time=0.1  Run Time=552.7
FIRESTARTER_OPTIMIZE: Seed=0  Test=156  Generation=  4 *Result=0.00000290  Best=0.00000290   Time=0.1  Run Time=553.1
FIRESTARTER_OPTIMIZE: Seed=0  Test=156  Generation=  5  Result=0.00001656  Best=0.00000290   Time=0.1  Run Time=553.6
FIRESTARTER_OPTIMIZE: Seed=0  Test=156  Generation=  6  Result=0.00001890  Best=0.00000290   Time=0.1  Run Time=554.0
FIRESTARTER_OPTIMIZE: Seed=0  Test=156  Generation=  7  Result=0.00102306  Best=0.00000290   Time=0.1  Run Time=554.5
FIRESTARTER_OPTIMIZE: Seed=0  Test=156  Generation=  8  Result=0.00066161  Best=0.00000290   Time=0.1  Run Time=554.9
FIRESTARTER_OPTIMIZE: Seed=0  Test=156  Generation=  9  Result=0.00002092  Best=0.00000290   Time=0.1  Run Time=555.3
FIRESTARTER_OPTIMIZE: Seed=0  Test=156  Generation= 10  Result=0.00221105  Best=0.00000290   Time=0.1  Run Time=555.8
FIRESTARTER_OPTIMIZE: Seed=0  Test=156  Generation= 11  Result=0.00093421  Best=0.00000290   Time=0.1  Run Time=556.2
FIRESTARTER_OPTIMIZE: Seed=0  Test=156  Generation= 12  Result=0.00010427  Best=0.00000290   Time=0.1  Run Time=556.6
FIRESTARTER_OPTIMIZE: Seed=0  Test=156  Generation= 13 *Result=0.00000009  Best=0.00000009   Time=0.1  Run Time=557.0
