CUDA devices = 1
Device 0: NVIDIA GeForce RTX 4090

variations = 1
samples = 15
instructions = 32
registers = 30
opcodes = 2
patternOpcodes = 4

targetMin = 0.000000f
targetMax = 6.283185f
target = 0.000001f

mode = FIRESTARTER_OPTIMIZE
evolveSeed = 0
optimizeSeed = 0
tests = 256
streams = 1
units = 1
states = 1
generations = 0
population = 65536
iterations = 64
passes = 512
candidates = 16
attempts = 0
optimize = 1

scale = 0.100000f
startScale = 4.000000f
startResult = 10.000000f

FIRESTARTER_OPTIMIZE: Seed=0  Test=66  Generation=  2 *Result=0.00012367  Best=0.00012367   Time=0.1  Run Time=537.9
FIRESTARTER_OPTIMIZE: Seed=0  Test=66  Generation=  3 *Result=0.00004327  Best=0.00004327   Time=0.1  Run Time=538.4
FIRESTARTER_OPTIMIZE: Seed=0  Test=66  Generation=  4  Result=0.00150037  Best=0.00004327   Time=0.1  Run Time=538.8
FIRESTARTER_OPTIMIZE: Seed=0  Test=66  Generation=  5  Result=0.00613923  Best=0.00004327   Time=0.1  Run Time=539.3
FIRESTARTER_OPTIMIZE: Seed=0  Test=66  Generation=  6  Result=0.00019047  Best=0.00004327   Time=0.1  Run Time=539.8
FIRESTARTER_OPTIMIZE: Seed=0  Test=66  Generation=  7  Result=0.00100471  Best=0.00004327   Time=0.1  Run Time=540.2
FIRESTARTER_OPTIMIZE: Seed=0  Test=66  Generation=  8  Result=0.00613916  Best=0.00004327   Time=0.1  Run Time=540.7
FIRESTARTER_OPTIMIZE: Seed=0  Test=66  Generation=  9 *Result=0.00000020  Best=0.00000020   Time=0.1  Run Time=541.2
