CUDA devices = 1
Device 0: NVIDIA GeForce RTX 4090

variations = 1
samples = 15
instructions = 32
registers = 30
opcodes = 2
patternOpcodes = 4

targetMin = 0.000000f
targetMax = 6.283185f
target = 0.000001f

mode = FIRESTARTER_OPTIMIZE
evolveSeed = 0
optimizeSeed = 0
tests = 256
streams = 1
units = 1
states = 1
generations = 0
population = 65536
iterations = 64
passes = 512
candidates = 16
attempts = 0
optimize = 1

scale = 0.300000f
startScale = 2.500000f
startResult = 10.000000f

FIRESTARTER_OPTIMIZE: Seed=0  Test=207  Generation=  2 *Result=0.00000253  Best=0.00000253   Time=0.1  Run Time=597.2
FIRESTARTER_OPTIMIZE: Seed=0  Test=207  Generation=  3  Result=0.00018249  Best=0.00000253   Time=0.1  Run Time=597.6
FIRESTARTER_OPTIMIZE: Seed=0  Test=207  Generation=  4  Result=0.00053829  Best=0.00000253   Time=0.1  Run Time=598.0
FIRESTARTER_OPTIMIZE: Seed=0  Test=207  Generation=  5  Result=0.00010954  Best=0.00000253   Time=0.1  Run Time=598.3
FIRESTARTER_OPTIMIZE: Seed=0  Test=207  Generation=  6  Result=0.00005296  Best=0.00000253   Time=0.1  Run Time=598.7
FIRESTARTER_OPTIMIZE: Seed=0  Test=207  Generation=  7  Result=0.00010624  Best=0.00000253   Time=0.1  Run Time=599.1
FIRESTARTER_OPTIMIZE: Seed=0  Test=207  Generation=  8 *Result=0.00000176  Best=0.00000176   Time=0.1  Run Time=599.5
FIRESTARTER_OPTIMIZE: Seed=0  Test=207  Generation=  9 *Result=0.00000055  Best=0.00000055   Time=0.1  Run Time=599.9
