CUDA devices = 1
Device 0: NVIDIA GeForce RTX 4090

variations = 1
samples = 15
instructions = 32
registers = 30
opcodes = 2
patternOpcodes = 4

targetMin = 0.000000f
targetMax = 6.283185f
target = 0.000001f

mode = FIRESTARTER_OPTIMIZE
evolveSeed = 0
optimizeSeed = 0
tests = 256
streams = 1
units = 1
states = 1
generations = 0
population = 65536
iterations = 64
passes = 512
candidates = 16
attempts = 0
optimize = 1

scale = 0.100000f
startScale = 3.000000f
startResult = 10.000000f

FIRESTARTER_OPTIMIZE: Seed=0  Test=204  Generation=  2 *Result=0.00013733  Best=0.00013733   Time=0.1  Run Time=1252.7
FIRESTARTER_OPTIMIZE: Seed=0  Test=204  Generation=  3  Result=0.00614541  Best=0.00013733   Time=0.1  Run Time=1253.2
FIRESTARTER_OPTIMIZE: Seed=0  Test=204  Generation=  4  Result=0.00018273  Best=0.00013733   Time=0.1  Run Time=1253.6
FIRESTARTER_OPTIMIZE: Seed=0  Test=204  Generation=  5 *Result=0.00003445  Best=0.00003445   Time=0.1  Run Time=1254.0
FIRESTARTER_OPTIMIZE: Seed=0  Test=204  Generation=  6  Result=0.00014474  Best=0.00003445   Time=0.1  Run Time=1254.5
FIRESTARTER_OPTIMIZE: Seed=0  Test=204  Generation=  7  Result=0.00010705  Best=0.00003445   Time=0.1  Run Time=1254.9
FIRESTARTER_OPTIMIZE: Seed=0  Test=204  Generation=  8  Result=0.00106196  Best=0.00003445   Time=0.1  Run Time=1255.4
FIRESTARTER_OPTIMIZE: Seed=0  Test=204  Generation=  9  Result=0.00018218  Best=0.00003445   Time=0.1  Run Time=1255.8
FIRESTARTER_OPTIMIZE: Seed=0  Test=204  Generation= 10 *Result=0.00001251  Best=0.00001251   Time=0.1  Run Time=1256.3
FIRESTARTER_OPTIMIZE: Seed=0  Test=204  Generation= 11  Result=0.00037703  Best=0.00001251   Time=0.1  Run Time=1256.7
FIRESTARTER_OPTIMIZE: Seed=0  Test=204  Generation= 12  Result=0.00030461  Best=0.00001251   Time=0.1  Run Time=1257.1
FIRESTARTER_OPTIMIZE: Seed=0  Test=204  Generation= 13 *Result=0.00000080  Best=0.00000080   Time=0.1  Run Time=1257.6
