CUDA devices = 1
Device 0: NVIDIA GeForce RTX 4090

variations = 1
samples = 15
instructions = 32
registers = 30
opcodes = 2
patternOpcodes = 4

targetMin = 0.000000f
targetMax = 6.283185f
target = 0.000001f

mode = FIRESTARTER_OPTIMIZE
evolveSeed = 0
optimizeSeed = 0
tests = 256
streams = 1
units = 1
states = 1
generations = 0
population = 65536
iterations = 64
passes = 512
candidates = 16
attempts = 0
optimize = 1

scale = 0.150000f
startScale = 2.500000f
startResult = 10.000000f

FIRESTARTER_OPTIMIZE: Seed=0  Test=20  Generation=  2 *Result=0.00018249  Best=0.00018249   Time=0.1  Run Time=127.5
FIRESTARTER_OPTIMIZE: Seed=0  Test=20  Generation=  3  Result=0.00087224  Best=0.00018249   Time=0.1  Run Time=127.9
FIRESTARTER_OPTIMIZE: Seed=0  Test=20  Generation=  4 *Result=0.00000677  Best=0.00000677   Time=0.1  Run Time=128.4
FIRESTARTER_OPTIMIZE: Seed=0  Test=20  Generation=  5  Result=0.00081026  Best=0.00000677   Time=0.1  Run Time=128.9
FIRESTARTER_OPTIMIZE: Seed=0  Test=20  Generation=  6  Result=0.00001852  Best=0.00000677   Time=0.1  Run Time=129.3
FIRESTARTER_OPTIMIZE: Seed=0  Test=20  Generation=  7 *Result=0.00000020  Best=0.00000020   Time=0.1  Run Time=129.8
