CUDA devices = 1
Device 0: NVIDIA GeForce RTX 4090

variations = 1
samples = 15
instructions = 32
registers = 30
opcodes = 2
patternOpcodes = 4

targetMin = 0.000000f
targetMax = 6.283185f
target = 0.000001f

mode = FIRESTARTER_OPTIMIZE
evolveSeed = 0
optimizeSeed = 0
tests = 256
streams = 1
units = 1
states = 1
generations = 0
population = 65536
iterations = 64
passes = 512
candidates = 16
attempts = 0
optimize = 1

scale = 0.200000f
startScale = 2.500000f
startResult = 10.000000f

FIRESTARTER_OPTIMIZE: Seed=0  Test=139  Generation=  2 *Result=0.00016434  Best=0.00016434   Time=0.1  Run Time=599.1
FIRESTARTER_OPTIMIZE: Seed=0  Test=139  Generation=  3 *Result=0.00000285  Best=0.00000285   Time=0.1  Run Time=599.6
FIRESTARTER_OPTIMIZE: Seed=0  Test=139  Generation=  4  Result=0.00011591  Best=0.00000285   Time=0.1  Run Time=600.0
FIRESTARTER_OPTIMIZE: Seed=0  Test=139  Generation=  5  Result=0.00017624  Best=0.00000285   Time=0.1  Run Time=600.4
FIRESTARTER_OPTIMIZE: Seed=0  Test=139  Generation=  6  Result=0.00063038  Best=0.00000285   Time=0.1  Run Time=600.9
FIRESTARTER_OPTIMIZE: Seed=0  Test=139  Generation=  7  Result=0.00000405  Best=0.00000285   Time=0.1  Run Time=601.3
FIRESTARTER_OPTIMIZE: Seed=0  Test=139  Generation=  8  Result=0.00046206  Best=0.00000285   Time=0.1  Run Time=601.8
FIRESTARTER_OPTIMIZE: Seed=0  Test=139  Generation=  9  Result=0.00223921  Best=0.00000285   Time=0.1  Run Time=602.2
FIRESTARTER_OPTIMIZE: Seed=0  Test=139  Generation= 10  Result=0.00007314  Best=0.00000285   Time=0.1  Run Time=602.7
FIRESTARTER_OPTIMIZE: Seed=0  Test=139  Generation= 11  Result=0.00028101  Best=0.00000285   Time=0.1  Run Time=603.1
FIRESTARTER_OPTIMIZE: Seed=0  Test=139  Generation= 12 *Result=0.00000011  Best=0.00000011   Time=0.1  Run Time=603.5
