CUDA devices = 1
Device 0: NVIDIA GeForce RTX 4090

variations = 1
samples = 15
instructions = 30
registers = 30
opcodes = 2
patternOpcodes = 4

targetMin = 0.000000f
targetMax = 6.283185f
target = 0.000001f

mode = FIRESTARTER_OPTIMIZE
evolveSeed = 0
optimizeSeed = 0
tests = 256
streams = 1
units = 1
states = 1
generations = 0
population = 65536
iterations = 64
passes = 512
candidates = 16
attempts = 0
optimize = 1

scale = 0.300000f
startScale = 2.500000f
startResult = 10.000000f

FIRESTARTER_OPTIMIZE: Seed=0  Test=38  Generation=  2 *Result=0.00614113  Best=0.00614113   Time=0.1  Run Time=115.7
FIRESTARTER_OPTIMIZE: Seed=0  Test=38  Generation=  3 *Result=0.00017673  Best=0.00017673   Time=0.1  Run Time=116.1
FIRESTARTER_OPTIMIZE: Seed=0  Test=38  Generation=  4  Result=0.00060010  Best=0.00017673   Time=0.1  Run Time=116.6
FIRESTARTER_OPTIMIZE: Seed=0  Test=38  Generation=  5  Result=0.00021808  Best=0.00017673   Time=0.1  Run Time=117.0
FIRESTARTER_OPTIMIZE: Seed=0  Test=38  Generation=  6 *Result=0.00000384  Best=0.00000384   Time=0.1  Run Time=117.5
FIRESTARTER_OPTIMIZE: Seed=0  Test=38  Generation=  7  Result=0.00010309  Best=0.00000384   Time=0.1  Run Time=117.9
FIRESTARTER_OPTIMIZE: Seed=0  Test=38  Generation=  8 *Result=0.00000215  Best=0.00000215   Time=0.1  Run Time=118.4
FIRESTARTER_OPTIMIZE: Seed=0  Test=38  Generation=  9  Result=0.00001073  Best=0.00000215   Time=0.1  Run Time=118.8
FIRESTARTER_OPTIMIZE: Seed=0  Test=38  Generation= 10  Result=0.00014292  Best=0.00000215   Time=0.1  Run Time=119.3
FIRESTARTER_OPTIMIZE: Seed=0  Test=38  Generation= 11  Result=0.00130913  Best=0.00000215   Time=0.1  Run Time=119.8
FIRESTARTER_OPTIMIZE: Seed=0  Test=38  Generation= 12  Result=0.00004554  Best=0.00000215   Time=0.1  Run Time=120.2
FIRESTARTER_OPTIMIZE: Seed=0  Test=38  Generation= 13 *Result=0.00000012  Best=0.00000012   Time=0.1  Run Time=120.6
