CUDA devices = 1
Device 0: NVIDIA GeForce RTX 4090

variations = 1
samples = 15
instructions = 32
registers = 30
opcodes = 2
patternOpcodes = 4

targetMin = 0.000000f
targetMax = 6.283185f
target = 0.000001f

mode = FIRESTARTER_OPTIMIZE
evolveSeed = 0
optimizeSeed = 0
tests = 256
streams = 1
units = 1
states = 1
generations = 0
population = 65536
iterations = 64
passes = 512
candidates = 16
attempts = 0
optimize = 1

scale = 0.300000f
startScale = 2.500000f
startResult = 10.000000f

FIRESTARTER_OPTIMIZE: Seed=0  Test=113  Generation=  2 *Result=0.00013077  Best=0.00013077   Time=0.1  Run Time=329.0
FIRESTARTER_OPTIMIZE: Seed=0  Test=113  Generation=  3  Result=0.00275120  Best=0.00013077   Time=0.1  Run Time=329.3
FIRESTARTER_OPTIMIZE: Seed=0  Test=113  Generation=  4  Result=0.00021735  Best=0.00013077   Time=0.1  Run Time=329.7
FIRESTARTER_OPTIMIZE: Seed=0  Test=113  Generation=  5  Result=0.00049721  Best=0.00013077   Time=0.1  Run Time=330.1
FIRESTARTER_OPTIMIZE: Seed=0  Test=113  Generation=  6  Result=0.00018238  Best=0.00013077   Time=0.1  Run Time=330.4
FIRESTARTER_OPTIMIZE: Seed=0  Test=113  Generation=  7 *Result=0.00000255  Best=0.00000255   Time=0.1  Run Time=330.8
FIRESTARTER_OPTIMIZE: Seed=0  Test=113  Generation=  8  Result=0.00000328  Best=0.00000255   Time=0.1  Run Time=331.2
FIRESTARTER_OPTIMIZE: Seed=0  Test=113  Generation=  9  Result=0.00174296  Best=0.00000255   Time=0.1  Run Time=331.6
FIRESTARTER_OPTIMIZE: Seed=0  Test=113  Generation= 10 *Result=0.00000107  Best=0.00000107   Time=0.1  Run Time=332.0
FIRESTARTER_OPTIMIZE: Seed=0  Test=113  Generation= 11  Result=0.00031562  Best=0.00000107   Time=0.1  Run Time=332.3
FIRESTARTER_OPTIMIZE: Seed=0  Test=113  Generation= 12  Result=0.00015861  Best=0.00000107   Time=0.1  Run Time=332.7
FIRESTARTER_OPTIMIZE: Seed=0  Test=113  Generation= 13  Result=0.00001526  Best=0.00000107   Time=0.1  Run Time=333.1
FIRESTARTER_OPTIMIZE: Seed=0  Test=113  Generation= 14 *Result=0.00000017  Best=0.00000017   Time=0.1  Run Time=333.5
