CUDA devices = 1
Device 0: NVIDIA GeForce RTX 4090

variations = 1
instructions = 32
registers = 30
opcodes = 2
patternOpcodes = 4

targetMin = 0.000000f
targetMax = 6.283185f
target = 0.000001f

mode = FIRESTARTER_OPTIMIZE
evolveSeed = 0
optimizeSeed = 0
tests = 256
streams = 1
units = 1
states = 1
generations = 0
population = 65536
passes = 384
attempts = 0
optimize = 1

scale = 0.300000f
startScale = 2.500000f
startResult = 10.000000f

FIRESTARTER_OPTIMIZE: Seed=0  Test=129  Generation=  2 *Result=0.00002831  Best=0.00002831   Time=0.1  Run Time=317.3
FIRESTARTER_OPTIMIZE: Seed=0  Test=129  Generation=  3 *Result=0.00001672  Best=0.00001672   Time=0.1  Run Time=317.6
FIRESTARTER_OPTIMIZE: Seed=0  Test=129  Generation=  4  Result=0.00010773  Best=0.00001672   Time=0.1  Run Time=317.9
FIRESTARTER_OPTIMIZE: Seed=0  Test=129  Generation=  5  Result=0.00017290  Best=0.00001672   Time=0.1  Run Time=318.3
FIRESTARTER_OPTIMIZE: Seed=0  Test=129  Generation=  6  Result=0.00005281  Best=0.00001672   Time=0.1  Run Time=318.6
FIRESTARTER_OPTIMIZE: Seed=0  Test=129  Generation=  7 *Result=0.00000244  Best=0.00000244   Time=0.1  Run Time=318.9
FIRESTARTER_OPTIMIZE: Seed=0  Test=129  Generation=  8  Result=0.00007984  Best=0.00000244   Time=0.1  Run Time=319.2
FIRESTARTER_OPTIMIZE: Seed=0  Test=129  Generation=  9 *Result=0.00000010  Best=0.00000010   Time=0.1  Run Time=319.5
