CUDA devices = 1
Device 0: NVIDIA GeForce RTX 4090

variations = 1
instructions = 32
registers = 30
opcodes = 2
patternOpcodes = 4

targetMin = 0.000000f
targetMax = 6.283185f
target = 0.000001f

mode = FIRESTARTER_OPTIMIZE
evolveSeed = 1
optimizeSeed = 1
tests = 256
streams = 1
units = 1
states = 1
generations = 0
population = 65536
passes = 384
attempts = 0
optimize = 1

scale = 0.300000f
startScale = 2.500000f
startResult = 10.000000f

FIRESTARTER_OPTIMIZE: Seed=1  Test=68  Generation=  2 *Result=0.00010716  Best=0.00010716   Time=0.1  Run Time=165.7
FIRESTARTER_OPTIMIZE: Seed=1  Test=68  Generation=  3 *Result=0.00001112  Best=0.00001112   Time=0.1  Run Time=166.0
FIRESTARTER_OPTIMIZE: Seed=1  Test=68  Generation=  4  Result=0.00018609  Best=0.00001112   Time=0.1  Run Time=166.4
FIRESTARTER_OPTIMIZE: Seed=1  Test=68  Generation=  5  Result=0.00149992  Best=0.00001112   Time=0.1  Run Time=166.8
FIRESTARTER_OPTIMIZE: Seed=1  Test=68  Generation=  6 *Result=0.00000140  Best=0.00000140   Time=0.1  Run Time=167.1
FIRESTARTER_OPTIMIZE: Seed=1  Test=68  Generation=  7  Result=0.00066593  Best=0.00000140   Time=0.1  Run Time=167.5
FIRESTARTER_OPTIMIZE: Seed=1  Test=68  Generation=  8 *Result=0.00000033  Best=0.00000033   Time=0.1  Run Time=167.9
