CUDA devices = 1
Device 0: NVIDIA GeForce RTX 4090

variations = 1
instructions = 32
registers = 30
opcodes = 2
patternOpcodes = 4

targetMin = 0.000000f
targetMax = 6.283185f
target = 0.000001f

mode = FIRESTARTER_OPTIMIZE
evolveSeed = 1
optimizeSeed = 1
tests = 256
streams = 1
units = 1
states = 1
generations = 0
population = 65536
passes = 512
attempts = 0
optimize = 1

scale = 0.300000f
startScale = 2.500000f
startResult = 10.000000f

FIRESTARTER_OPTIMIZE: Seed=1  Test=251  Generation=  2 *Result=0.00143326  Best=0.00143326   Time=0.1  Run Time=731.0
FIRESTARTER_OPTIMIZE: Seed=1  Test=251  Generation=  3 *Result=0.00053717  Best=0.00053717   Time=0.1  Run Time=731.4
FIRESTARTER_OPTIMIZE: Seed=1  Test=251  Generation=  4  Result=0.00233322  Best=0.00053717   Time=0.1  Run Time=731.8
FIRESTARTER_OPTIMIZE: Seed=1  Test=251  Generation=  5  Result=0.00059634  Best=0.00053717   Time=0.1  Run Time=732.1
FIRESTARTER_OPTIMIZE: Seed=1  Test=251  Generation=  6 *Result=0.00012586  Best=0.00012586   Time=0.1  Run Time=732.5
FIRESTARTER_OPTIMIZE: Seed=1  Test=251  Generation=  7  Result=0.00032042  Best=0.00012586   Time=0.1  Run Time=732.9
FIRESTARTER_OPTIMIZE: Seed=1  Test=251  Generation=  8 *Result=0.00000601  Best=0.00000601   Time=0.1  Run Time=733.3
FIRESTARTER_OPTIMIZE: Seed=1  Test=251  Generation=  9 *Result=0.00000010  Best=0.00000010   Time=0.1  Run Time=733.6
