CUDA devices = 1
Device 0: NVIDIA GeForce RTX 4090

variations = 1
instructions = 32
registers = 30
opcodes = 2
patternOpcodes = 4

targetMin = 0.000000f
targetMax = 6.283185f
target = 0.000001f

mode = FIRESTARTER_OPTIMIZE
evolveSeed = 0
optimizeSeed = 0
tests = 256
streams = 1
units = 1
states = 1
generations = 0
population = 49152
passes = 384
attempts = 0
optimize = 1

scale = 0.300000f
startScale = 2.500000f
startResult = 10.000000f

FIRESTARTER_OPTIMIZE: Seed=0  Test=45  Generation=  2 *Result=0.00018245  Best=0.00018245   Time=0.1  Run Time=113.1
FIRESTARTER_OPTIMIZE: Seed=0  Test=45  Generation=  3 *Result=0.00005504  Best=0.00005504   Time=0.1  Run Time=113.4
FIRESTARTER_OPTIMIZE: Seed=0  Test=45  Generation=  4  Result=0.00019664  Best=0.00005504   Time=0.1  Run Time=113.7
FIRESTARTER_OPTIMIZE: Seed=0  Test=45  Generation=  5  Result=0.00018305  Best=0.00005504   Time=0.1  Run Time=114.0
FIRESTARTER_OPTIMIZE: Seed=0  Test=45  Generation=  6  Result=0.00013003  Best=0.00005504   Time=0.1  Run Time=114.3
FIRESTARTER_OPTIMIZE: Seed=0  Test=45  Generation=  7  Result=0.00036462  Best=0.00005504   Time=0.1  Run Time=114.6
FIRESTARTER_OPTIMIZE: Seed=0  Test=45  Generation=  8  Result=0.00043040  Best=0.00005504   Time=0.1  Run Time=115.0
FIRESTARTER_OPTIMIZE: Seed=0  Test=45  Generation=  9 *Result=0.00000049  Best=0.00000049   Time=0.1  Run Time=115.2
