CUDA devices = 1
Device 0: NVIDIA GeForce RTX 4090

variations = 1
instructions = 32
registers = 30
opcodes = 2
patternOpcodes = 4

targetMin = 0.000000f
targetMax = 6.283185f
target = 0.000001f

mode = FIRESTARTER_OPTIMIZE
evolveSeed = 0
optimizeSeed = 0
tests = 256
streams = 1
units = 1
states = 1
generations = 0
population = 49152
passes = 256
attempts = 0
optimize = 1

scale = 0.300000f
startScale = 2.500000f
startResult = 10.000000f

FIRESTARTER_OPTIMIZE: Seed=0  Test=124  Generation=  2 *Result=0.00012907  Best=0.00012907   Time=0.1  Run Time=345.8
FIRESTARTER_OPTIMIZE: Seed=0  Test=124  Generation=  3 *Result=0.00005916  Best=0.00005916   Time=0.1  Run Time=346.1
FIRESTARTER_OPTIMIZE: Seed=0  Test=124  Generation=  4  Result=0.00057460  Best=0.00005916   Time=0.1  Run Time=346.4
FIRESTARTER_OPTIMIZE: Seed=0  Test=124  Generation=  5  Result=0.00025439  Best=0.00005916   Time=0.1  Run Time=346.7
FIRESTARTER_OPTIMIZE: Seed=0  Test=124  Generation=  6  Result=0.00018838  Best=0.00005916   Time=0.1  Run Time=347.0
FIRESTARTER_OPTIMIZE: Seed=0  Test=124  Generation=  7  Result=0.00020560  Best=0.00005916   Time=0.1  Run Time=347.4
FIRESTARTER_OPTIMIZE: Seed=0  Test=124  Generation=  8  Result=0.00006732  Best=0.00005916   Time=0.1  Run Time=347.7
FIRESTARTER_OPTIMIZE: Seed=0  Test=124  Generation=  9  Result=0.00040667  Best=0.00005916   Time=0.1  Run Time=348.0
FIRESTARTER_OPTIMIZE: Seed=0  Test=124  Generation= 10 *Result=0.00000031  Best=0.00000031   Time=0.1  Run Time=348.3
