CUDA devices = 1
Device 0: NVIDIA GeForce RTX 4090

variations = 1
instructions = 32
registers = 30
opcodes = 2
patternOpcodes = 4

targetMin = 0.000000f
targetMax = 6.283185f
target = 0.000001f

mode = FIRESTARTER_OPTIMIZE
evolveSeed = 0
optimizeSeed = 0
tests = 256
streams = 1
units = 1
states = 1
generations = 0
population = 49152
passes = 256
attempts = 0
optimize = 1

scale = 0.300000f
startScale = 2.500000f
startResult = 10.000000f

FIRESTARTER_OPTIMIZE: Seed=0  Test=80  Generation=  2 *Result=0.00119088  Best=0.00119088   Time=0.1  Run Time=212.6
FIRESTARTER_OPTIMIZE: Seed=0  Test=80  Generation=  3 *Result=0.00020087  Best=0.00020087   Time=0.1  Run Time=212.9
FIRESTARTER_OPTIMIZE: Seed=0  Test=80  Generation=  4 *Result=0.00000335  Best=0.00000335   Time=0.1  Run Time=213.2
FIRESTARTER_OPTIMIZE: Seed=0  Test=80  Generation=  5  Result=0.00018263  Best=0.00000335   Time=0.1  Run Time=213.5
FIRESTARTER_OPTIMIZE: Seed=0  Test=80  Generation=  6 *Result=0.00000109  Best=0.00000109   Time=0.1  Run Time=213.8
FIRESTARTER_OPTIMIZE: Seed=0  Test=80  Generation=  7  Result=0.00051609  Best=0.00000109   Time=0.1  Run Time=214.1
FIRESTARTER_OPTIMIZE: Seed=0  Test=80  Generation=  8  Result=0.00021112  Best=0.00000109   Time=0.1  Run Time=214.4
FIRESTARTER_OPTIMIZE: Seed=0  Test=80  Generation=  9 *Result=0.00000041  Best=0.00000041   Time=0.1  Run Time=214.7
