CUDA devices = 1
Device 0: NVIDIA GeForce RTX 4090

variations = 1
instructions = 32
registers = 30
opcodes = 2
patternOpcodes = 4

targetMin = 0.000000f
targetMax = 6.283185f
target = 0.000001f

mode = FIRESTARTER_OPTIMIZE
evolveSeed = 1
optimizeSeed = 1
tests = 256
streams = 1
units = 1
states = 1
generations = 0
population = 65536
passes = 512
attempts = 0
optimize = 1

scale = 0.300000f
startScale = 2.500000f
startResult = 10.000000f

FIRESTARTER_OPTIMIZE: Seed=1  Test=129  Generation=  2 *Result=0.00052377  Best=0.00052377   Time=0.1  Run Time=397.5
FIRESTARTER_OPTIMIZE: Seed=1  Test=129  Generation=  3 *Result=0.00000715  Best=0.00000715   Time=0.1  Run Time=397.8
FIRESTARTER_OPTIMIZE: Seed=1  Test=129  Generation=  4  Result=0.00064370  Best=0.00000715   Time=0.1  Run Time=398.3
FIRESTARTER_OPTIMIZE: Seed=1  Test=129  Generation=  5 *Result=0.00000249  Best=0.00000249   Time=0.1  Run Time=398.7
FIRESTARTER_OPTIMIZE: Seed=1  Test=129  Generation=  6  Result=0.00001229  Best=0.00000249   Time=0.1  Run Time=399.1
FIRESTARTER_OPTIMIZE: Seed=1  Test=129  Generation=  7 *Result=0.00000061  Best=0.00000061   Time=0.1  Run Time=399.6
