CUDA devices = 1
Device 0: NVIDIA GeForce RTX 4090

variations = 1
samples = 15
instructions = 32
registers = 30
opcodes = 2
patternOpcodes = 4

targetMin = 0.000000f
targetMax = 6.283185f
target = 0.000001f

mode = FIRESTARTER_OPTIMIZE
evolveSeed = 0
optimizeSeed = 0
tests = 256
streams = 1
units = 1
states = 1
generations = 0
population = 65536
iterations = 64
passes = 512
candidates = 16
attempts = 0
optimize = 1

scale = 0.200000f
startScale = 2.500000f
startResult = 10.000000f

FIRESTARTER_OPTIMIZE: Seed=0  Test=53  Generation=  2 *Result=0.00005285  Best=0.00005285   Time=0.1  Run Time=266.9
FIRESTARTER_OPTIMIZE: Seed=0  Test=53  Generation=  3  Result=0.00006218  Best=0.00005285   Time=0.1  Run Time=267.3
FIRESTARTER_OPTIMIZE: Seed=0  Test=53  Generation=  4  Result=0.00023519  Best=0.00005285   Time=0.1  Run Time=267.8
FIRESTARTER_OPTIMIZE: Seed=0  Test=53  Generation=  5 *Result=0.00002015  Best=0.00002015   Time=0.1  Run Time=268.3
FIRESTARTER_OPTIMIZE: Seed=0  Test=53  Generation=  6  Result=0.00011708  Best=0.00002015   Time=0.1  Run Time=268.7
FIRESTARTER_OPTIMIZE: Seed=0  Test=53  Generation=  7  Result=0.00185787  Best=0.00002015   Time=0.1  Run Time=269.2
FIRESTARTER_OPTIMIZE: Seed=0  Test=53  Generation=  8  Result=0.00018840  Best=0.00002015   Time=0.1  Run Time=269.6
FIRESTARTER_OPTIMIZE: Seed=0  Test=53  Generation=  9  Result=0.00018232  Best=0.00002015   Time=0.1  Run Time=270.1
FIRESTARTER_OPTIMIZE: Seed=0  Test=53  Generation= 10 *Result=0.00000067  Best=0.00000067   Time=0.1  Run Time=270.6
