CUDA devices = 1
Device 0: NVIDIA GeForce RTX 4090

variations = 1
samples = 15
instructions = 32
registers = 30
opcodes = 2
patternOpcodes = 4

targetMin = 0.000000f
targetMax = 6.283185f
target = 0.000001f

mode = FIRESTARTER_OPTIMIZE
evolveSeed = 123
optimizeSeed = 123
tests = 256
streams = 1
units = 1
states = 1
generations = 0
population = 65536
iterations = 64
passes = 512
candidates = 16
attempts = 0
optimize = 1

scale = 0.300000f
startScale = 2.500000f
startResult = 10.000000f

FIRESTARTER_OPTIMIZE: Seed=123  Test=125  Generation=  2 *Result=0.00002163  Best=0.00002163   Time=0.1  Run Time=398.9
FIRESTARTER_OPTIMIZE: Seed=123  Test=125  Generation=  3  Result=0.00006557  Best=0.00002163   Time=0.1  Run Time=399.3
FIRESTARTER_OPTIMIZE: Seed=123  Test=125  Generation=  4  Result=0.00128636  Best=0.00002163   Time=0.1  Run Time=399.7
FIRESTARTER_OPTIMIZE: Seed=123  Test=125  Generation=  5  Result=0.00034511  Best=0.00002163   Time=0.1  Run Time=400.1
FIRESTARTER_OPTIMIZE: Seed=123  Test=125  Generation=  6  Result=0.00005174  Best=0.00002163   Time=0.1  Run Time=400.4
FIRESTARTER_OPTIMIZE: Seed=123  Test=125  Generation=  7 *Result=0.00001429  Best=0.00001429   Time=0.1  Run Time=400.8
FIRESTARTER_OPTIMIZE: Seed=123  Test=125  Generation=  8  Result=0.00237115  Best=0.00001429   Time=0.1  Run Time=401.2
FIRESTARTER_OPTIMIZE: Seed=123  Test=125  Generation=  9  Result=0.00004951  Best=0.00001429   Time=0.1  Run Time=401.6
FIRESTARTER_OPTIMIZE: Seed=123  Test=125  Generation= 10 *Result=0.00000215  Best=0.00000215   Time=0.1  Run Time=402.0
FIRESTARTER_OPTIMIZE: Seed=123  Test=125  Generation= 11  Result=0.00006501  Best=0.00000215   Time=0.1  Run Time=402.3
FIRESTARTER_OPTIMIZE: Seed=123  Test=125  Generation= 12 *Result=0.00000011  Best=0.00000011   Time=0.1  Run Time=402.7
