CUDA devices = 1
Device 0: NVIDIA GeForce RTX 4090

variations = 1
instructions = 32
registers = 30
opcodes = 2
patternOpcodes = 4

targetMin = 0.000000f
targetMax = 6.283185f
target = 0.000001f

mode = FIRESTARTER_OPTIMIZE
evolveSeed = 0
optimizeSeed = 0
tests = 256
streams = 1
units = 1
states = 1
generations = 0
population = 65536
passes = 512
attempts = 0
optimize = 1

scale = 0.300000f
startScale = 2.500000f
startResult = 10.000000f

FIRESTARTER_OPTIMIZE: Seed=0  Test=192  Generation=  2 *Result=0.00018907  Best=0.00018907   Time=0.1  Run Time=555.9
FIRESTARTER_OPTIMIZE: Seed=0  Test=192  Generation=  3 *Result=0.00000109  Best=0.00000109   Time=0.1  Run Time=556.3
FIRESTARTER_OPTIMIZE: Seed=0  Test=192  Generation=  4  Result=0.00005817  Best=0.00000109   Time=0.1  Run Time=556.6
FIRESTARTER_OPTIMIZE: Seed=0  Test=192  Generation=  5  Result=0.00000990  Best=0.00000109   Time=0.1  Run Time=557.0
FIRESTARTER_OPTIMIZE: Seed=0  Test=192  Generation=  6  Result=0.00000262  Best=0.00000109   Time=0.1  Run Time=557.4
FIRESTARTER_OPTIMIZE: Seed=0  Test=192  Generation=  7  Result=0.00005241  Best=0.00000109   Time=0.1  Run Time=557.8
FIRESTARTER_OPTIMIZE: Seed=0  Test=192  Generation=  8  Result=0.00010102  Best=0.00000109   Time=0.1  Run Time=558.2
FIRESTARTER_OPTIMIZE: Seed=0  Test=192  Generation=  9  Result=0.00001163  Best=0.00000109   Time=0.1  Run Time=558.5
FIRESTARTER_OPTIMIZE: Seed=0  Test=192  Generation= 10 *Result=0.00000036  Best=0.00000036   Time=0.1  Run Time=558.9
