CUDA devices = 1
Device 0: NVIDIA GeForce RTX 4090

variations = 1
samples = 15
instructions = 32
registers = 30
opcodes = 2
patternOpcodes = 4

targetMin = 0.000000f
targetMax = 6.283185f
target = 0.000001f

mode = FIRESTARTER_OPTIMIZE
evolveSeed = 0
optimizeSeed = 0
tests = 256
streams = 1
units = 1
states = 1
generations = 0
population = 65536
iterations = 64
passes = 512
candidates = 16
attempts = 0
optimize = 1

scale = 0.300000f
startScale = 2.500000f
startResult = 10.000000f

FIRESTARTER_OPTIMIZE: Seed=0  Test=73  Generation=  2 *Result=0.00001991  Best=0.00001991   Time=0.1  Run Time=217.6
FIRESTARTER_OPTIMIZE: Seed=0  Test=73  Generation=  3  Result=0.00061417  Best=0.00001991   Time=0.1  Run Time=218.0
FIRESTARTER_OPTIMIZE: Seed=0  Test=73  Generation=  4  Result=0.00670309  Best=0.00001991   Time=0.1  Run Time=218.4
FIRESTARTER_OPTIMIZE: Seed=0  Test=73  Generation=  5  Result=0.00010957  Best=0.00001991   Time=0.1  Run Time=218.8
FIRESTARTER_OPTIMIZE: Seed=0  Test=73  Generation=  6  Result=0.00011867  Best=0.00001991   Time=0.1  Run Time=219.1
FIRESTARTER_OPTIMIZE: Seed=0  Test=73  Generation=  7  Result=0.00017982  Best=0.00001991   Time=0.1  Run Time=219.5
FIRESTARTER_OPTIMIZE: Seed=0  Test=73  Generation=  8  Result=0.00269861  Best=0.00001991   Time=0.1  Run Time=219.8
FIRESTARTER_OPTIMIZE: Seed=0  Test=73  Generation=  9  Result=0.00007905  Best=0.00001991   Time=0.1  Run Time=220.2
FIRESTARTER_OPTIMIZE: Seed=0  Test=73  Generation= 10  Result=0.00010107  Best=0.00001991   Time=0.1  Run Time=220.6
FIRESTARTER_OPTIMIZE: Seed=0  Test=73  Generation= 11  Result=0.00005160  Best=0.00001991   Time=0.1  Run Time=220.9
FIRESTARTER_OPTIMIZE: Seed=0  Test=73  Generation= 12  Result=0.00020353  Best=0.00001991   Time=0.1  Run Time=221.3
FIRESTARTER_OPTIMIZE: Seed=0  Test=73  Generation= 13 *Result=0.00001458  Best=0.00001458   Time=0.1  Run Time=221.7
FIRESTARTER_OPTIMIZE: Seed=0  Test=73  Generation= 14 *Result=0.00000059  Best=0.00000059   Time=0.1  Run Time=222.1
