CUDA devices = 1
Device 0: NVIDIA GeForce RTX 4090

variations = 1
instructions = 32
registers = 30
opcodes = 2
patternOpcodes = 4

targetMin = 0.000000f
targetMax = 6.283185f
target = 0.000001f

mode = FIRESTARTER_OPTIMIZE
evolveSeed = 1
optimizeSeed = 1
tests = 256
streams = 1
units = 1
states = 1
generations = 0
population = 65536
passes = 512
attempts = 0
optimize = 1

scale = 0.300000f
startScale = 2.500000f
startResult = 10.000000f

FIRESTARTER_OPTIMIZE: Seed=1  Test=93  Generation=  2 *Result=0.00013491  Best=0.00013491   Time=0.1  Run Time=246.2
FIRESTARTER_OPTIMIZE: Seed=1  Test=93  Generation=  3  Result=0.00019706  Best=0.00013491   Time=0.1  Run Time=246.6
FIRESTARTER_OPTIMIZE: Seed=1  Test=93  Generation=  4  Result=0.00027568  Best=0.00013491   Time=0.1  Run Time=247.0
FIRESTARTER_OPTIMIZE: Seed=1  Test=93  Generation=  5  Result=0.00016050  Best=0.00013491   Time=0.1  Run Time=247.3
FIRESTARTER_OPTIMIZE: Seed=1  Test=93  Generation=  6  Result=0.00047442  Best=0.00013491   Time=0.1  Run Time=247.7
FIRESTARTER_OPTIMIZE: Seed=1  Test=93  Generation=  7 *Result=0.00001898  Best=0.00001898   Time=0.1  Run Time=248.1
FIRESTARTER_OPTIMIZE: Seed=1  Test=93  Generation=  8  Result=0.00016016  Best=0.00001898   Time=0.1  Run Time=248.5
FIRESTARTER_OPTIMIZE: Seed=1  Test=93  Generation=  9 *Result=0.00000344  Best=0.00000344   Time=0.1  Run Time=248.8
FIRESTARTER_OPTIMIZE: Seed=1  Test=93  Generation= 10  Result=0.00001153  Best=0.00000344   Time=0.1  Run Time=249.2
FIRESTARTER_OPTIMIZE: Seed=1  Test=93  Generation= 11 *Result=0.00000018  Best=0.00000018   Time=0.1  Run Time=249.6
