CUDA devices = 1
Device 0: NVIDIA GeForce RTX 4090

variations = 1
instructions = 32
registers = 30
opcodes = 2
patternOpcodes = 4

targetMin = 0.000000f
targetMax = 6.283185f
target = 0.000001f

mode = FIRESTARTER_OPTIMIZE
evolveSeed = 2
optimizeSeed = 2
tests = 256
streams = 1
units = 1
states = 1
generations = 0
population = 65536
passes = 384
attempts = 0
optimize = 1

scale = 0.300000f
startScale = 2.500000f
startResult = 10.000000f

FIRESTARTER_OPTIMIZE: Seed=2  Test=202  Generation=  2 *Result=0.00000121  Best=0.00000121   Time=0.1  Run Time=495.6
FIRESTARTER_OPTIMIZE: Seed=2  Test=202  Generation=  3  Result=0.00023853  Best=0.00000121   Time=0.1  Run Time=495.9
FIRESTARTER_OPTIMIZE: Seed=2  Test=202  Generation=  4  Result=0.00015983  Best=0.00000121   Time=0.1  Run Time=496.2
FIRESTARTER_OPTIMIZE: Seed=2  Test=202  Generation=  5  Result=0.00000313  Best=0.00000121   Time=0.1  Run Time=496.5
FIRESTARTER_OPTIMIZE: Seed=2  Test=202  Generation=  6  Result=0.00001669  Best=0.00000121   Time=0.1  Run Time=496.8
FIRESTARTER_OPTIMIZE: Seed=2  Test=202  Generation=  7  Result=0.00000717  Best=0.00000121   Time=0.1  Run Time=497.1
FIRESTARTER_OPTIMIZE: Seed=2  Test=202  Generation=  8  Result=0.00022478  Best=0.00000121   Time=0.1  Run Time=497.4
FIRESTARTER_OPTIMIZE: Seed=2  Test=202  Generation=  9  Result=0.00000280  Best=0.00000121   Time=0.1  Run Time=497.7
FIRESTARTER_OPTIMIZE: Seed=2  Test=202  Generation= 10  Result=0.00033939  Best=0.00000121   Time=0.1  Run Time=498.0
FIRESTARTER_OPTIMIZE: Seed=2  Test=202  Generation= 11 *Result=0.00000047  Best=0.00000047   Time=0.1  Run Time=498.3
