CUDA devices = 1
Device 0: NVIDIA GeForce RTX 4090

variations = 1
samples = 15
instructions = 32
registers = 30
opcodes = 2
patternOpcodes = 4

targetMin = 0.000000f
targetMax = 6.283185f
target = 0.000001f

mode = FIRESTARTER_OPTIMIZE
evolveSeed = 0
optimizeSeed = 0
tests = 256
streams = 1
units = 1
states = 1
generations = 0
population = 65536
iterations = 64
passes = 512
candidates = 16
attempts = 0
optimize = 1

scale = 0.100000f
startScale = 3.000000f
startResult = 10.000000f

FIRESTARTER_OPTIMIZE: Seed=0  Test=227  Generation=  2 *Result=0.00043213  Best=0.00043213   Time=0.1  Run Time=1400.1
FIRESTARTER_OPTIMIZE: Seed=0  Test=227  Generation=  3 *Result=0.00008448  Best=0.00008448   Time=0.1  Run Time=1400.5
FIRESTARTER_OPTIMIZE: Seed=0  Test=227  Generation=  4  Result=0.00093387  Best=0.00008448   Time=0.1  Run Time=1401.0
FIRESTARTER_OPTIMIZE: Seed=0  Test=227  Generation=  5  Result=0.00018207  Best=0.00008448   Time=0.1  Run Time=1401.4
FIRESTARTER_OPTIMIZE: Seed=0  Test=227  Generation=  6  Result=0.00145211  Best=0.00008448   Time=0.1  Run Time=1401.8
FIRESTARTER_OPTIMIZE: Seed=0  Test=227  Generation=  7 *Result=0.00001058  Best=0.00001058   Time=0.1  Run Time=1402.3
FIRESTARTER_OPTIMIZE: Seed=0  Test=227  Generation=  8  Result=0.00003765  Best=0.00001058   Time=0.1  Run Time=1402.7
FIRESTARTER_OPTIMIZE: Seed=0  Test=227  Generation=  9 *Result=0.00000047  Best=0.00000047   Time=0.1  Run Time=1403.1
