CUDA devices = 1
Device 0: NVIDIA GeForce RTX 4090

variations = 1
samples = 15
instructions = 32
registers = 30
opcodes = 2
patternOpcodes = 4

targetMin = 0.000000f
targetMax = 6.283185f
target = 0.000001f

mode = FIRESTARTER_OPTIMIZE
evolveSeed = 123
optimizeSeed = 123
tests = 256
streams = 1
units = 1
states = 1
generations = 0
population = 65536
iterations = 64
passes = 512
candidates = 16
attempts = 0
optimize = 1

scale = 0.300000f
startScale = 2.500000f
startResult = 10.000000f

FIRESTARTER_OPTIMIZE: Seed=123  Test=15  Generation=  2 *Result=0.00000313  Best=0.00000313   Time=0.1  Run Time=59.9
FIRESTARTER_OPTIMIZE: Seed=123  Test=15  Generation=  3  Result=0.00049121  Best=0.00000313   Time=0.1  Run Time=60.2
FIRESTARTER_OPTIMIZE: Seed=123  Test=15  Generation=  4  Result=0.00016819  Best=0.00000313   Time=0.1  Run Time=60.6
FIRESTARTER_OPTIMIZE: Seed=123  Test=15  Generation=  5 *Result=0.00000067  Best=0.00000067   Time=0.1  Run Time=61.0
