CUDA devices = 1
Device 0: NVIDIA GeForce RTX 4090

variations = 1
instructions = 32
registers = 30
opcodes = 2
patternOpcodes = 4

targetMin = 0.000000f
targetMax = 6.283185f
target = 0.000001f

mode = FIRESTARTER_OPTIMIZE
evolveSeed = 0
optimizeSeed = 0
tests = 256
streams = 1
units = 1
states = 1
generations = 0
population = 65536
passes = 384
attempts = 0
optimize = 1

scale = 0.300000f
startScale = 2.500000f
startResult = 10.000000f

FIRESTARTER_OPTIMIZE: Seed=0  Test=183  Generation=  1 *Result=0.00007353  Best=0.00007353   Time=0.1  Run Time=664.8
FIRESTARTER_OPTIMIZE: Seed=0  Test=183  Generation=  2  Result=0.00139515  Best=0.00007353   Time=0.1  Run Time=665.0
FIRESTARTER_OPTIMIZE: Seed=0  Test=183  Generation=  3  Result=0.00012838  Best=0.00007353   Time=0.1  Run Time=665.1
FIRESTARTER_OPTIMIZE: Seed=0  Test=183  Generation=  4  Result=0.00010407  Best=0.00007353   Time=0.1  Run Time=665.2
FIRESTARTER_OPTIMIZE: Seed=0  Test=183  Generation=  5  Result=0.00027825  Best=0.00007353   Time=0.1  Run Time=665.4
FIRESTARTER_OPTIMIZE: Seed=0  Test=183  Generation=  6  Result=0.00023326  Best=0.00007353   Time=0.1  Run Time=665.5
FIRESTARTER_OPTIMIZE: Seed=0  Test=183  Generation=  7 *Result=0.00004414  Best=0.00004414   Time=0.1  Run Time=665.8
FIRESTARTER_OPTIMIZE: Seed=0  Test=183  Generation=  8 *Result=0.00004146  Best=0.00004146   Time=0.1  Run Time=665.9
FIRESTARTER_OPTIMIZE: Seed=0  Test=183  Generation=  9  Result=0.00005336  Best=0.00004146   Time=0.1  Run Time=666.1
FIRESTARTER_OPTIMIZE: Seed=0  Test=183  Generation= 10 *Result=0.00000029  Best=0.00000029   Time=0.1  Run Time=666.2
