CUDA devices = 1
Device 0: NVIDIA GeForce RTX 4090

variations = 1
instructions = 32
registers = 30
opcodes = 2
patternOpcodes = 4

targetMin = 0.000000f
targetMax = 6.283185f
target = 0.000001f

mode = FIRESTARTER_OPTIMIZE
evolveSeed = 0
optimizeSeed = 0
tests = 256
streams = 1
units = 1
states = 1
generations = 0
population = 65536
passes = 384
attempts = 0
optimize = 1

scale = 0.300000f
startScale = 2.500000f
startResult = 10.000000f

FIRESTARTER_OPTIMIZE: Seed=0  Test=105  Generation=  1 *Result=0.00012047  Best=0.00012047   Time=0.1  Run Time=299.9
FIRESTARTER_OPTIMIZE: Seed=0  Test=105  Generation=  2 *Result=0.00005889  Best=0.00005889   Time=0.1  Run Time=300.0
FIRESTARTER_OPTIMIZE: Seed=0  Test=105  Generation=  3  Result=0.00084998  Best=0.00005889   Time=0.1  Run Time=300.2
FIRESTARTER_OPTIMIZE: Seed=0  Test=105  Generation=  4  Result=0.00051109  Best=0.00005889   Time=0.1  Run Time=300.3
FIRESTARTER_OPTIMIZE: Seed=0  Test=105  Generation=  5  Result=0.00007938  Best=0.00005889   Time=0.1  Run Time=300.5
FIRESTARTER_OPTIMIZE: Seed=0  Test=105  Generation=  6 *Result=0.00002282  Best=0.00002282   Time=0.1  Run Time=300.6
FIRESTARTER_OPTIMIZE: Seed=0  Test=105  Generation=  7  Result=0.00056958  Best=0.00002282   Time=0.1  Run Time=300.8
FIRESTARTER_OPTIMIZE: Seed=0  Test=105  Generation=  8 *Result=0.00000018  Best=0.00000018   Time=0.1  Run Time=300.9
