CUDA devices = 1
Device 0: NVIDIA GeForce RTX 4090

variations = 1
samples = 15
instructions = 32
registers = 30
opcodes = 2
patternOpcodes = 4

targetMin = 0.000000f
targetMax = 6.283185f
target = 0.000001f

mode = FIRESTARTER_OPTIMIZE
evolveSeed = 123
optimizeSeed = 123
tests = 256
streams = 1
units = 1
states = 1
generations = 0
population = 65536
iterations = 64
passes = 512
candidates = 16
attempts = 0
optimize = 1

scale = 0.300000f
startScale = 2.500000f
startResult = 10.000000f

FIRESTARTER_OPTIMIZE: Seed=123  Test=130  Generation=  2 *Result=0.00007639  Best=0.00007639   Time=0.1  Run Time=397.7
FIRESTARTER_OPTIMIZE: Seed=123  Test=130  Generation=  3 *Result=0.00006442  Best=0.00006442   Time=0.1  Run Time=398.2
FIRESTARTER_OPTIMIZE: Seed=123  Test=130  Generation=  4  Result=0.00015209  Best=0.00006442   Time=0.1  Run Time=398.6
FIRESTARTER_OPTIMIZE: Seed=123  Test=130  Generation=  5 *Result=0.00000324  Best=0.00000324   Time=0.1  Run Time=399.1
FIRESTARTER_OPTIMIZE: Seed=123  Test=130  Generation=  6  Result=0.00012065  Best=0.00000324   Time=0.1  Run Time=399.5
FIRESTARTER_OPTIMIZE: Seed=123  Test=130  Generation=  7  Result=0.00002807  Best=0.00000324   Time=0.1  Run Time=400.0
FIRESTARTER_OPTIMIZE: Seed=123  Test=130  Generation=  8  Result=0.00018747  Best=0.00000324   Time=0.1  Run Time=400.4
FIRESTARTER_OPTIMIZE: Seed=123  Test=130  Generation=  9  Result=0.00149613  Best=0.00000324   Time=0.1  Run Time=400.8
FIRESTARTER_OPTIMIZE: Seed=123  Test=130  Generation= 10 *Result=0.00000038  Best=0.00000038   Time=0.1  Run Time=401.3
