Seed: 0  Test: 0  Generation=11  Evolve Result=0.00721925  Optimize Result=0.00000047  Duration: 9.7  Total: 9.7  Average: 9.7 *******
Seed: 0  Test: 1  Generation=2  Evolve Result=0.00128365  Optimize Result=0.00000013  Duration: 1.3  Total: 11.0  Average: 5.5 *******
Seed: 0  Test: 2  Generation=3  Evolve Result=0.00388369  Optimize Result=0.00000044  Duration: 2.1  Total: 13.1  Average: 4.4 *******
Seed: 0  Test: 3  Generation=22  Evolve Result=0.00685990  Optimize Result=0.00000017  Duration: 18.1  Total: 31.2  Average: 7.8 *******
