CUDA devices = 1
Device 0: NVIDIA GeForce RTX 4090

variations = 1
samples = 15
instructions = 32
registers = 30
opcodes = 2
patternOpcodes = 4

targetMin = 0.000000f
targetMax = 6.283185f
target = 0.000001f

mode = FIRESTARTER_OPTIMIZE
evolveSeed = 0
optimizeSeed = 0
tests = 256
streams = 1
units = 1
states = 1
generations = 0
population = 65536
iterations = 64
passes = 512
candidates = 16
attempts = 0
optimize = 1

scale = 0.200000f
startScale = 2.500000f
startResult = 10.000000f

FIRESTARTER_OPTIMIZE: Seed=0  Test=129  Generation=  2 *Result=0.00225675  Best=0.00225675   Time=0.1  Run Time=548.6
FIRESTARTER_OPTIMIZE: Seed=0  Test=129  Generation=  3 *Result=0.00001580  Best=0.00001580   Time=0.1  Run Time=549.0
FIRESTARTER_OPTIMIZE: Seed=0  Test=129  Generation=  4  Result=0.00009882  Best=0.00001580   Time=0.1  Run Time=549.4
FIRESTARTER_OPTIMIZE: Seed=0  Test=129  Generation=  5  Result=0.00018644  Best=0.00001580   Time=0.1  Run Time=549.9
FIRESTARTER_OPTIMIZE: Seed=0  Test=129  Generation=  6  Result=0.00054300  Best=0.00001580   Time=0.1  Run Time=550.3
FIRESTARTER_OPTIMIZE: Seed=0  Test=129  Generation=  7 *Result=0.00000125  Best=0.00000125   Time=0.1  Run Time=550.8
FIRESTARTER_OPTIMIZE: Seed=0  Test=129  Generation=  8  Result=0.00002486  Best=0.00000125   Time=0.1  Run Time=551.2
FIRESTARTER_OPTIMIZE: Seed=0  Test=129  Generation=  9  Result=0.00017181  Best=0.00000125   Time=0.1  Run Time=551.7
FIRESTARTER_OPTIMIZE: Seed=0  Test=129  Generation= 10  Result=0.00003717  Best=0.00000125   Time=0.1  Run Time=552.1
FIRESTARTER_OPTIMIZE: Seed=0  Test=129  Generation= 11 *Result=0.00000024  Best=0.00000024   Time=0.1  Run Time=552.6
