CUDA devices = 1
Device 0: NVIDIA GeForce RTX 4090

variations = 1
samples = 15
instructions = 32
registers = 30
opcodes = 2
patternOpcodes = 4

targetMin = 0.000000f
targetMax = 6.283185f
target = 0.000001f

mode = FIRESTARTER_OPTIMIZE
evolveSeed = 0
optimizeSeed = 0
tests = 256
streams = 1
units = 1
states = 1
generations = 0
population = 65536
iterations = 64
passes = 512
candidates = 16
attempts = 0
optimize = 1

scale = 0.100000f
startScale = 3.000000f
startResult = 10.000000f

FIRESTARTER_OPTIMIZE: Seed=0  Test=226  Generation=  2 *Result=0.00029734  Best=0.00029734   Time=0.1  Run Time=1395.7
FIRESTARTER_OPTIMIZE: Seed=0  Test=226  Generation=  3 *Result=0.00008003  Best=0.00008003   Time=0.1  Run Time=1396.2
FIRESTARTER_OPTIMIZE: Seed=0  Test=226  Generation=  4 *Result=0.00000213  Best=0.00000213   Time=0.1  Run Time=1396.6
FIRESTARTER_OPTIMIZE: Seed=0  Test=226  Generation=  5  Result=0.00615060  Best=0.00000213   Time=0.1  Run Time=1397.1
FIRESTARTER_OPTIMIZE: Seed=0  Test=226  Generation=  6  Result=0.00133764  Best=0.00000213   Time=0.1  Run Time=1397.6
FIRESTARTER_OPTIMIZE: Seed=0  Test=226  Generation=  7  Result=0.00001343  Best=0.00000213   Time=0.1  Run Time=1398.0
FIRESTARTER_OPTIMIZE: Seed=0  Test=226  Generation=  8  Result=0.00613976  Best=0.00000213   Time=0.1  Run Time=1398.5
FIRESTARTER_OPTIMIZE: Seed=0  Test=226  Generation=  9  Result=0.00018910  Best=0.00000213   Time=0.1  Run Time=1398.9
FIRESTARTER_OPTIMIZE: Seed=0  Test=226  Generation= 10 *Result=0.00000080  Best=0.00000080   Time=0.1  Run Time=1399.4
