CUDA devices = 1
Device 0: NVIDIA GeForce RTX 4090

variations = 1
samples = 15
instructions = 32
registers = 30
opcodes = 2
patternOpcodes = 4

targetMin = 0.000000f
targetMax = 6.283185f
target = 0.000001f

mode = FIRESTARTER_OPTIMIZE
evolveSeed = 0
optimizeSeed = 0
tests = 256
streams = 1
units = 1
states = 1
generations = 0
population = 65536
iterations = 64
passes = 512
candidates = 16
attempts = 0
optimize = 1

scale = 0.300000f
startScale = 2.500000f
startResult = 10.000000f

FIRESTARTER_OPTIMIZE: Seed=0  Test=194  Generation=  2 *Result=0.00132693  Best=0.00132693   Time=0.1  Run Time=811.3
FIRESTARTER_OPTIMIZE: Seed=0  Test=194  Generation=  3 *Result=0.00037590  Best=0.00037590   Time=0.1  Run Time=811.8
FIRESTARTER_OPTIMIZE: Seed=0  Test=194  Generation=  4 *Result=0.00005609  Best=0.00005609   Time=0.1  Run Time=812.2
FIRESTARTER_OPTIMIZE: Seed=0  Test=194  Generation=  5  Result=0.00091218  Best=0.00005609   Time=0.1  Run Time=812.7
FIRESTARTER_OPTIMIZE: Seed=0  Test=194  Generation=  6  Result=0.00020875  Best=0.00005609   Time=0.1  Run Time=813.2
FIRESTARTER_OPTIMIZE: Seed=0  Test=194  Generation=  7  Result=0.00020260  Best=0.00005609   Time=0.1  Run Time=813.7
FIRESTARTER_OPTIMIZE: Seed=0  Test=194  Generation=  8 *Result=0.00001213  Best=0.00001213   Time=0.1  Run Time=814.1
FIRESTARTER_OPTIMIZE: Seed=0  Test=194  Generation=  9 *Result=0.00000042  Best=0.00000042   Time=0.1  Run Time=814.6
