CUDA devices = 1
Device 0: NVIDIA GeForce RTX 4090

variations = 1
instructions = 32
registers = 30
opcodes = 2
patternOpcodes = 4

targetMin = 0.000000f
targetMax = 6.283185f
target = 0.000001f

mode = FIRESTARTER_OPTIMIZE
evolveSeed = 0
optimizeSeed = 0
tests = 256
streams = 1
units = 1
states = 1
generations = 0
population = 65536
passes = 384
attempts = 0
optimize = 1

scale = 0.300000f
startScale = 2.500000f
startResult = 10.000000f

FIRESTARTER_OPTIMIZE: Seed=0  Test=36  Generation=  2 *Result=0.00002940  Best=0.00002940   Time=0.1  Run Time=102.0
FIRESTARTER_OPTIMIZE: Seed=0  Test=36  Generation=  3  Result=0.00018230  Best=0.00002940   Time=0.1  Run Time=102.4
FIRESTARTER_OPTIMIZE: Seed=0  Test=36  Generation=  4  Result=0.00006884  Best=0.00002940   Time=0.1  Run Time=102.7
FIRESTARTER_OPTIMIZE: Seed=0  Test=36  Generation=  5  Result=0.00007764  Best=0.00002940   Time=0.1  Run Time=103.1
FIRESTARTER_OPTIMIZE: Seed=0  Test=36  Generation=  6  Result=0.00041025  Best=0.00002940   Time=0.1  Run Time=103.4
FIRESTARTER_OPTIMIZE: Seed=0  Test=36  Generation=  7 *Result=0.00001988  Best=0.00001988   Time=0.1  Run Time=103.8
FIRESTARTER_OPTIMIZE: Seed=0  Test=36  Generation=  8  Result=0.00017566  Best=0.00001988   Time=0.1  Run Time=104.2
FIRESTARTER_OPTIMIZE: Seed=0  Test=36  Generation=  9 *Result=0.00000012  Best=0.00000012   Time=0.1  Run Time=104.5
