CUDA devices = 1
Device 0: NVIDIA GeForce RTX 4090

variations = 1
instructions = 32
registers = 30
opcodes = 2
patternOpcodes = 4

targetMin = 0.000000f
targetMax = 6.283185f
target = 0.000001f

mode = FIRESTARTER_OPTIMIZE
evolveSeed = 2
optimizeSeed = 2
tests = 256
streams = 1
units = 1
states = 1
generations = 0
population = 65536
passes = 384
attempts = 0
optimize = 1

scale = 0.300000f
startScale = 2.500000f
startResult = 10.000000f

FIRESTARTER_OPTIMIZE: Seed=2  Test=226  Generation=  2 *Result=0.00000700  Best=0.00000700   Time=0.1  Run Time=554.5
FIRESTARTER_OPTIMIZE: Seed=2  Test=226  Generation=  3 *Result=0.00000232  Best=0.00000232   Time=0.1  Run Time=554.7
FIRESTARTER_OPTIMIZE: Seed=2  Test=226  Generation=  4  Result=0.00032007  Best=0.00000232   Time=0.1  Run Time=555.0
FIRESTARTER_OPTIMIZE: Seed=2  Test=226  Generation=  5  Result=0.00092907  Best=0.00000232   Time=0.1  Run Time=555.3
FIRESTARTER_OPTIMIZE: Seed=2  Test=226  Generation=  6 *Result=0.00000075  Best=0.00000075   Time=0.1  Run Time=555.6
