CUDA devices = 1
Device 0: NVIDIA GeForce RTX 4090

variations = 1
samples = 15
instructions = 32
registers = 30
opcodes = 2
patternOpcodes = 4

targetMin = 0.000000f
targetMax = 6.283185f
target = 0.000001f

mode = FIRESTARTER_OPTIMIZE
evolveSeed = 0
optimizeSeed = 0
tests = 256
streams = 1
units = 1
states = 1
generations = 0
population = 65536
iterations = 64
passes = 512
candidates = 16
attempts = 0
optimize = 1

scale = 0.100000f
startScale = 4.000000f
startResult = 10.000000f

FIRESTARTER_OPTIMIZE: Seed=0  Test=132  Generation=  2 *Result=0.00015094  Best=0.00015094   Time=0.1  Run Time=1032.3
FIRESTARTER_OPTIMIZE: Seed=0  Test=132  Generation=  3  Result=0.00143298  Best=0.00015094   Time=0.1  Run Time=1032.8
FIRESTARTER_OPTIMIZE: Seed=0  Test=132  Generation=  4  Result=0.00192600  Best=0.00015094   Time=0.1  Run Time=1033.3
FIRESTARTER_OPTIMIZE: Seed=0  Test=132  Generation=  5  Result=0.00034022  Best=0.00015094   Time=0.1  Run Time=1033.7
FIRESTARTER_OPTIMIZE: Seed=0  Test=132  Generation=  6  Result=0.00095445  Best=0.00015094   Time=0.1  Run Time=1034.2
FIRESTARTER_OPTIMIZE: Seed=0  Test=132  Generation=  7  Result=0.00032260  Best=0.00015094   Time=0.1  Run Time=1034.7
FIRESTARTER_OPTIMIZE: Seed=0  Test=132  Generation=  8 *Result=0.00013552  Best=0.00013552   Time=0.1  Run Time=1035.1
FIRESTARTER_OPTIMIZE: Seed=0  Test=132  Generation=  9  Result=0.00129625  Best=0.00013552   Time=0.1  Run Time=1035.6
FIRESTARTER_OPTIMIZE: Seed=0  Test=132  Generation= 10  Result=0.00614976  Best=0.00013552   Time=0.1  Run Time=1036.1
FIRESTARTER_OPTIMIZE: Seed=0  Test=132  Generation= 11  Result=0.00616135  Best=0.00013552   Time=0.1  Run Time=1036.6
FIRESTARTER_OPTIMIZE: Seed=0  Test=132  Generation= 12 *Result=0.00000063  Best=0.00000063   Time=0.1  Run Time=1037.0
