CUDA devices = 1
Device 0: NVIDIA GeForce RTX 4090

variations = 1
instructions = 32
registers = 30
opcodes = 2
patternOpcodes = 4

targetMin = 0.000000f
targetMax = 6.283185f
target = 0.000001f

mode = FIRESTARTER_OPTIMIZE
evolveSeed = 2
optimizeSeed = 2
tests = 256
streams = 1
units = 1
states = 1
generations = 0
population = 65536
passes = 384
attempts = 0
optimize = 1

scale = 0.300000f
startScale = 2.500000f
startResult = 10.000000f

FIRESTARTER_OPTIMIZE: Seed=2  Test=107  Generation=  2 *Result=0.00001361  Best=0.00001361   Time=0.1  Run Time=239.9
FIRESTARTER_OPTIMIZE: Seed=2  Test=107  Generation=  3  Result=0.00011677  Best=0.00001361   Time=0.1  Run Time=240.2
FIRESTARTER_OPTIMIZE: Seed=2  Test=107  Generation=  4  Result=0.00023731  Best=0.00001361   Time=0.1  Run Time=240.5
FIRESTARTER_OPTIMIZE: Seed=2  Test=107  Generation=  5 *Result=0.00001031  Best=0.00001031   Time=0.1  Run Time=240.8
FIRESTARTER_OPTIMIZE: Seed=2  Test=107  Generation=  6  Result=0.00027955  Best=0.00001031   Time=0.1  Run Time=241.1
FIRESTARTER_OPTIMIZE: Seed=2  Test=107  Generation=  7  Result=0.00027032  Best=0.00001031   Time=0.1  Run Time=241.4
FIRESTARTER_OPTIMIZE: Seed=2  Test=107  Generation=  8  Result=0.00001836  Best=0.00001031   Time=0.1  Run Time=241.7
FIRESTARTER_OPTIMIZE: Seed=2  Test=107  Generation=  9  Result=0.00024939  Best=0.00001031   Time=0.1  Run Time=242.0
FIRESTARTER_OPTIMIZE: Seed=2  Test=107  Generation= 10  Result=0.00013661  Best=0.00001031   Time=0.1  Run Time=242.3
FIRESTARTER_OPTIMIZE: Seed=2  Test=107  Generation= 11  Result=0.00009409  Best=0.00001031   Time=0.1  Run Time=242.6
FIRESTARTER_OPTIMIZE: Seed=2  Test=107  Generation= 12 *Result=0.00000011  Best=0.00000011   Time=0.1  Run Time=242.9
