CUDA devices = 1
Device 0: NVIDIA GeForce RTX 4090

variations = 1
instructions = 32
registers = 30
opcodes = 2
patternOpcodes = 4

targetMin = 0.000000f
targetMax = 6.283185f
target = 0.000001f

mode = FIRESTARTER_OPTIMIZE
evolveSeed = 0
optimizeSeed = 0
tests = 256
streams = 1
units = 1
states = 1
generations = 0
population = 49152
passes = 384
attempts = 0
optimize = 1

scale = 0.300000f
startScale = 2.500000f
startResult = 10.000000f

FIRESTARTER_OPTIMIZE: Seed=0  Test=140  Generation=  2 *Result=0.00068384  Best=0.00068384   Time=0.1  Run Time=364.9
FIRESTARTER_OPTIMIZE: Seed=0  Test=140  Generation=  3  Result=0.00182583  Best=0.00068384   Time=0.1  Run Time=365.2
FIRESTARTER_OPTIMIZE: Seed=0  Test=140  Generation=  4 *Result=0.00006183  Best=0.00006183   Time=0.1  Run Time=365.5
FIRESTARTER_OPTIMIZE: Seed=0  Test=140  Generation=  5  Result=0.00143558  Best=0.00006183   Time=0.1  Run Time=365.8
FIRESTARTER_OPTIMIZE: Seed=0  Test=140  Generation=  6 *Result=0.00001667  Best=0.00001667   Time=0.1  Run Time=366.1
FIRESTARTER_OPTIMIZE: Seed=0  Test=140  Generation=  7  Result=0.00019415  Best=0.00001667   Time=0.1  Run Time=366.4
FIRESTARTER_OPTIMIZE: Seed=0  Test=140  Generation=  8  Result=0.00067229  Best=0.00001667   Time=0.1  Run Time=366.7
FIRESTARTER_OPTIMIZE: Seed=0  Test=140  Generation=  9 *Result=0.00000678  Best=0.00000678   Time=0.1  Run Time=367.0
FIRESTARTER_OPTIMIZE: Seed=0  Test=140  Generation= 10 *Result=0.00000006  Best=0.00000006   Time=0.1  Run Time=367.3
