CUDA devices = 1
Device 0: NVIDIA GeForce RTX 4090

variations = 1
samples = 15
instructions = 32
registers = 30
opcodes = 2
patternOpcodes = 4

targetMin = 0.000000f
targetMax = 6.283185f
target = 0.000001f

mode = FIRESTARTER_OPTIMIZE
evolveSeed = 0
optimizeSeed = 0
tests = 256
streams = 1
units = 1
states = 1
generations = 0
population = 65536
iterations = 64
passes = 512
candidates = 16
attempts = 0
optimize = 1

scale = 0.150000f
startScale = 2.500000f
startResult = 10.000000f

FIRESTARTER_OPTIMIZE: Seed=0  Test=211  Generation=  2 *Result=0.00000238  Best=0.00000238   Time=0.1  Run Time=1075.8
FIRESTARTER_OPTIMIZE: Seed=0  Test=211  Generation=  3  Result=0.00018470  Best=0.00000238   Time=0.1  Run Time=1076.3
FIRESTARTER_OPTIMIZE: Seed=0  Test=211  Generation=  4  Result=0.00026351  Best=0.00000238   Time=0.1  Run Time=1076.7
FIRESTARTER_OPTIMIZE: Seed=0  Test=211  Generation=  5  Result=0.00088912  Best=0.00000238   Time=0.1  Run Time=1077.2
FIRESTARTER_OPTIMIZE: Seed=0  Test=211  Generation=  6  Result=0.00006218  Best=0.00000238   Time=0.1  Run Time=1077.7
FIRESTARTER_OPTIMIZE: Seed=0  Test=211  Generation=  7  Result=0.00006889  Best=0.00000238   Time=0.1  Run Time=1078.1
FIRESTARTER_OPTIMIZE: Seed=0  Test=211  Generation=  8  Result=0.00005666  Best=0.00000238   Time=0.1  Run Time=1078.6
FIRESTARTER_OPTIMIZE: Seed=0  Test=211  Generation=  9 *Result=0.00000025  Best=0.00000025   Time=0.1  Run Time=1079.1
