CUDA devices = 1
Device 0: NVIDIA GeForce RTX 4090

variations = 1
instructions = 32
registers = 30
opcodes = 2
patternOpcodes = 4

targetMin = 0.000000f
targetMax = 6.283185f
target = 0.000001f

mode = FIRESTARTER_OPTIMIZE
evolveSeed = 1
optimizeSeed = 1
tests = 256
streams = 1
units = 1
states = 1
generations = 0
population = 49152
passes = 384
attempts = 0
optimize = 1

scale = 0.300000f
startScale = 2.500000f
startResult = 10.000000f

FIRESTARTER_OPTIMIZE: Seed=1  Test=22  Generation=  2 *Result=0.00006308  Best=0.00006308   Time=0.1  Run Time=63.1
FIRESTARTER_OPTIMIZE: Seed=1  Test=22  Generation=  3 *Result=0.00005404  Best=0.00005404   Time=0.1  Run Time=63.5
FIRESTARTER_OPTIMIZE: Seed=1  Test=22  Generation=  4 *Result=0.00001383  Best=0.00001383   Time=0.1  Run Time=63.8
FIRESTARTER_OPTIMIZE: Seed=1  Test=22  Generation=  5  Result=0.00058287  Best=0.00001383   Time=0.1  Run Time=64.1
FIRESTARTER_OPTIMIZE: Seed=1  Test=22  Generation=  6  Result=0.00323403  Best=0.00001383   Time=0.1  Run Time=64.5
FIRESTARTER_OPTIMIZE: Seed=1  Test=22  Generation=  7  Result=0.00019142  Best=0.00001383   Time=0.1  Run Time=64.8
FIRESTARTER_OPTIMIZE: Seed=1  Test=22  Generation=  8 *Result=0.00000118  Best=0.00000118   Time=0.1  Run Time=65.2
FIRESTARTER_OPTIMIZE: Seed=1  Test=22  Generation=  9  Result=0.00039710  Best=0.00000118   Time=0.1  Run Time=65.5
FIRESTARTER_OPTIMIZE: Seed=1  Test=22  Generation= 10  Result=0.00268120  Best=0.00000118   Time=0.1  Run Time=65.8
FIRESTARTER_OPTIMIZE: Seed=1  Test=22  Generation= 11  Result=0.00001460  Best=0.00000118   Time=0.1  Run Time=66.1
FIRESTARTER_OPTIMIZE: Seed=1  Test=22  Generation= 12 *Result=0.00000047  Best=0.00000047   Time=0.1  Run Time=66.5
