CUDA devices = 1
Device 0: NVIDIA GeForce RTX 4090

variations = 1
samples = 15
instructions = 32
registers = 30
opcodes = 2
patternOpcodes = 4

targetMin = 0.000000f
targetMax = 6.283185f
target = 0.000001f

mode = FIRESTARTER_OPTIMIZE
evolveSeed = 0
optimizeSeed = 0
tests = 256
streams = 1
units = 1
states = 1
generations = 0
population = 65536
iterations = 64
passes = 512
candidates = 16
attempts = 0
optimize = 1

scale = 0.100000f
startScale = 4.000000f
startResult = 10.000000f

FIRESTARTER_OPTIMIZE: Seed=0  Test=118  Generation=  2 *Result=0.00038265  Best=0.00038265   Time=0.1  Run Time=866.3
FIRESTARTER_OPTIMIZE: Seed=0  Test=118  Generation=  3 *Result=0.00000908  Best=0.00000908   Time=0.1  Run Time=866.8
FIRESTARTER_OPTIMIZE: Seed=0  Test=118  Generation=  4  Result=0.00058531  Best=0.00000908   Time=0.1  Run Time=867.3
FIRESTARTER_OPTIMIZE: Seed=0  Test=118  Generation=  5  Result=0.00001001  Best=0.00000908   Time=0.1  Run Time=867.7
FIRESTARTER_OPTIMIZE: Seed=0  Test=118  Generation=  6  Result=0.00011117  Best=0.00000908   Time=0.1  Run Time=868.2
FIRESTARTER_OPTIMIZE: Seed=0  Test=118  Generation=  7  Result=0.00014395  Best=0.00000908   Time=0.1  Run Time=868.7
FIRESTARTER_OPTIMIZE: Seed=0  Test=118  Generation=  8  Result=0.00012362  Best=0.00000908   Time=0.1  Run Time=869.1
FIRESTARTER_OPTIMIZE: Seed=0  Test=118  Generation=  9  Result=0.00008729  Best=0.00000908   Time=0.1  Run Time=869.6
FIRESTARTER_OPTIMIZE: Seed=0  Test=118  Generation= 10  Result=0.00073486  Best=0.00000908   Time=0.1  Run Time=870.1
FIRESTARTER_OPTIMIZE: Seed=0  Test=118  Generation= 11 *Result=0.00000039  Best=0.00000039   Time=0.1  Run Time=870.5
