CUDA devices = 1
Device 0: NVIDIA GeForce RTX 2080 Ti

variations = 1
instructions = 32
registers = 30
opcodes = 2
patternOpcodes = 4

targetMin = 0.000000f
targetMax = 6.283185f
target = 0.000001f

mode = FIRESTARTER_OPTIMIZE
evolveSeed = 0
optimizeSeed = 0
tests = 256
streams = 1
units = 1
states = 1
generations = 0
population = 65536
passes = 384
attempts = 0
optimize = 1

scale = 0.300000f
startScale = 2.500000f
startResult = 10.000000f

FIRESTARTER_OPTIMIZE: Seed=0  Test=75  Generation=  2 *Result=0.00000553  Best=0.00000553   Time=0.2  Run Time=519.1
FIRESTARTER_OPTIMIZE: Seed=0  Test=75  Generation=  3  Result=0.00000763  Best=0.00000553   Time=0.2  Run Time=520.0
FIRESTARTER_OPTIMIZE: Seed=0  Test=75  Generation=  4  Result=0.00018837  Best=0.00000553   Time=0.2  Run Time=520.8
FIRESTARTER_OPTIMIZE: Seed=0  Test=75  Generation=  5  Result=0.00001377  Best=0.00000553   Time=0.3  Run Time=521.8
FIRESTARTER_OPTIMIZE: Seed=0  Test=75  Generation=  6  Result=0.00004670  Best=0.00000553   Time=0.3  Run Time=522.7
FIRESTARTER_OPTIMIZE: Seed=0  Test=75  Generation=  7  Result=0.00008199  Best=0.00000553   Time=0.2  Run Time=523.6
FIRESTARTER_OPTIMIZE: Seed=0  Test=75  Generation=  8  Result=0.00001371  Best=0.00000553   Time=0.2  Run Time=524.5
FIRESTARTER_OPTIMIZE: Seed=0  Test=75  Generation=  9  Result=0.00020471  Best=0.00000553   Time=0.2  Run Time=525.4
FIRESTARTER_OPTIMIZE: Seed=0  Test=75  Generation= 10 *Result=0.00000030  Best=0.00000030   Time=0.2  Run Time=526.2
