CUDA devices = 1
Device 0: NVIDIA GeForce RTX 4090

variations = 1
samples = 15
instructions = 32
registers = 30
opcodes = 2
patternOpcodes = 4

targetMin = 0.000000f
targetMax = 6.283185f
target = 0.000001f

mode = FIRESTARTER_OPTIMIZE
evolveSeed = 0
optimizeSeed = 0
tests = 256
streams = 1
units = 1
states = 1
generations = 0
population = 65536
iterations = 64
passes = 512
candidates = 16
attempts = 0
optimize = 1

scale = 0.300000f
startScale = 2.500000f
startResult = 10.000000f

FIRESTARTER_OPTIMIZE: Seed=0  Test=146  Generation=  2 *Result=0.00003685  Best=0.00003685   Time=0.1  Run Time=614.1
FIRESTARTER_OPTIMIZE: Seed=0  Test=146  Generation=  3 *Result=0.00001589  Best=0.00001589   Time=0.1  Run Time=614.6
FIRESTARTER_OPTIMIZE: Seed=0  Test=146  Generation=  4  Result=0.00175678  Best=0.00001589   Time=0.1  Run Time=615.1
FIRESTARTER_OPTIMIZE: Seed=0  Test=146  Generation=  5  Result=0.00005241  Best=0.00001589   Time=0.1  Run Time=615.5
FIRESTARTER_OPTIMIZE: Seed=0  Test=146  Generation=  6  Result=0.00045985  Best=0.00001589   Time=0.1  Run Time=616.0
FIRESTARTER_OPTIMIZE: Seed=0  Test=146  Generation=  7  Result=0.00003544  Best=0.00001589   Time=0.1  Run Time=616.5
FIRESTARTER_OPTIMIZE: Seed=0  Test=146  Generation=  8  Result=0.00222879  Best=0.00001589   Time=0.1  Run Time=616.9
FIRESTARTER_OPTIMIZE: Seed=0  Test=146  Generation=  9  Result=0.00007774  Best=0.00001589   Time=0.1  Run Time=617.4
FIRESTARTER_OPTIMIZE: Seed=0  Test=146  Generation= 10  Result=0.00033069  Best=0.00001589   Time=0.1  Run Time=617.9
FIRESTARTER_OPTIMIZE: Seed=0  Test=146  Generation= 11  Result=0.00015703  Best=0.00001589   Time=0.1  Run Time=618.3
FIRESTARTER_OPTIMIZE: Seed=0  Test=146  Generation= 12  Result=0.00003669  Best=0.00001589   Time=0.1  Run Time=618.8
FIRESTARTER_OPTIMIZE: Seed=0  Test=146  Generation= 13 *Result=0.00000015  Best=0.00000015   Time=0.1  Run Time=619.3
