CUDA devices = 1
Device 0: NVIDIA GeForce RTX 4090

variations = 1
instructions = 32
registers = 30
opcodes = 2
patternOpcodes = 4

targetMin = 0.000000f
targetMax = 6.283185f
target = 0.000001f

mode = FIRESTARTER_OPTIMIZE
evolveSeed = 1
optimizeSeed = 1
tests = 256
streams = 1
units = 1
states = 1
generations = 0
population = 49152
passes = 384
attempts = 0
optimize = 1

scale = 0.300000f
startScale = 2.500000f
startResult = 10.000000f

FIRESTARTER_OPTIMIZE: Seed=1  Test=93  Generation=  2 *Result=0.00011341  Best=0.00011341   Time=0.1  Run Time=265.8
FIRESTARTER_OPTIMIZE: Seed=1  Test=93  Generation=  3  Result=0.00023155  Best=0.00011341   Time=0.1  Run Time=266.1
FIRESTARTER_OPTIMIZE: Seed=1  Test=93  Generation=  4  Result=0.00061052  Best=0.00011341   Time=0.1  Run Time=266.5
FIRESTARTER_OPTIMIZE: Seed=1  Test=93  Generation=  5 *Result=0.00010099  Best=0.00010099   Time=0.1  Run Time=266.8
FIRESTARTER_OPTIMIZE: Seed=1  Test=93  Generation=  6  Result=0.00024190  Best=0.00010099   Time=0.1  Run Time=267.2
FIRESTARTER_OPTIMIZE: Seed=1  Test=93  Generation=  7  Result=0.00011636  Best=0.00010099   Time=0.1  Run Time=267.5
FIRESTARTER_OPTIMIZE: Seed=1  Test=93  Generation=  8  Result=0.00015951  Best=0.00010099   Time=0.1  Run Time=267.9
FIRESTARTER_OPTIMIZE: Seed=1  Test=93  Generation=  9 *Result=0.00000020  Best=0.00000020   Time=0.1  Run Time=268.2
