CUDA devices = 1
Device 0: NVIDIA GeForce RTX 4090

variations = 1
instructions = 32
registers = 30
opcodes = 2
patternOpcodes = 4

targetMin = 0.000000f
targetMax = 6.283185f
target = 0.000001f

mode = FIRESTARTER_OPTIMIZE
evolveSeed = 1
optimizeSeed = 1
tests = 256
streams = 1
units = 1
states = 1
generations = 0
population = 65536
passes = 512
attempts = 0
optimize = 1

scale = 0.300000f
startScale = 2.500000f
startResult = 10.000000f

FIRESTARTER_OPTIMIZE: Seed=1  Test=100  Generation=  2 *Result=0.00024377  Best=0.00024377   Time=0.1  Run Time=307.1
FIRESTARTER_OPTIMIZE: Seed=1  Test=100  Generation=  3 *Result=0.00005804  Best=0.00005804   Time=0.1  Run Time=307.4
FIRESTARTER_OPTIMIZE: Seed=1  Test=100  Generation=  4  Result=0.00081008  Best=0.00005804   Time=0.1  Run Time=307.8
FIRESTARTER_OPTIMIZE: Seed=1  Test=100  Generation=  5  Result=0.00149545  Best=0.00005804   Time=0.1  Run Time=308.1
FIRESTARTER_OPTIMIZE: Seed=1  Test=100  Generation=  6  Result=0.00064015  Best=0.00005804   Time=0.1  Run Time=308.5
FIRESTARTER_OPTIMIZE: Seed=1  Test=100  Generation=  7  Result=0.00018736  Best=0.00005804   Time=0.1  Run Time=308.9
FIRESTARTER_OPTIMIZE: Seed=1  Test=100  Generation=  8 *Result=0.00000753  Best=0.00000753   Time=0.1  Run Time=309.2
FIRESTARTER_OPTIMIZE: Seed=1  Test=100  Generation=  9  Result=0.00018509  Best=0.00000753   Time=0.1  Run Time=309.6
FIRESTARTER_OPTIMIZE: Seed=1  Test=100  Generation= 10  Result=0.00045607  Best=0.00000753   Time=0.1  Run Time=310.0
FIRESTARTER_OPTIMIZE: Seed=1  Test=100  Generation= 11  Result=0.00014705  Best=0.00000753   Time=0.1  Run Time=310.3
FIRESTARTER_OPTIMIZE: Seed=1  Test=100  Generation= 12 *Result=0.00000020  Best=0.00000020   Time=0.1  Run Time=310.7
