CUDA devices = 1
Device 0: NVIDIA GeForce RTX 4090

variations = 1
instructions = 32
registers = 30
opcodes = 2
patternOpcodes = 4

targetMin = 0.000000f
targetMax = 6.283185f
target = 0.000001f

mode = FIRESTARTER_OPTIMIZE
evolveSeed = 0
optimizeSeed = 0
tests = 256
streams = 1
units = 1
states = 1
generations = 0
population = 65536
passes = 384
attempts = 0
optimize = 1

scale = 0.300000f
startScale = 2.500000f
startResult = 10.000000f

FIRESTARTER_OPTIMIZE: Seed=0  Test=205  Generation=  2 *Result=0.00007686  Best=0.00007686   Time=0.1  Run Time=596.3
FIRESTARTER_OPTIMIZE: Seed=0  Test=205  Generation=  3 *Result=0.00001705  Best=0.00001705   Time=0.1  Run Time=596.7
FIRESTARTER_OPTIMIZE: Seed=0  Test=205  Generation=  4  Result=0.00017077  Best=0.00001705   Time=0.1  Run Time=597.1
FIRESTARTER_OPTIMIZE: Seed=0  Test=205  Generation=  5  Result=0.00002399  Best=0.00001705   Time=0.1  Run Time=597.4
FIRESTARTER_OPTIMIZE: Seed=0  Test=205  Generation=  6  Result=0.00004575  Best=0.00001705   Time=0.1  Run Time=597.8
FIRESTARTER_OPTIMIZE: Seed=0  Test=205  Generation=  7 *Result=0.00000620  Best=0.00000620   Time=0.1  Run Time=598.2
FIRESTARTER_OPTIMIZE: Seed=0  Test=205  Generation=  8  Result=0.00026493  Best=0.00000620   Time=0.1  Run Time=598.5
FIRESTARTER_OPTIMIZE: Seed=0  Test=205  Generation=  9  Result=0.00004339  Best=0.00000620   Time=0.1  Run Time=598.9
FIRESTARTER_OPTIMIZE: Seed=0  Test=205  Generation= 10  Result=0.00022760  Best=0.00000620   Time=0.1  Run Time=599.3
FIRESTARTER_OPTIMIZE: Seed=0  Test=205  Generation= 11  Result=0.00020060  Best=0.00000620   Time=0.1  Run Time=599.6
FIRESTARTER_OPTIMIZE: Seed=0  Test=205  Generation= 12 *Result=0.00000018  Best=0.00000018   Time=0.1  Run Time=600.0
