CUDA devices = 1
Device 0: NVIDIA GeForce RTX 4090

variations = 1
instructions = 32
registers = 30
opcodes = 2
patternOpcodes = 4

targetMin = 0.000000f
targetMax = 6.283185f
target = 0.000001f

mode = FIRESTARTER_OPTIMIZE
evolveSeed = 1
optimizeSeed = 1
tests = 256
streams = 1
units = 1
states = 1
generations = 0
population = 49152
passes = 384
attempts = 0
optimize = 1

scale = 0.300000f
startScale = 2.500000f
startResult = 10.000000f

FIRESTARTER_OPTIMIZE: Seed=1  Test=45  Generation=  2 *Result=0.00018224  Best=0.00018224   Time=0.1  Run Time=115.7
FIRESTARTER_OPTIMIZE: Seed=1  Test=45  Generation=  3 *Result=0.00005627  Best=0.00005627   Time=0.1  Run Time=116.0
FIRESTARTER_OPTIMIZE: Seed=1  Test=45  Generation=  4  Result=0.00008919  Best=0.00005627   Time=0.1  Run Time=116.3
FIRESTARTER_OPTIMIZE: Seed=1  Test=45  Generation=  5  Result=0.00018302  Best=0.00005627   Time=0.1  Run Time=116.7
FIRESTARTER_OPTIMIZE: Seed=1  Test=45  Generation=  6  Result=0.00009906  Best=0.00005627   Time=0.1  Run Time=117.0
FIRESTARTER_OPTIMIZE: Seed=1  Test=45  Generation=  7  Result=0.00193050  Best=0.00005627   Time=0.1  Run Time=117.3
FIRESTARTER_OPTIMIZE: Seed=1  Test=45  Generation=  8  Result=0.00009537  Best=0.00005627   Time=0.1  Run Time=117.7
FIRESTARTER_OPTIMIZE: Seed=1  Test=45  Generation=  9 *Result=0.00000149  Best=0.00000149   Time=0.1  Run Time=118.0
FIRESTARTER_OPTIMIZE: Seed=1  Test=45  Generation= 10  Result=0.00029273  Best=0.00000149   Time=0.1  Run Time=118.3
FIRESTARTER_OPTIMIZE: Seed=1  Test=45  Generation= 11 *Result=0.00000014  Best=0.00000014   Time=0.1  Run Time=118.7
