CUDA devices = 1
Device 0: NVIDIA GeForce RTX 4090

variations = 1
samples = 15
instructions = 28
registers = 28
opcodes = 2
patternOpcodes = 4

targetMin = 0.000000f
targetMax = 6.283185f
target = 0.000001f

mode = FIRESTARTER_OPTIMIZE
evolveSeed = 0
optimizeSeed = 0
tests = 256
streams = 1
units = 1
states = 1
generations = 0
population = 65536
iterations = 64
passes = 512
candidates = 16
attempts = 0
optimize = 1

scale = 0.300000f
startScale = 2.500000f
startResult = 10.000000f

FIRESTARTER_OPTIMIZE: Seed=0  Test=72  Generation=  2 *Result=0.00056994  Best=0.00056994   Time=0.1  Run Time=231.4
FIRESTARTER_OPTIMIZE: Seed=0  Test=72  Generation=  3  Result=0.00106159  Best=0.00056994   Time=0.1  Run Time=231.8
FIRESTARTER_OPTIMIZE: Seed=0  Test=72  Generation=  4 *Result=0.00000305  Best=0.00000305   Time=0.1  Run Time=232.2
FIRESTARTER_OPTIMIZE: Seed=0  Test=72  Generation=  5  Result=0.00019500  Best=0.00000305   Time=0.1  Run Time=232.6
FIRESTARTER_OPTIMIZE: Seed=0  Test=72  Generation=  6  Result=0.00001419  Best=0.00000305   Time=0.1  Run Time=233.0
FIRESTARTER_OPTIMIZE: Seed=0  Test=72  Generation=  7  Result=0.00017160  Best=0.00000305   Time=0.1  Run Time=233.5
FIRESTARTER_OPTIMIZE: Seed=0  Test=72  Generation=  8  Result=0.00008896  Best=0.00000305   Time=0.1  Run Time=233.9
FIRESTARTER_OPTIMIZE: Seed=0  Test=72  Generation=  9 *Result=0.00000202  Best=0.00000202   Time=0.1  Run Time=234.3
FIRESTARTER_OPTIMIZE: Seed=0  Test=72  Generation= 10  Result=0.00003681  Best=0.00000202   Time=0.1  Run Time=234.7
FIRESTARTER_OPTIMIZE: Seed=0  Test=72  Generation= 11  Result=0.00001332  Best=0.00000202   Time=0.1  Run Time=235.2
FIRESTARTER_OPTIMIZE: Seed=0  Test=72  Generation= 12  Result=0.00037730  Best=0.00000202   Time=0.1  Run Time=235.6
FIRESTARTER_OPTIMIZE: Seed=0  Test=72  Generation= 13  Result=0.00003672  Best=0.00000202   Time=0.1  Run Time=236.0
FIRESTARTER_OPTIMIZE: Seed=0  Test=72  Generation= 14 *Result=0.00000018  Best=0.00000018   Time=0.1  Run Time=236.5
