CUDA devices = 1
Device 0: NVIDIA GeForce RTX 4090

variations = 1
samples = 15
instructions = 30
registers = 30
opcodes = 2
patternOpcodes = 4

targetMin = 0.000000f
targetMax = 6.283185f
target = 0.000001f

mode = FIRESTARTER_OPTIMIZE
evolveSeed = 0
optimizeSeed = 0
tests = 256
streams = 1
units = 1
states = 1
generations = 0
population = 65536
iterations = 64
passes = 512
candidates = 16
attempts = 0
optimize = 1

scale = 0.300000f
startScale = 2.500000f
startResult = 10.000000f

FIRESTARTER_OPTIMIZE: Seed=0  Test=141  Generation=  2 *Result=0.00002919  Best=0.00002919   Time=0.1  Run Time=466.5
FIRESTARTER_OPTIMIZE: Seed=0  Test=141  Generation=  3  Result=0.00005162  Best=0.00002919   Time=0.1  Run Time=466.9
FIRESTARTER_OPTIMIZE: Seed=0  Test=141  Generation=  4 *Result=0.00002136  Best=0.00002136   Time=0.1  Run Time=467.3
FIRESTARTER_OPTIMIZE: Seed=0  Test=141  Generation=  5 *Result=0.00001293  Best=0.00001293   Time=0.1  Run Time=467.8
FIRESTARTER_OPTIMIZE: Seed=0  Test=141  Generation=  6 *Result=0.00000501  Best=0.00000501   Time=0.1  Run Time=468.2
FIRESTARTER_OPTIMIZE: Seed=0  Test=141  Generation=  7  Result=0.00008702  Best=0.00000501   Time=0.1  Run Time=468.7
FIRESTARTER_OPTIMIZE: Seed=0  Test=141  Generation=  8  Result=0.00221070  Best=0.00000501   Time=0.1  Run Time=469.1
FIRESTARTER_OPTIMIZE: Seed=0  Test=141  Generation=  9  Result=0.00011898  Best=0.00000501   Time=0.1  Run Time=469.6
FIRESTARTER_OPTIMIZE: Seed=0  Test=141  Generation= 10  Result=0.00017211  Best=0.00000501   Time=0.1  Run Time=470.0
FIRESTARTER_OPTIMIZE: Seed=0  Test=141  Generation= 11  Result=0.00006512  Best=0.00000501   Time=0.1  Run Time=470.4
FIRESTARTER_OPTIMIZE: Seed=0  Test=141  Generation= 12 *Result=0.00000014  Best=0.00000014   Time=0.1  Run Time=470.9
