CUDA devices = 1
Device 0: NVIDIA GeForce RTX 4090 Laptop GPU

variations = 1
instructions = 32
registers = 30
opcodes = 2
patternOpcodes = 4

targetMin = 0.000000f
targetMax = 6.283185f
target = 0.000001f

mode = FIRESTARTER_OPTIMIZE
evolveSeed = 0
optimizeSeed = 0
tests = 256
streams = 1
units = 1
states = 1
generations = 0
population = 65536
passes = 384
attempts = 0
optimize = 1

scale = 0.300000f
startScale = 2.500000f
startResult = 10.000000f

FIRESTARTER_OPTIMIZE: Seed=0  Test=185  Generation=  2 *Result=0.00001629  Best=0.00001629   Time=0.1  Run Time=878.2
FIRESTARTER_OPTIMIZE: Seed=0  Test=185  Generation=  3 *Result=0.00000146  Best=0.00000146   Time=0.1  Run Time=878.7
FIRESTARTER_OPTIMIZE: Seed=0  Test=185  Generation=  4  Result=0.00194344  Best=0.00000146   Time=0.1  Run Time=879.3
FIRESTARTER_OPTIMIZE: Seed=0  Test=185  Generation=  5  Result=0.00003665  Best=0.00000146   Time=0.1  Run Time=879.9
FIRESTARTER_OPTIMIZE: Seed=0  Test=185  Generation=  6  Result=0.00019812  Best=0.00000146   Time=0.1  Run Time=880.5
FIRESTARTER_OPTIMIZE: Seed=0  Test=185  Generation=  7  Result=0.00006598  Best=0.00000146   Time=0.1  Run Time=881.1
FIRESTARTER_OPTIMIZE: Seed=0  Test=185  Generation=  8  Result=0.00001532  Best=0.00000146   Time=0.1  Run Time=881.7
FIRESTARTER_OPTIMIZE: Seed=0  Test=185  Generation=  9  Result=0.00011644  Best=0.00000146   Time=0.1  Run Time=882.3
FIRESTARTER_OPTIMIZE: Seed=0  Test=185  Generation= 10  Result=0.00006358  Best=0.00000146   Time=0.1  Run Time=882.9
FIRESTARTER_OPTIMIZE: Seed=0  Test=185  Generation= 11 *Result=0.00000089  Best=0.00000089   Time=0.1  Run Time=883.4
