CUDA devices = 1
Device 0: NVIDIA GeForce RTX 4090

variations = 1
samples = 15
instructions = 32
registers = 30
opcodes = 2
patternOpcodes = 2

targetMin = 0.000000f
targetMax = 6.283185f
target = 0.000001f

mode = FIRESTARTER_EVOLVE_GPU
evolveSeed = 0
optimizeSeed = 0
tests = 16
streams = 1
units = 1
states = 1
generations = 0
population = 262144
iterations = 64
passes = 100
candidates = 16
attempts = 0
optimize = 1

scale = 0.100000f
startScale = 2.000000f
startResult = 10.000000f

FIRESTARTER_EVOLVE_GPU: Seed=0  Test= 9  Generation=  0  Age=  1  Evolution= 0  Weight=0.00000000  Old Result=10.00000000 *New Result=0.00452015  Index=190820  EvolveAge1=1  EvolveAge2=6  Best=0.00452015   BestAge=0  Time=0.6 Seconds  Run Time=273.1 Seconds
FIRESTARTER_EVOLVE_GPU: Seed=0  Test= 9  Generation=  1  Age=  1  Evolution= 0  Weight=0.00000000  Old Result=0.00452015 *New Result=0.00394198  Index=74900  EvolveAge1=0  EvolveAge2=5  Best=0.00394198   BestAge=0  Time=0.6 Seconds  Run Time=273.7 Seconds
FIRESTARTER_EVOLVE_GPU: Seed=0  Test= 9  Generation=  2  Age=  1  Evolution= 0  Weight=0.00000000  Old Result=0.00394198 *New Result=0.00322062  Index=74900  EvolveAge1=11  EvolveAge2=63  Best=0.00322062   BestAge=0  Time=0.7 Seconds  Run Time=274.4 Seconds
FIRESTARTER_EVOLVE_GPU: Seed=0  Test= 9  Generation=  3  Age=  1  Evolution= 0  Weight=0.00000000  Old Result=0.00322062 *New Result=0.00279817  Index=73268  EvolveAge1=1  EvolveAge2=16  Best=0.00279817   BestAge=0  Time=0.7 Seconds  Run Time=275.1 Seconds
FIRESTARTER_EVOLVE_GPU: Seed=0  Test= 9  Generation=  4  Age=  1  Evolution= 0  Weight=0.00000000  Old Result=0.00279817 *New Result=0.00210291  Index=183683  EvolveAge1=0  EvolveAge2=1  Best=0.00210291   BestAge=0  Time=0.7 Seconds  Run Time=275.8 Seconds
FIRESTARTER_EVOLVE_GPU: Seed=0  Test= 9  Generation=  5  Age=  1  Evolution= 0  Weight=0.00000000  Old Result=0.00210291 *New Result=0.00091767  Index=183683  EvolveAge1=6  EvolveAge2=46  Best=0.00091767   BestAge=0  Time=0.7 Seconds  Run Time=276.5 Seconds
FIRESTARTER_OPTIMIZE_CPU: Seed=0  Test= 9  Optimize=0  Generation=  0 *Result=0.00000017  Best=0.00000017   Time=4.2 Seconds  Run Time=276.8 Seconds
