CUDA devices = 1
Device 0: NVIDIA GeForce RTX 4090

variations = 1
instructions = 32
registers = 30
opcodes = 2
patternOpcodes = 4

targetMin = 0.000000f
targetMax = 6.283185f
target = 0.000001f

mode = FIRESTARTER_OPTIMIZE
evolveSeed = 1
optimizeSeed = 1
tests = 256
streams = 1
units = 1
states = 1
generations = 0
population = 65536
passes = 512
attempts = 0
optimize = 1

scale = 0.300000f
startScale = 2.500000f
startResult = 10.000000f

FIRESTARTER_OPTIMIZE: Seed=1  Test=183  Generation=  2 *Result=0.00000551  Best=0.00000551   Time=0.1  Run Time=562.3
FIRESTARTER_OPTIMIZE: Seed=1  Test=183  Generation=  3  Result=0.00005251  Best=0.00000551   Time=0.1  Run Time=562.8
FIRESTARTER_OPTIMIZE: Seed=1  Test=183  Generation=  4  Result=0.00001633  Best=0.00000551   Time=0.1  Run Time=563.2
FIRESTARTER_OPTIMIZE: Seed=1  Test=183  Generation=  5  Result=0.00006553  Best=0.00000551   Time=0.1  Run Time=563.6
FIRESTARTER_OPTIMIZE: Seed=1  Test=183  Generation=  6  Result=0.00083581  Best=0.00000551   Time=0.1  Run Time=564.0
FIRESTARTER_OPTIMIZE: Seed=1  Test=183  Generation=  7  Result=0.00001091  Best=0.00000551   Time=0.1  Run Time=564.5
FIRESTARTER_OPTIMIZE: Seed=1  Test=183  Generation=  8  Result=0.00035170  Best=0.00000551   Time=0.1  Run Time=564.9
FIRESTARTER_OPTIMIZE: Seed=1  Test=183  Generation=  9  Result=0.00026035  Best=0.00000551   Time=0.1  Run Time=565.3
FIRESTARTER_OPTIMIZE: Seed=1  Test=183  Generation= 10 *Result=0.00000054  Best=0.00000054   Time=0.1  Run Time=565.7
