CUDA devices = 1
Device 0: NVIDIA GeForce RTX 4090

variations = 1
instructions = 32
registers = 30
opcodes = 2
patternOpcodes = 4

targetMin = 0.000000f
targetMax = 6.283185f
target = 0.000001f

mode = FIRESTARTER_OPTIMIZE
evolveSeed = 1
optimizeSeed = 1
tests = 256
streams = 1
units = 1
states = 1
generations = 0
population = 49152
passes = 512
attempts = 0
optimize = 1

scale = 0.300000f
startScale = 2.500000f
startResult = 10.000000f

FIRESTARTER_OPTIMIZE: Seed=1  Test=214  Generation=  2 *Result=0.00000253  Best=0.00000253   Time=0.1  Run Time=614.1
FIRESTARTER_OPTIMIZE: Seed=1  Test=214  Generation=  3  Result=0.00230019  Best=0.00000253   Time=0.1  Run Time=614.5
FIRESTARTER_OPTIMIZE: Seed=1  Test=214  Generation=  4  Result=0.00000333  Best=0.00000253   Time=0.1  Run Time=614.8
FIRESTARTER_OPTIMIZE: Seed=1  Test=214  Generation=  5  Result=0.00224754  Best=0.00000253   Time=0.1  Run Time=615.2
FIRESTARTER_OPTIMIZE: Seed=1  Test=214  Generation=  6  Result=0.00005413  Best=0.00000253   Time=0.1  Run Time=615.5
FIRESTARTER_OPTIMIZE: Seed=1  Test=214  Generation=  7  Result=0.00116274  Best=0.00000253   Time=0.1  Run Time=615.9
FIRESTARTER_OPTIMIZE: Seed=1  Test=214  Generation=  8  Result=0.00210085  Best=0.00000253   Time=0.1  Run Time=616.3
FIRESTARTER_OPTIMIZE: Seed=1  Test=214  Generation=  9  Result=0.00614104  Best=0.00000253   Time=0.1  Run Time=616.6
FIRESTARTER_OPTIMIZE: Seed=1  Test=214  Generation= 10  Result=0.00014421  Best=0.00000253   Time=0.1  Run Time=617.0
FIRESTARTER_OPTIMIZE: Seed=1  Test=214  Generation= 11 *Result=0.00000009  Best=0.00000009   Time=0.1  Run Time=617.4
