CUDA devices = 1
Device 0: NVIDIA GeForce RTX 4090

variations = 1
samples = 15
instructions = 32
registers = 30
opcodes = 2
patternOpcodes = 4

targetMin = 0.000000f
targetMax = 6.283185f
target = 0.000001f

mode = FIRESTARTER_OPTIMIZE
evolveSeed = 0
optimizeSeed = 0
tests = 256
streams = 1
units = 1
states = 1
generations = 0
population = 65536
iterations = 64
passes = 512
candidates = 16
attempts = 0
optimize = 1

scale = 0.200000f
startScale = 2.500000f
startResult = 10.000000f

FIRESTARTER_OPTIMIZE: Seed=0  Test=224  Generation=  2 *Result=0.00009472  Best=0.00009472   Time=0.1  Run Time=981.2
FIRESTARTER_OPTIMIZE: Seed=0  Test=224  Generation=  3 *Result=0.00000381  Best=0.00000381   Time=0.1  Run Time=981.6
FIRESTARTER_OPTIMIZE: Seed=0  Test=224  Generation=  4  Result=0.00002869  Best=0.00000381   Time=0.1  Run Time=982.1
FIRESTARTER_OPTIMIZE: Seed=0  Test=224  Generation=  5 *Result=0.00000237  Best=0.00000237   Time=0.1  Run Time=982.5
FIRESTARTER_OPTIMIZE: Seed=0  Test=224  Generation=  6  Result=0.00011152  Best=0.00000237   Time=0.1  Run Time=983.0
FIRESTARTER_OPTIMIZE: Seed=0  Test=224  Generation=  7 *Result=0.00000129  Best=0.00000129   Time=0.1  Run Time=983.4
FIRESTARTER_OPTIMIZE: Seed=0  Test=224  Generation=  8  Result=0.00017087  Best=0.00000129   Time=0.1  Run Time=983.9
FIRESTARTER_OPTIMIZE: Seed=0  Test=224  Generation=  9  Result=0.00613901  Best=0.00000129   Time=0.1  Run Time=984.3
FIRESTARTER_OPTIMIZE: Seed=0  Test=224  Generation= 10  Result=0.00002480  Best=0.00000129   Time=0.1  Run Time=984.8
FIRESTARTER_OPTIMIZE: Seed=0  Test=224  Generation= 11  Result=0.00017405  Best=0.00000129   Time=0.1  Run Time=985.2
FIRESTARTER_OPTIMIZE: Seed=0  Test=224  Generation= 12  Result=0.00100703  Best=0.00000129   Time=0.1  Run Time=985.6
FIRESTARTER_OPTIMIZE: Seed=0  Test=224  Generation= 13  Result=0.00035288  Best=0.00000129   Time=0.1  Run Time=986.1
FIRESTARTER_OPTIMIZE: Seed=0  Test=224  Generation= 14 *Result=0.00000020  Best=0.00000020   Time=0.1  Run Time=986.6
