CUDA devices = 1
Device 0: NVIDIA GeForce RTX 2080 Ti

variations = 1
instructions = 32
registers = 30
opcodes = 2
patternOpcodes = 4

targetMin = 0.000000f
targetMax = 6.283185f
target = 0.000001f

mode = FIRESTARTER_OPTIMIZE
evolveSeed = 0
optimizeSeed = 0
tests = 256
streams = 1
units = 1
states = 1
generations = 0
population = 65536
passes = 384
attempts = 0
optimize = 1

scale = 0.300000f
startScale = 2.500000f
startResult = 10.000000f

FIRESTARTER_OPTIMIZE: Seed=0  Test=178  Generation=  2 *Result=0.00008865  Best=0.00008865   Time=0.2  Run Time=1280.3
FIRESTARTER_OPTIMIZE: Seed=0  Test=178  Generation=  3  Result=0.00009372  Best=0.00008865   Time=0.3  Run Time=1281.2
FIRESTARTER_OPTIMIZE: Seed=0  Test=178  Generation=  4 *Result=0.00000175  Best=0.00000175   Time=0.3  Run Time=1282.1
FIRESTARTER_OPTIMIZE: Seed=0  Test=178  Generation=  5 *Result=0.00000014  Best=0.00000014   Time=0.3  Run Time=1283.0
