CUDA devices = 1
Device 0: NVIDIA GeForce RTX 4090

variations = 1
instructions = 32
registers = 30
opcodes = 2
patternOpcodes = 4

targetMin = 0.000000f
targetMax = 6.283185f
target = 0.000001f

mode = FIRESTARTER_OPTIMIZE
evolveSeed = 0
optimizeSeed = 0
tests = 256
streams = 1
units = 1
states = 1
generations = 0
population = 65536
passes = 384
attempts = 0
optimize = 1

scale = 0.300000f
startScale = 2.500000f
startResult = 10.000000f

FIRESTARTER_OPTIMIZE: Seed=0  Test=60  Generation=  2 *Result=0.00011929  Best=0.00011929   Time=0.1  Run Time=146.3
FIRESTARTER_OPTIMIZE: Seed=0  Test=60  Generation=  3  Result=0.00021813  Best=0.00011929   Time=0.1  Run Time=146.6
FIRESTARTER_OPTIMIZE: Seed=0  Test=60  Generation=  4 *Result=0.00002807  Best=0.00002807   Time=0.1  Run Time=147.0
FIRESTARTER_OPTIMIZE: Seed=0  Test=60  Generation=  5 *Result=0.00000942  Best=0.00000942   Time=0.1  Run Time=147.3
FIRESTARTER_OPTIMIZE: Seed=0  Test=60  Generation=  6  Result=0.00004327  Best=0.00000942   Time=0.1  Run Time=147.6
FIRESTARTER_OPTIMIZE: Seed=0  Test=60  Generation=  7  Result=0.00000954  Best=0.00000942   Time=0.1  Run Time=147.9
FIRESTARTER_OPTIMIZE: Seed=0  Test=60  Generation=  8 *Result=0.00000936  Best=0.00000936   Time=0.1  Run Time=148.2
FIRESTARTER_OPTIMIZE: Seed=0  Test=60  Generation=  9  Result=0.00014937  Best=0.00000936   Time=0.1  Run Time=148.5
FIRESTARTER_OPTIMIZE: Seed=0  Test=60  Generation= 10  Result=0.00001425  Best=0.00000936   Time=0.1  Run Time=148.8
FIRESTARTER_OPTIMIZE: Seed=0  Test=60  Generation= 11  Result=0.00013644  Best=0.00000936   Time=0.1  Run Time=149.1
FIRESTARTER_OPTIMIZE: Seed=0  Test=60  Generation= 12 *Result=0.00000017  Best=0.00000017   Time=0.1  Run Time=149.4
