CUDA devices = 1
Device 0: NVIDIA GeForce RTX 4090

variations = 1
samples = 15
instructions = 28
registers = 28
opcodes = 2
patternOpcodes = 4

targetMin = 0.000000f
targetMax = 6.283185f
target = 0.000001f

mode = FIRESTARTER_OPTIMIZE
evolveSeed = 0
optimizeSeed = 0
tests = 256
streams = 1
units = 1
states = 1
generations = 0
population = 65536
iterations = 64
passes = 512
candidates = 16
attempts = 0
optimize = 1

scale = 0.300000f
startScale = 2.500000f
startResult = 10.000000f

FIRESTARTER_OPTIMIZE: Seed=0  Test=75  Generation=  2 *Result=0.00018250  Best=0.00018250   Time=0.1  Run Time=242.7
FIRESTARTER_OPTIMIZE: Seed=0  Test=75  Generation=  3 *Result=0.00000232  Best=0.00000232   Time=0.1  Run Time=243.1
FIRESTARTER_OPTIMIZE: Seed=0  Test=75  Generation=  4  Result=0.00055148  Best=0.00000232   Time=0.1  Run Time=243.5
FIRESTARTER_OPTIMIZE: Seed=0  Test=75  Generation=  5  Result=0.00005239  Best=0.00000232   Time=0.1  Run Time=243.9
FIRESTARTER_OPTIMIZE: Seed=0  Test=75  Generation=  6  Result=0.00019244  Best=0.00000232   Time=0.1  Run Time=244.4
FIRESTARTER_OPTIMIZE: Seed=0  Test=75  Generation=  7  Result=0.00031243  Best=0.00000232   Time=0.1  Run Time=244.8
FIRESTARTER_OPTIMIZE: Seed=0  Test=75  Generation=  8  Result=0.00143319  Best=0.00000232   Time=0.1  Run Time=245.2
FIRESTARTER_OPTIMIZE: Seed=0  Test=75  Generation=  9  Result=0.00025087  Best=0.00000232   Time=0.1  Run Time=245.6
FIRESTARTER_OPTIMIZE: Seed=0  Test=75  Generation= 10  Result=0.00001320  Best=0.00000232   Time=0.1  Run Time=246.1
FIRESTARTER_OPTIMIZE: Seed=0  Test=75  Generation= 11  Result=0.00004968  Best=0.00000232   Time=0.1  Run Time=246.5
FIRESTARTER_OPTIMIZE: Seed=0  Test=75  Generation= 12  Result=0.00071943  Best=0.00000232   Time=0.1  Run Time=246.9
FIRESTARTER_OPTIMIZE: Seed=0  Test=75  Generation= 13  Result=0.00011213  Best=0.00000232   Time=0.1  Run Time=247.3
FIRESTARTER_OPTIMIZE: Seed=0  Test=75  Generation= 14 *Result=0.00000036  Best=0.00000036   Time=0.1  Run Time=247.8
