CUDA devices = 1
Device 0: NVIDIA GeForce RTX 4090

variations = 1
samples = 15
instructions = 32
registers = 30
opcodes = 2
patternOpcodes = 4

targetMin = 0.000000f
targetMax = 6.283185f
target = 0.000001f

mode = FIRESTARTER_OPTIMIZE
evolveSeed = 0
optimizeSeed = 0
tests = 256
streams = 1
units = 1
states = 1
generations = 0
population = 65536
iterations = 64
passes = 512
candidates = 16
attempts = 0
optimize = 1

scale = 0.300000f
startScale = 2.500000f
startResult = 10.000000f

FIRESTARTER_OPTIMIZE: Seed=0  Test=199  Generation=  2 *Result=0.00002086  Best=0.00002086   Time=0.1  Run Time=840.1
FIRESTARTER_OPTIMIZE: Seed=0  Test=199  Generation=  3  Result=0.00090736  Best=0.00002086   Time=0.1  Run Time=840.6
FIRESTARTER_OPTIMIZE: Seed=0  Test=199  Generation=  4  Result=0.00002389  Best=0.00002086   Time=0.1  Run Time=841.1
FIRESTARTER_OPTIMIZE: Seed=0  Test=199  Generation=  5 *Result=0.00000852  Best=0.00000852   Time=0.1  Run Time=841.5
FIRESTARTER_OPTIMIZE: Seed=0  Test=199  Generation=  6  Result=0.00037897  Best=0.00000852   Time=0.1  Run Time=842.0
FIRESTARTER_OPTIMIZE: Seed=0  Test=199  Generation=  7  Result=0.00009596  Best=0.00000852   Time=0.1  Run Time=842.5
FIRESTARTER_OPTIMIZE: Seed=0  Test=199  Generation=  8  Result=0.00038313  Best=0.00000852   Time=0.1  Run Time=843.0
FIRESTARTER_OPTIMIZE: Seed=0  Test=199  Generation=  9  Result=0.00018228  Best=0.00000852   Time=0.1  Run Time=843.5
FIRESTARTER_OPTIMIZE: Seed=0  Test=199  Generation= 10 *Result=0.00000011  Best=0.00000011   Time=0.1  Run Time=843.9
