CUDA devices = 1
Device 0: NVIDIA GeForce RTX 4090

variations = 1
samples = 15
instructions = 32
registers = 30
opcodes = 2
patternOpcodes = 4

targetMin = 0.000000f
targetMax = 6.283185f
target = 0.000001f

mode = FIRESTARTER_OPTIMIZE
evolveSeed = 123
optimizeSeed = 123
tests = 256
streams = 1
units = 1
states = 1
generations = 0
population = 65536
iterations = 64
passes = 512
candidates = 16
attempts = 0
optimize = 1

scale = 0.300000f
startScale = 2.500000f
startResult = 10.000000f

FIRESTARTER_OPTIMIZE: Seed=123  Test=45  Generation=  2 *Result=0.00003968  Best=0.00003968   Time=0.1  Run Time=126.2
FIRESTARTER_OPTIMIZE: Seed=123  Test=45  Generation=  3  Result=0.00012498  Best=0.00003968   Time=0.1  Run Time=126.6
FIRESTARTER_OPTIMIZE: Seed=123  Test=45  Generation=  4  Result=0.00033063  Best=0.00003968   Time=0.1  Run Time=127.0
FIRESTARTER_OPTIMIZE: Seed=123  Test=45  Generation=  5  Result=0.00049455  Best=0.00003968   Time=0.1  Run Time=127.5
FIRESTARTER_OPTIMIZE: Seed=123  Test=45  Generation=  6 *Result=0.00001240  Best=0.00001240   Time=0.1  Run Time=127.9
FIRESTARTER_OPTIMIZE: Seed=123  Test=45  Generation=  7 *Result=0.00000039  Best=0.00000039   Time=0.1  Run Time=128.4
