CUDA devices = 1
Device 0: NVIDIA GeForce RTX 4090

variations = 1
instructions = 32
registers = 30
opcodes = 2
patternOpcodes = 4

targetMin = 0.000000f
targetMax = 6.283185f
target = 0.000001f

mode = FIRESTARTER_OPTIMIZE
evolveSeed = 0
optimizeSeed = 0
tests = 256
streams = 1
units = 1
states = 1
generations = 0
population = 65536
passes = 512
attempts = 0
optimize = 1

scale = 0.300000f
startScale = 2.500000f
startResult = 10.000000f

FIRESTARTER_OPTIMIZE: Seed=0  Test=169  Generation=  2 *Result=0.00066603  Best=0.00066603   Time=0.1  Run Time=454.7
FIRESTARTER_OPTIMIZE: Seed=0  Test=169  Generation=  3 *Result=0.00002016  Best=0.00002016   Time=0.1  Run Time=455.1
FIRESTARTER_OPTIMIZE: Seed=0  Test=169  Generation=  4 *Result=0.00001132  Best=0.00001132   Time=0.1  Run Time=455.5
FIRESTARTER_OPTIMIZE: Seed=0  Test=169  Generation=  5  Result=0.00015998  Best=0.00001132   Time=0.1  Run Time=455.8
FIRESTARTER_OPTIMIZE: Seed=0  Test=169  Generation=  6  Result=0.00007883  Best=0.00001132   Time=0.1  Run Time=456.2
FIRESTARTER_OPTIMIZE: Seed=0  Test=169  Generation=  7  Result=0.00009006  Best=0.00001132   Time=0.1  Run Time=456.6
FIRESTARTER_OPTIMIZE: Seed=0  Test=169  Generation=  8  Result=0.00021766  Best=0.00001132   Time=0.1  Run Time=456.9
FIRESTARTER_OPTIMIZE: Seed=0  Test=169  Generation=  9 *Result=0.00000507  Best=0.00000507   Time=0.1  Run Time=457.3
FIRESTARTER_OPTIMIZE: Seed=0  Test=169  Generation= 10 *Result=0.00000011  Best=0.00000011   Time=0.1  Run Time=457.7
