CUDA devices = 1
Device 0: NVIDIA GeForce RTX 4090

variations = 1
samples = 15
instructions = 30
registers = 30
opcodes = 2
patternOpcodes = 4

targetMin = 0.000000f
targetMax = 6.283185f
target = 0.000001f

mode = FIRESTARTER_OPTIMIZE
evolveSeed = 0
optimizeSeed = 0
tests = 256
streams = 1
units = 1
states = 1
generations = 0
population = 65536
iterations = 64
passes = 512
candidates = 16
attempts = 0
optimize = 1

scale = 0.300000f
startScale = 2.500000f
startResult = 10.000000f

FIRESTARTER_OPTIMIZE: Seed=0  Test=192  Generation=  2 *Result=0.00000216  Best=0.00000216   Time=0.1  Run Time=672.2
FIRESTARTER_OPTIMIZE: Seed=0  Test=192  Generation=  3  Result=0.00006549  Best=0.00000216   Time=0.1  Run Time=672.6
FIRESTARTER_OPTIMIZE: Seed=0  Test=192  Generation=  4  Result=0.00005500  Best=0.00000216   Time=0.1  Run Time=673.0
FIRESTARTER_OPTIMIZE: Seed=0  Test=192  Generation=  5  Result=0.00002449  Best=0.00000216   Time=0.1  Run Time=673.5
FIRESTARTER_OPTIMIZE: Seed=0  Test=192  Generation=  6  Result=0.00018373  Best=0.00000216   Time=0.1  Run Time=673.9
FIRESTARTER_OPTIMIZE: Seed=0  Test=192  Generation=  7  Result=0.00018229  Best=0.00000216   Time=0.1  Run Time=674.3
FIRESTARTER_OPTIMIZE: Seed=0  Test=192  Generation=  8  Result=0.00221570  Best=0.00000216   Time=0.1  Run Time=674.8
FIRESTARTER_OPTIMIZE: Seed=0  Test=192  Generation=  9 *Result=0.00000049  Best=0.00000049   Time=0.1  Run Time=675.2
