CUDA devices = 1
Device 0: NVIDIA GeForce RTX 4090

variations = 1
samples = 15
instructions = 30
registers = 30
opcodes = 2
patternOpcodes = 4

targetMin = 0.000000f
targetMax = 6.283185f
target = 0.000001f

mode = FIRESTARTER_OPTIMIZE
evolveSeed = 0
optimizeSeed = 0
tests = 256
streams = 1
units = 1
states = 1
generations = 0
population = 65536
iterations = 64
passes = 512
candidates = 16
attempts = 0
optimize = 1

scale = 0.300000f
startScale = 2.500000f
startResult = 10.000000f

FIRESTARTER_OPTIMIZE: Seed=0  Test=205  Generation=  2 *Result=0.00614760  Best=0.00614760   Time=0.1  Run Time=714.0
FIRESTARTER_OPTIMIZE: Seed=0  Test=205  Generation=  3 *Result=0.00022203  Best=0.00022203   Time=0.1  Run Time=714.4
FIRESTARTER_OPTIMIZE: Seed=0  Test=205  Generation=  4  Result=0.00029889  Best=0.00022203   Time=0.1  Run Time=714.9
FIRESTARTER_OPTIMIZE: Seed=0  Test=205  Generation=  5 *Result=0.00004419  Best=0.00004419   Time=0.1  Run Time=715.3
FIRESTARTER_OPTIMIZE: Seed=0  Test=205  Generation=  6  Result=0.00005254  Best=0.00004419   Time=0.1  Run Time=715.7
FIRESTARTER_OPTIMIZE: Seed=0  Test=205  Generation=  7  Result=0.00005679  Best=0.00004419   Time=0.1  Run Time=716.1
FIRESTARTER_OPTIMIZE: Seed=0  Test=205  Generation=  8 *Result=0.00000140  Best=0.00000140   Time=0.1  Run Time=716.6
FIRESTARTER_OPTIMIZE: Seed=0  Test=205  Generation=  9  Result=0.00022995  Best=0.00000140   Time=0.1  Run Time=717.0
FIRESTARTER_OPTIMIZE: Seed=0  Test=205  Generation= 10  Result=0.00003332  Best=0.00000140   Time=0.1  Run Time=717.4
FIRESTARTER_OPTIMIZE: Seed=0  Test=205  Generation= 11 *Result=0.00000015  Best=0.00000015   Time=0.1  Run Time=717.9
