CUDA devices = 1
Device 0: NVIDIA GeForce RTX 4090

variations = 1
samples = 15
instructions = 32
registers = 30
opcodes = 2
patternOpcodes = 4

targetMin = 0.000000f
targetMax = 6.283185f
target = 0.000001f

mode = FIRESTARTER_OPTIMIZE
evolveSeed = 0
optimizeSeed = 0
tests = 256
streams = 1
units = 1
states = 1
generations = 0
population = 65536
iterations = 64
passes = 512
candidates = 16
attempts = 0
optimize = 1

scale = 0.100000f
startScale = 3.000000f
startResult = 10.000000f

FIRESTARTER_OPTIMIZE: Seed=0  Test=187  Generation=  2 *Result=0.00394137  Best=0.00394137   Time=0.1  Run Time=1164.7
FIRESTARTER_OPTIMIZE: Seed=0  Test=187  Generation=  3 *Result=0.00006501  Best=0.00006501   Time=0.1  Run Time=1165.1
FIRESTARTER_OPTIMIZE: Seed=0  Test=187  Generation=  4 *Result=0.00000549  Best=0.00000549   Time=0.1  Run Time=1165.6
FIRESTARTER_OPTIMIZE: Seed=0  Test=187  Generation=  5  Result=0.00074968  Best=0.00000549   Time=0.1  Run Time=1166.0
FIRESTARTER_OPTIMIZE: Seed=0  Test=187  Generation=  6  Result=0.00069305  Best=0.00000549   Time=0.1  Run Time=1166.4
FIRESTARTER_OPTIMIZE: Seed=0  Test=187  Generation=  7  Result=0.00026679  Best=0.00000549   Time=0.1  Run Time=1166.9
FIRESTARTER_OPTIMIZE: Seed=0  Test=187  Generation=  8  Result=0.00009877  Best=0.00000549   Time=0.1  Run Time=1167.3
FIRESTARTER_OPTIMIZE: Seed=0  Test=187  Generation=  9  Result=0.00043736  Best=0.00000549   Time=0.1  Run Time=1167.8
FIRESTARTER_OPTIMIZE: Seed=0  Test=187  Generation= 10 *Result=0.00000014  Best=0.00000014   Time=0.1  Run Time=1168.2
