CUDA devices = 1
Device 0: NVIDIA GeForce RTX 4090

variations = 1
samples = 15
instructions = 32
registers = 30
opcodes = 2
patternOpcodes = 4

targetMin = 0.000000f
targetMax = 6.283185f
target = 0.000001f

mode = FIRESTARTER_OPTIMIZE
evolveSeed = 0
optimizeSeed = 0
tests = 256
streams = 1
units = 1
states = 1
generations = 0
population = 65536
iterations = 64
passes = 500
candidates = 16
attempts = 0
optimize = 1

scale = 0.100000f
startScale = 2.000000f
startResult = 10.000000f

FIRESTARTER_OPTIMIZE: Seed=0  Test=237  Generation=  2 *Result=0.00001180  Best=0.00001180   Time=0.1 Seconds  Run Time=2181.3 Seconds
FIRESTARTER_OPTIMIZE: Seed=0  Test=237  Generation=  3  Result=0.00270540  Best=0.00001180   Time=0.1 Seconds  Run Time=2181.7 Seconds
FIRESTARTER_OPTIMIZE: Seed=0  Test=237  Generation=  4 *Result=0.00000530  Best=0.00000530   Time=0.1 Seconds  Run Time=2182.2 Seconds
FIRESTARTER_OPTIMIZE: Seed=0  Test=237  Generation=  5  Result=0.00004876  Best=0.00000530   Time=0.1 Seconds  Run Time=2182.6 Seconds
FIRESTARTER_OPTIMIZE: Seed=0  Test=237  Generation=  6  Result=0.00040343  Best=0.00000530   Time=0.1 Seconds  Run Time=2183.1 Seconds
FIRESTARTER_OPTIMIZE: Seed=0  Test=237  Generation=  7  Result=0.00013475  Best=0.00000530   Time=0.1 Seconds  Run Time=2183.5 Seconds
FIRESTARTER_OPTIMIZE: Seed=0  Test=237  Generation=  8  Result=0.00001764  Best=0.00000530   Time=0.1 Seconds  Run Time=2184.0 Seconds
FIRESTARTER_OPTIMIZE: Seed=0  Test=237  Generation=  9 *Result=0.00000142  Best=0.00000142   Time=0.1 Seconds  Run Time=2184.4 Seconds
FIRESTARTER_OPTIMIZE: Seed=0  Test=237  Generation= 10  Result=0.00015629  Best=0.00000142   Time=0.1 Seconds  Run Time=2184.8 Seconds
FIRESTARTER_OPTIMIZE: Seed=0  Test=237  Generation= 11  Result=0.00027041  Best=0.00000142   Time=0.1 Seconds  Run Time=2185.3 Seconds
FIRESTARTER_OPTIMIZE: Seed=0  Test=237  Generation= 12  Result=0.00014137  Best=0.00000142   Time=0.1 Seconds  Run Time=2185.7 Seconds
FIRESTARTER_OPTIMIZE: Seed=0  Test=237  Generation= 13  Result=0.00013453  Best=0.00000142   Time=0.1 Seconds  Run Time=2186.1 Seconds
FIRESTARTER_OPTIMIZE: Seed=0  Test=237  Generation= 14 *Result=0.00000037  Best=0.00000037   Time=0.1 Seconds  Run Time=2186.6 Seconds
