CUDA devices = 1
Device 0: NVIDIA GeForce RTX 4090

variations = 1
samples = 15
instructions = 32
registers = 30
opcodes = 2
patternOpcodes = 4

targetMin = 0.000000f
targetMax = 6.283185f
target = 0.000001f

mode = FIRESTARTER_OPTIMIZE
evolveSeed = 0
optimizeSeed = 0
tests = 256
streams = 1
units = 1
states = 1
generations = 0
population = 65536
iterations = 64
passes = 512
candidates = 16
attempts = 0
optimize = 1

scale = 0.150000f
startScale = 2.500000f
startResult = 10.000000f

FIRESTARTER_OPTIMIZE: Seed=0  Test=98  Generation=  2 *Result=0.00005451  Best=0.00005451   Time=0.1  Run Time=454.5
FIRESTARTER_OPTIMIZE: Seed=0  Test=98  Generation=  3  Result=0.00033507  Best=0.00005451   Time=0.1  Run Time=455.0
FIRESTARTER_OPTIMIZE: Seed=0  Test=98  Generation=  4  Result=0.00008983  Best=0.00005451   Time=0.1  Run Time=455.5
FIRESTARTER_OPTIMIZE: Seed=0  Test=98  Generation=  5 *Result=0.00002226  Best=0.00002226   Time=0.1  Run Time=455.9
FIRESTARTER_OPTIMIZE: Seed=0  Test=98  Generation=  6  Result=0.00015626  Best=0.00002226   Time=0.1  Run Time=456.4
FIRESTARTER_OPTIMIZE: Seed=0  Test=98  Generation=  7  Result=0.00167292  Best=0.00002226   Time=0.1  Run Time=456.9
FIRESTARTER_OPTIMIZE: Seed=0  Test=98  Generation=  8  Result=0.00110773  Best=0.00002226   Time=0.1  Run Time=457.4
FIRESTARTER_OPTIMIZE: Seed=0  Test=98  Generation=  9  Result=0.00005765  Best=0.00002226   Time=0.1  Run Time=457.8
FIRESTARTER_OPTIMIZE: Seed=0  Test=98  Generation= 10 *Result=0.00000021  Best=0.00000021   Time=0.1  Run Time=458.3
