CUDA devices = 1
Device 0: NVIDIA GeForce RTX 4090

variations = 1
samples = 15
instructions = 30
registers = 30
opcodes = 2
patternOpcodes = 4

targetMin = 0.000000f
targetMax = 6.283185f
target = 0.000001f

mode = FIRESTARTER_OPTIMIZE
evolveSeed = 0
optimizeSeed = 0
tests = 256
streams = 1
units = 1
states = 1
generations = 0
population = 65536
iterations = 64
passes = 512
candidates = 16
attempts = 0
optimize = 1

scale = 0.300000f
startScale = 2.500000f
startResult = 10.000000f

FIRESTARTER_OPTIMIZE: Seed=0  Test=186  Generation=  2 *Result=0.00040386  Best=0.00040386   Time=0.1  Run Time=635.3
FIRESTARTER_OPTIMIZE: Seed=0  Test=186  Generation=  3  Result=0.00127026  Best=0.00040386   Time=0.1  Run Time=635.7
FIRESTARTER_OPTIMIZE: Seed=0  Test=186  Generation=  4 *Result=0.00001135  Best=0.00001135   Time=0.1  Run Time=636.2
FIRESTARTER_OPTIMIZE: Seed=0  Test=186  Generation=  5 *Result=0.00000260  Best=0.00000260   Time=0.1  Run Time=636.6
FIRESTARTER_OPTIMIZE: Seed=0  Test=186  Generation=  6  Result=0.00019884  Best=0.00000260   Time=0.1  Run Time=637.1
FIRESTARTER_OPTIMIZE: Seed=0  Test=186  Generation=  7  Result=0.00004951  Best=0.00000260   Time=0.1  Run Time=637.5
FIRESTARTER_OPTIMIZE: Seed=0  Test=186  Generation=  8  Result=0.00140919  Best=0.00000260   Time=0.1  Run Time=637.9
FIRESTARTER_OPTIMIZE: Seed=0  Test=186  Generation=  9  Result=0.00019542  Best=0.00000260   Time=0.1  Run Time=638.3
FIRESTARTER_OPTIMIZE: Seed=0  Test=186  Generation= 10  Result=0.00005618  Best=0.00000260   Time=0.1  Run Time=638.8
FIRESTARTER_OPTIMIZE: Seed=0  Test=186  Generation= 11  Result=0.00000864  Best=0.00000260   Time=0.1  Run Time=639.2
FIRESTARTER_OPTIMIZE: Seed=0  Test=186  Generation= 12 *Result=0.00000087  Best=0.00000087   Time=0.1  Run Time=639.7
