CUDA devices = 1
Device 0: NVIDIA GeForce RTX 4090

variations = 1
instructions = 32
registers = 30
opcodes = 2
patternOpcodes = 4

targetMin = 0.000000f
targetMax = 6.283185f
target = 0.000001f

mode = FIRESTARTER_OPTIMIZE
evolveSeed = 1
optimizeSeed = 1
tests = 256
streams = 1
units = 1
states = 1
generations = 0
population = 49152
passes = 512
attempts = 0
optimize = 1

scale = 0.300000f
startScale = 2.500000f
startResult = 10.000000f

FIRESTARTER_OPTIMIZE: Seed=1  Test=169  Generation=  2 *Result=0.00000269  Best=0.00000269   Time=0.1  Run Time=486.3
FIRESTARTER_OPTIMIZE: Seed=1  Test=169  Generation=  3  Result=0.00015565  Best=0.00000269   Time=0.1  Run Time=486.7
FIRESTARTER_OPTIMIZE: Seed=1  Test=169  Generation=  4  Result=0.00237129  Best=0.00000269   Time=0.1  Run Time=487.1
FIRESTARTER_OPTIMIZE: Seed=1  Test=169  Generation=  5  Result=0.00090370  Best=0.00000269   Time=0.1  Run Time=487.4
FIRESTARTER_OPTIMIZE: Seed=1  Test=169  Generation=  6  Result=0.00000292  Best=0.00000269   Time=0.1  Run Time=487.8
FIRESTARTER_OPTIMIZE: Seed=1  Test=169  Generation=  7  Result=0.00000712  Best=0.00000269   Time=0.1  Run Time=488.1
FIRESTARTER_OPTIMIZE: Seed=1  Test=169  Generation=  8  Result=0.00066985  Best=0.00000269   Time=0.1  Run Time=488.5
FIRESTARTER_OPTIMIZE: Seed=1  Test=169  Generation=  9 *Result=0.00000020  Best=0.00000020   Time=0.1  Run Time=488.9
