CUDA devices = 1
Device 0: NVIDIA GeForce RTX 4090

variations = 1
samples = 15
instructions = 32
registers = 30
opcodes = 2
patternOpcodes = 4

targetMin = 0.000000f
targetMax = 6.283185f
target = 0.000001f

mode = FIRESTARTER_OPTIMIZE
evolveSeed = 0
optimizeSeed = 0
tests = 256
streams = 1
units = 1
states = 1
generations = 0
population = 65536
iterations = 64
passes = 512
candidates = 16
attempts = 0
optimize = 1

scale = 0.200000f
startScale = 2.500000f
startResult = 10.000000f

FIRESTARTER_OPTIMIZE: Seed=0  Test=164  Generation=  2 *Result=0.00020981  Best=0.00020981   Time=0.1  Run Time=720.7
FIRESTARTER_OPTIMIZE: Seed=0  Test=164  Generation=  3 *Result=0.00002044  Best=0.00002044   Time=0.1  Run Time=721.2
FIRESTARTER_OPTIMIZE: Seed=0  Test=164  Generation=  4  Result=0.00246082  Best=0.00002044   Time=0.1  Run Time=721.6
FIRESTARTER_OPTIMIZE: Seed=0  Test=164  Generation=  5  Result=0.00615180  Best=0.00002044   Time=0.1  Run Time=722.1
FIRESTARTER_OPTIMIZE: Seed=0  Test=164  Generation=  6  Result=0.00614542  Best=0.00002044   Time=0.1  Run Time=722.5
FIRESTARTER_OPTIMIZE: Seed=0  Test=164  Generation=  7  Result=0.00015178  Best=0.00002044   Time=0.1  Run Time=722.9
FIRESTARTER_OPTIMIZE: Seed=0  Test=164  Generation=  8  Result=0.00067454  Best=0.00002044   Time=0.1  Run Time=723.3
FIRESTARTER_OPTIMIZE: Seed=0  Test=164  Generation=  9 *Result=0.00000014  Best=0.00000014   Time=0.1  Run Time=723.8
