CUDA devices = 1
Device 0: NVIDIA GeForce RTX 4090

variations = 1
instructions = 32
registers = 30
opcodes = 2
patternOpcodes = 4

targetMin = 0.000000f
targetMax = 6.283185f
target = 0.000001f

mode = FIRESTARTER_OPTIMIZE
evolveSeed = 0
optimizeSeed = 0
tests = 256
streams = 1
units = 1
states = 1
generations = 0
population = 49152
passes = 512
attempts = 0
optimize = 1

scale = 0.300000f
startScale = 2.500000f
startResult = 10.000000f

FIRESTARTER_OPTIMIZE: Seed=0  Test=124  Generation=  2 *Result=0.00007742  Best=0.00007742   Time=0.1  Run Time=331.5
FIRESTARTER_OPTIMIZE: Seed=0  Test=124  Generation=  3 *Result=0.00005813  Best=0.00005813   Time=0.1  Run Time=331.9
FIRESTARTER_OPTIMIZE: Seed=0  Test=124  Generation=  4  Result=0.00056311  Best=0.00005813   Time=0.1  Run Time=332.2
FIRESTARTER_OPTIMIZE: Seed=0  Test=124  Generation=  5  Result=0.00015769  Best=0.00005813   Time=0.1  Run Time=332.5
FIRESTARTER_OPTIMIZE: Seed=0  Test=124  Generation=  6  Result=0.00018782  Best=0.00005813   Time=0.1  Run Time=332.9
FIRESTARTER_OPTIMIZE: Seed=0  Test=124  Generation=  7  Result=0.00018952  Best=0.00005813   Time=0.1  Run Time=333.2
FIRESTARTER_OPTIMIZE: Seed=0  Test=124  Generation=  8  Result=0.00006008  Best=0.00005813   Time=0.1  Run Time=333.6
FIRESTARTER_OPTIMIZE: Seed=0  Test=124  Generation=  9  Result=0.00039500  Best=0.00005813   Time=0.1  Run Time=333.9
FIRESTARTER_OPTIMIZE: Seed=0  Test=124  Generation= 10 *Result=0.00000029  Best=0.00000029   Time=0.1  Run Time=334.2
