CUDA devices = 1
Device 0: NVIDIA GeForce RTX 4090

variations = 1
samples = 15
instructions = 30
registers = 30
opcodes = 2
patternOpcodes = 4

targetMin = 0.000000f
targetMax = 6.283185f
target = 0.000001f

mode = FIRESTARTER_OPTIMIZE
evolveSeed = 0
optimizeSeed = 0
tests = 256
streams = 1
units = 1
states = 1
generations = 0
population = 65536
iterations = 64
passes = 512
candidates = 16
attempts = 0
optimize = 1

scale = 0.300000f
startScale = 2.500000f
startResult = 10.000000f

FIRESTARTER_OPTIMIZE: Seed=0  Test=190  Generation=  2 *Result=0.00000125  Best=0.00000125   Time=0.1  Run Time=664.6
FIRESTARTER_OPTIMIZE: Seed=0  Test=190  Generation=  3  Result=0.00062476  Best=0.00000125   Time=0.1  Run Time=665.1
FIRESTARTER_OPTIMIZE: Seed=0  Test=190  Generation=  4  Result=0.00000210  Best=0.00000125   Time=0.1  Run Time=665.5
FIRESTARTER_OPTIMIZE: Seed=0  Test=190  Generation=  5  Result=0.00183352  Best=0.00000125   Time=0.1  Run Time=666.0
FIRESTARTER_OPTIMIZE: Seed=0  Test=190  Generation=  6  Result=0.00022962  Best=0.00000125   Time=0.1  Run Time=666.4
FIRESTARTER_OPTIMIZE: Seed=0  Test=190  Generation=  7  Result=0.00000608  Best=0.00000125   Time=0.1  Run Time=666.9
FIRESTARTER_OPTIMIZE: Seed=0  Test=190  Generation=  8  Result=0.00062004  Best=0.00000125   Time=0.1  Run Time=667.3
FIRESTARTER_OPTIMIZE: Seed=0  Test=190  Generation=  9  Result=0.00000165  Best=0.00000125   Time=0.1  Run Time=667.7
FIRESTARTER_OPTIMIZE: Seed=0  Test=190  Generation= 10  Result=0.00435935  Best=0.00000125   Time=0.1  Run Time=668.2
FIRESTARTER_OPTIMIZE: Seed=0  Test=190  Generation= 11  Result=0.00018317  Best=0.00000125   Time=0.1  Run Time=668.6
FIRESTARTER_OPTIMIZE: Seed=0  Test=190  Generation= 12 *Result=0.00000089  Best=0.00000089   Time=0.1  Run Time=669.0
