CUDA devices = 1
Device 0: NVIDIA GeForce RTX 4090

variations = 1
instructions = 32
registers = 30
opcodes = 2
patternOpcodes = 4

targetMin = 0.000000f
targetMax = 6.283185f
target = 0.000001f

mode = FIRESTARTER_OPTIMIZE
evolveSeed = 1
optimizeSeed = 1
tests = 256
streams = 1
units = 1
states = 1
generations = 0
population = 65536
passes = 512
attempts = 0
optimize = 1

scale = 0.300000f
startScale = 2.500000f
startResult = 10.000000f

FIRESTARTER_OPTIMIZE: Seed=1  Test=38  Generation=  2 *Result=0.00143408  Best=0.00143408   Time=0.1  Run Time=112.9
FIRESTARTER_OPTIMIZE: Seed=1  Test=38  Generation=  3 *Result=0.00005257  Best=0.00005257   Time=0.1  Run Time=113.2
FIRESTARTER_OPTIMIZE: Seed=1  Test=38  Generation=  4  Result=0.00043797  Best=0.00005257   Time=0.1  Run Time=113.6
FIRESTARTER_OPTIMIZE: Seed=1  Test=38  Generation=  5 *Result=0.00002210  Best=0.00002210   Time=0.1  Run Time=114.0
FIRESTARTER_OPTIMIZE: Seed=1  Test=38  Generation=  6 *Result=0.00000250  Best=0.00000250   Time=0.1  Run Time=114.4
FIRESTARTER_OPTIMIZE: Seed=1  Test=38  Generation=  7  Result=0.00049448  Best=0.00000250   Time=0.1  Run Time=114.8
FIRESTARTER_OPTIMIZE: Seed=1  Test=38  Generation=  8 *Result=0.00000137  Best=0.00000137   Time=0.1  Run Time=115.2
FIRESTARTER_OPTIMIZE: Seed=1  Test=38  Generation=  9  Result=0.00013310  Best=0.00000137   Time=0.1  Run Time=115.6
FIRESTARTER_OPTIMIZE: Seed=1  Test=38  Generation= 10  Result=0.00014478  Best=0.00000137   Time=0.1  Run Time=116.1
FIRESTARTER_OPTIMIZE: Seed=1  Test=38  Generation= 11  Result=0.00002952  Best=0.00000137   Time=0.1  Run Time=116.5
FIRESTARTER_OPTIMIZE: Seed=1  Test=38  Generation= 12 *Result=0.00000026  Best=0.00000026   Time=0.1  Run Time=116.9
