CUDA devices = 1
Device 0: NVIDIA GeForce RTX 4090

variations = 1
samples = 15
instructions = 32
registers = 30
opcodes = 2
patternOpcodes = 4

targetMin = 0.000000f
targetMax = 6.283185f
target = 0.000001f

mode = FIRESTARTER_OPTIMIZE
evolveSeed = 0
optimizeSeed = 0
tests = 256
streams = 1
units = 1
states = 1
generations = 0
population = 65536
iterations = 64
passes = 512
candidates = 16
attempts = 0
optimize = 1

scale = 0.300000f
startScale = 2.500000f
startResult = 10.000000f

FIRESTARTER_OPTIMIZE: Seed=0  Test=20  Generation=  2 *Result=0.00009321  Best=0.00009321   Time=0.1  Run Time=56.7
FIRESTARTER_OPTIMIZE: Seed=0  Test=20  Generation=  3 *Result=0.00000248  Best=0.00000248   Time=0.1  Run Time=57.0
FIRESTARTER_OPTIMIZE: Seed=0  Test=20  Generation=  4  Result=0.00015688  Best=0.00000248   Time=0.1  Run Time=57.4
FIRESTARTER_OPTIMIZE: Seed=0  Test=20  Generation=  5  Result=0.00093776  Best=0.00000248   Time=0.1  Run Time=57.7
FIRESTARTER_OPTIMIZE: Seed=0  Test=20  Generation=  6  Result=0.00005251  Best=0.00000248   Time=0.1  Run Time=58.1
FIRESTARTER_OPTIMIZE: Seed=0  Test=20  Generation=  7  Result=0.00001439  Best=0.00000248   Time=0.1  Run Time=58.5
FIRESTARTER_OPTIMIZE: Seed=0  Test=20  Generation=  8  Result=0.00008112  Best=0.00000248   Time=0.1  Run Time=58.8
FIRESTARTER_OPTIMIZE: Seed=0  Test=20  Generation=  9 *Result=0.00000021  Best=0.00000021   Time=0.1  Run Time=59.2
