CUDA devices = 1
Device 0: NVIDIA GeForce RTX 4090

variations = 1
instructions = 32
registers = 30
opcodes = 2
patternOpcodes = 4

targetMin = 0.000000f
targetMax = 6.283185f
target = 0.000001f

mode = FIRESTARTER_OPTIMIZE
evolveSeed = 1
optimizeSeed = 1
tests = 256
streams = 1
units = 1
states = 1
generations = 0
population = 65536
passes = 512
attempts = 0
optimize = 1

scale = 0.300000f
startScale = 2.500000f
startResult = 10.000000f

FIRESTARTER_OPTIMIZE: Seed=1  Test=45  Generation=  2 *Result=0.00056833  Best=0.00056833   Time=0.1  Run Time=151.2
FIRESTARTER_OPTIMIZE: Seed=1  Test=45  Generation=  3 *Result=0.00019443  Best=0.00019443   Time=0.1  Run Time=151.7
FIRESTARTER_OPTIMIZE: Seed=1  Test=45  Generation=  4 *Result=0.00004051  Best=0.00004051   Time=0.1  Run Time=152.0
FIRESTARTER_OPTIMIZE: Seed=1  Test=45  Generation=  5 *Result=0.00001664  Best=0.00001664   Time=0.1  Run Time=152.5
FIRESTARTER_OPTIMIZE: Seed=1  Test=45  Generation=  6 *Result=0.00001109  Best=0.00001109   Time=0.1  Run Time=152.9
FIRESTARTER_OPTIMIZE: Seed=1  Test=45  Generation=  7 *Result=0.00000224  Best=0.00000224   Time=0.1  Run Time=153.3
FIRESTARTER_OPTIMIZE: Seed=1  Test=45  Generation=  8 *Result=0.00000017  Best=0.00000017   Time=0.1  Run Time=153.8
