CUDA devices = 1
Device 0: NVIDIA GeForce RTX 4090

variations = 1
samples = 15
instructions = 32
registers = 30
opcodes = 2
patternOpcodes = 4

targetMin = 0.000000f
targetMax = 6.283185f
target = 0.000001f

mode = FIRESTARTER_OPTIMIZE
evolveSeed = 0
optimizeSeed = 0
tests = 256
streams = 1
units = 1
states = 1
generations = 0
population = 65536
iterations = 64
passes = 512
candidates = 16
attempts = 0
optimize = 1

scale = 0.150000f
startScale = 2.500000f
startResult = 10.000000f

FIRESTARTER_OPTIMIZE: Seed=0  Test=236  Generation=  2 *Result=0.00038521  Best=0.00038521   Time=0.1  Run Time=1185.0
FIRESTARTER_OPTIMIZE: Seed=0  Test=236  Generation=  3 *Result=0.00029069  Best=0.00029069   Time=0.1  Run Time=1185.4
FIRESTARTER_OPTIMIZE: Seed=0  Test=236  Generation=  4  Result=0.00126535  Best=0.00029069   Time=0.1  Run Time=1185.9
FIRESTARTER_OPTIMIZE: Seed=0  Test=236  Generation=  5 *Result=0.00000221  Best=0.00000221   Time=0.1  Run Time=1186.3
FIRESTARTER_OPTIMIZE: Seed=0  Test=236  Generation=  6  Result=0.00006646  Best=0.00000221   Time=0.1  Run Time=1186.7
FIRESTARTER_OPTIMIZE: Seed=0  Test=236  Generation=  7  Result=0.00002749  Best=0.00000221   Time=0.1  Run Time=1187.2
FIRESTARTER_OPTIMIZE: Seed=0  Test=236  Generation=  8  Result=0.00000811  Best=0.00000221   Time=0.1  Run Time=1187.6
FIRESTARTER_OPTIMIZE: Seed=0  Test=236  Generation=  9  Result=0.00012165  Best=0.00000221   Time=0.1  Run Time=1188.1
FIRESTARTER_OPTIMIZE: Seed=0  Test=236  Generation= 10  Result=0.00140880  Best=0.00000221   Time=0.1  Run Time=1188.5
FIRESTARTER_OPTIMIZE: Seed=0  Test=236  Generation= 11  Result=0.00004828  Best=0.00000221   Time=0.1  Run Time=1189.0
FIRESTARTER_OPTIMIZE: Seed=0  Test=236  Generation= 12  Result=0.00034950  Best=0.00000221   Time=0.1  Run Time=1189.4
FIRESTARTER_OPTIMIZE: Seed=0  Test=236  Generation= 13 *Result=0.00000062  Best=0.00000062   Time=0.1  Run Time=1189.9
