CUDA devices = 1
Device 0: NVIDIA GeForce RTX 4090

variations = 1
samples = 15
instructions = 32
registers = 30
opcodes = 2
patternOpcodes = 4

targetMin = 0.000000f
targetMax = 6.283185f
evolveTarget = 0.000001f

mode = FIRESTARTER_EVOLVE_GPU
evolveSeed = 0
optimizeSeed = 0
tests = 16
streams = 1
units = 1
states = 1
generations = 0
population = 8192
iterations = 64
passes = 500
candidates = 16
attempts = 0
optimize = 1

scale = 0.100000f
startScale = 2.000000f
startResult = 10.000000f

FIRESTARTER_EVOLVE_GPU: Seed=0  Test= 3  Generation=  0  Age=  1  Evolution= 0  Weight=0.00000000  Old Result=10.00000000 *New Result=0.00363171  Index=3185  EvolveAge1=378  EvolveAge2=8  Best=0.00363171   BestAge=1  Time=1.5 Seconds  Run Time=421.5 Seconds
FIRESTARTER_EVOLVE_GPU: Seed=0  Test= 3  Generation=  1  Age=  1  Evolution= 0  Weight=0.00000000  Old Result=0.00363171  Bad Result=0.00363171  Index=3185  EvolveAge1=878  EvolveAge2=8  Best=0.00363171   BestAge=2  Time=0.9 Seconds  Run Time=422.4 Seconds
FIRESTARTER_OPTIMIZE_GPU: Seed=0  Test= 3  Optimize=0  Generation=  0 *Result=0.00223392  Best=0.00223392   Time=2.4 Seconds  Run Time=424.8 Seconds
FIRESTARTER_EVOLVE_GPU: Seed=0  Test= 3  Generation=  2  Age=  1  Evolution= 0  Weight=0.00000000  Old Result=0.00363171  Bad Result=0.00371289  Index=4225  EvolveAge1=80  EvolveAge2=25  Best=0.00363171   BestAge=3  Time=1.1 Seconds  Run Time=425.9 Seconds
FIRESTARTER_EVOLVE_GPU: Seed=0  Test= 3  Generation=  3  Age=  1  Evolution= 0  Weight=0.00000000  Old Result=0.00371289 *New Result=0.00193000  Index=8024  EvolveAge1=136  EvolveAge2=178  Best=0.00193000   BestAge=1  Time=1.1 Seconds  Run Time=427.0 Seconds
FIRESTARTER_EVOLVE_GPU: Seed=0  Test= 3  Generation=  4  Age=  1  Evolution= 0  Weight=0.00000000  Old Result=0.00193000  Bad Result=0.00193000  Index=8024  EvolveAge1=636  EvolveAge2=178  Best=0.00193000   BestAge=2  Time=1.1 Seconds  Run Time=428.1 Seconds
FIRESTARTER_OPTIMIZE_GPU: Seed=0  Test= 3  Optimize=0  Generation=  3 *Result=0.00011432  Best=0.00011432   Time=2.4 Seconds  Run Time=430.4 Seconds
FIRESTARTER_EVOLVE_GPU: Seed=0  Test= 3  Generation=  5  Age=  1  Evolution= 0  Weight=0.00000000  Old Result=0.00193000  Bad Result=0.00233686  Index=455  EvolveAge1=1  EvolveAge2=1483  Best=0.00193000   BestAge=3  Time=1.2 Seconds  Run Time=431.6 Seconds
FIRESTARTER_EVOLVE_GPU: Seed=0  Test= 3  Generation=  6  Age=  1  Evolution= 0  Weight=0.00000000  Old Result=0.00233686 *New Result=0.00022823  Index=7783  EvolveAge1=0  EvolveAge2=111  Best=0.00022823   BestAge=1  Time=1.1 Seconds  Run Time=432.7 Seconds
FIRESTARTER_EVOLVE_GPU: Seed=0  Test= 3  Generation=  7  Age=  1  Evolution= 0  Weight=0.00000000  Old Result=0.00022823 *New Result=0.00014120  Index=7783  EvolveAge1=288  EvolveAge2=193  Best=0.00014120   BestAge=1  Time=1.2 Seconds  Run Time=434.0 Seconds
FIRESTARTER_EVOLVE_GPU: Seed=0  Test= 3  Generation=  8  Age=  1  Evolution= 0  Weight=0.00000000  Old Result=0.00014120 *New Result=0.00006092  Index=2210  EvolveAge1=0  EvolveAge2=181  Best=0.00006092   BestAge=1  Time=1.3 Seconds  Run Time=435.2 Seconds
FIRESTARTER_EVOLVE_GPU: Seed=0  Test= 3  Generation=  9  Age=  1  Evolution= 0  Weight=0.00000000  Old Result=0.00006092 *New Result=0.00001745  Index=1428  EvolveAge1=58  EvolveAge2=218  Best=0.00001745   BestAge=1  Time=1.3 Seconds  Run Time=436.5 Seconds
FIRESTARTER_EVOLVE_GPU: Seed=0  Test= 3  Generation= 10  Age=  1  Evolution= 0  Weight=0.00000000  Old Result=0.00001745  Bad Result=0.00001745  Index=1428  EvolveAge1=558  EvolveAge2=218  Best=0.00001745   BestAge=2  Time=1.3 Seconds  Run Time=437.8 Seconds
FIRESTARTER_OPTIMIZE_GPU: Seed=0  Test= 3  Optimize=0  Generation=  9 *Result=0.00000018  Best=0.00000018   Time=2.3 Seconds  Run Time=440.1 Seconds
