CUDA devices = 1
Device 0: NVIDIA GeForce RTX 4090

variations = 1
instructions = 32
registers = 30
opcodes = 2
patternOpcodes = 4

targetMin = 0.000000f
targetMax = 6.283185f
target = 0.000001f

mode = FIRESTARTER_OPTIMIZE
evolveSeed = 0
optimizeSeed = 0
tests = 256
streams = 1
units = 1
states = 1
generations = 0
population = 49152
passes = 384
attempts = 0
optimize = 1

scale = 0.300000f
startScale = 2.500000f
startResult = 10.000000f

FIRESTARTER_OPTIMIZE: Seed=0  Test=240  Generation=  2 *Result=0.00062960  Best=0.00062960   Time=0.1  Run Time=615.5
FIRESTARTER_OPTIMIZE: Seed=0  Test=240  Generation=  3  Result=0.00109205  Best=0.00062960   Time=0.1  Run Time=615.8
FIRESTARTER_OPTIMIZE: Seed=0  Test=240  Generation=  4 *Result=0.00005430  Best=0.00005430   Time=0.1  Run Time=616.2
FIRESTARTER_OPTIMIZE: Seed=0  Test=240  Generation=  5  Result=0.00049670  Best=0.00005430   Time=0.1  Run Time=616.5
FIRESTARTER_OPTIMIZE: Seed=0  Test=240  Generation=  6 *Result=0.00001378  Best=0.00001378   Time=0.1  Run Time=616.8
FIRESTARTER_OPTIMIZE: Seed=0  Test=240  Generation=  7  Result=0.00018268  Best=0.00001378   Time=0.1  Run Time=617.1
FIRESTARTER_OPTIMIZE: Seed=0  Test=240  Generation=  8  Result=0.00006892  Best=0.00001378   Time=0.1  Run Time=617.4
FIRESTARTER_OPTIMIZE: Seed=0  Test=240  Generation=  9  Result=0.00132406  Best=0.00001378   Time=0.1  Run Time=617.7
FIRESTARTER_OPTIMIZE: Seed=0  Test=240  Generation= 10 *Result=0.00000447  Best=0.00000447   Time=0.1  Run Time=618.0
FIRESTARTER_OPTIMIZE: Seed=0  Test=240  Generation= 11 *Result=0.00000035  Best=0.00000035   Time=0.1  Run Time=618.3
