CUDA devices = 1
Device 0: NVIDIA GeForce RTX 4090

variations = 1
samples = 15
instructions = 32
registers = 30
opcodes = 2
patternOpcodes = 4

targetMin = 0.000000f
targetMax = 6.283185f
target = 0.000001f

mode = FIRESTARTER_OPTIMIZE
evolveSeed = 0
optimizeSeed = 0
tests = 256
streams = 1
units = 1
states = 1
generations = 0
population = 65536
iterations = 64
passes = 512
candidates = 16
attempts = 0
optimize = 1

scale = 0.150000f
startScale = 2.500000f
startResult = 10.000000f

FIRESTARTER_OPTIMIZE: Seed=0  Test=206  Generation=  2 *Result=0.00057935  Best=0.00057935   Time=0.1  Run Time=1050.0
FIRESTARTER_OPTIMIZE: Seed=0  Test=206  Generation=  3 *Result=0.00000170  Best=0.00000170   Time=0.1  Run Time=1050.5
FIRESTARTER_OPTIMIZE: Seed=0  Test=206  Generation=  4  Result=0.00002736  Best=0.00000170   Time=0.1  Run Time=1051.0
FIRESTARTER_OPTIMIZE: Seed=0  Test=206  Generation=  5  Result=0.00079497  Best=0.00000170   Time=0.1  Run Time=1051.4
FIRESTARTER_OPTIMIZE: Seed=0  Test=206  Generation=  6  Result=0.00032556  Best=0.00000170   Time=0.1  Run Time=1051.9
FIRESTARTER_OPTIMIZE: Seed=0  Test=206  Generation=  7  Result=0.00614978  Best=0.00000170   Time=0.1  Run Time=1052.4
FIRESTARTER_OPTIMIZE: Seed=0  Test=206  Generation=  8  Result=0.00000554  Best=0.00000170   Time=0.1  Run Time=1052.8
FIRESTARTER_OPTIMIZE: Seed=0  Test=206  Generation=  9  Result=0.00085005  Best=0.00000170   Time=0.1  Run Time=1053.3
FIRESTARTER_OPTIMIZE: Seed=0  Test=206  Generation= 10  Result=0.00000232  Best=0.00000170   Time=0.1  Run Time=1053.8
FIRESTARTER_OPTIMIZE: Seed=0  Test=206  Generation= 11 *Result=0.00000042  Best=0.00000042   Time=0.1  Run Time=1054.2
