CUDA devices = 1
Device 0: NVIDIA GeForce RTX 4090

variations = 1
instructions = 32
registers = 30
opcodes = 2
patternOpcodes = 4

targetMin = 0.000000f
targetMax = 6.283185f
target = 0.000001f

mode = FIRESTARTER_OPTIMIZE
evolveSeed = 0
optimizeSeed = 0
tests = 256
streams = 1
units = 1
states = 1
generations = 0
population = 49152
passes = 256
attempts = 0
optimize = 1

scale = 0.300000f
startScale = 2.500000f
startResult = 10.000000f

FIRESTARTER_OPTIMIZE: Seed=0  Test=107  Generation=  2 *Result=0.00000936  Best=0.00000936   Time=0.1  Run Time=297.7
FIRESTARTER_OPTIMIZE: Seed=0  Test=107  Generation=  3  Result=0.00025648  Best=0.00000936   Time=0.1  Run Time=298.0
FIRESTARTER_OPTIMIZE: Seed=0  Test=107  Generation=  4  Result=0.00019538  Best=0.00000936   Time=0.1  Run Time=298.3
FIRESTARTER_OPTIMIZE: Seed=0  Test=107  Generation=  5  Result=0.00013706  Best=0.00000936   Time=0.1  Run Time=298.6
FIRESTARTER_OPTIMIZE: Seed=0  Test=107  Generation=  6  Result=0.00036800  Best=0.00000936   Time=0.1  Run Time=298.9
FIRESTARTER_OPTIMIZE: Seed=0  Test=107  Generation=  7  Result=0.00018041  Best=0.00000936   Time=0.1  Run Time=299.3
FIRESTARTER_OPTIMIZE: Seed=0  Test=107  Generation=  8  Result=0.00001326  Best=0.00000936   Time=0.1  Run Time=299.6
FIRESTARTER_OPTIMIZE: Seed=0  Test=107  Generation=  9  Result=0.00038563  Best=0.00000936   Time=0.1  Run Time=299.9
FIRESTARTER_OPTIMIZE: Seed=0  Test=107  Generation= 10  Result=0.00011717  Best=0.00000936   Time=0.1  Run Time=300.2
FIRESTARTER_OPTIMIZE: Seed=0  Test=107  Generation= 11  Result=0.00007246  Best=0.00000936   Time=0.1  Run Time=300.5
FIRESTARTER_OPTIMIZE: Seed=0  Test=107  Generation= 12 *Result=0.00000018  Best=0.00000018   Time=0.1  Run Time=300.8
