CUDA devices = 1
Device 0: NVIDIA GeForce RTX 4090

variations = 1
samples = 15
instructions = 32
registers = 30
opcodes = 2
patternOpcodes = 4

targetMin = 0.000000f
targetMax = 6.283185f
target = 0.000001f

mode = FIRESTARTER_OPTIMIZE
evolveSeed = 0
optimizeSeed = 0
tests = 256
streams = 1
units = 1
states = 1
generations = 0
population = 65536
iterations = 64
passes = 512
candidates = 16
attempts = 0
optimize = 1

scale = 0.150000f
startScale = 2.500000f
startResult = 10.000000f

FIRESTARTER_OPTIMIZE: Seed=0  Test=21  Generation=  2 *Result=0.00124022  Best=0.00124022   Time=0.1  Run Time=130.5
FIRESTARTER_OPTIMIZE: Seed=0  Test=21  Generation=  3 *Result=0.00001828  Best=0.00001828   Time=0.1  Run Time=131.0
FIRESTARTER_OPTIMIZE: Seed=0  Test=21  Generation=  4  Result=0.00064451  Best=0.00001828   Time=0.1  Run Time=131.5
FIRESTARTER_OPTIMIZE: Seed=0  Test=21  Generation=  5  Result=0.00614572  Best=0.00001828   Time=0.1  Run Time=132.0
FIRESTARTER_OPTIMIZE: Seed=0  Test=21  Generation=  6  Result=0.00090713  Best=0.00001828   Time=0.1  Run Time=132.5
FIRESTARTER_OPTIMIZE: Seed=0  Test=21  Generation=  7  Result=0.00116539  Best=0.00001828   Time=0.1  Run Time=132.9
FIRESTARTER_OPTIMIZE: Seed=0  Test=21  Generation=  8  Result=0.00023870  Best=0.00001828   Time=0.1  Run Time=133.4
FIRESTARTER_OPTIMIZE: Seed=0  Test=21  Generation=  9  Result=0.00018222  Best=0.00001828   Time=0.1  Run Time=133.9
FIRESTARTER_OPTIMIZE: Seed=0  Test=21  Generation= 10 *Result=0.00000278  Best=0.00000278   Time=0.1  Run Time=134.4
FIRESTARTER_OPTIMIZE: Seed=0  Test=21  Generation= 11  Result=0.00020832  Best=0.00000278   Time=0.1  Run Time=134.8
FIRESTARTER_OPTIMIZE: Seed=0  Test=21  Generation= 12 *Result=0.00000074  Best=0.00000074   Time=0.1  Run Time=135.3
