CUDA devices = 1
Device 0: NVIDIA GeForce RTX 4090

variations = 1
instructions = 32
registers = 30
opcodes = 2
patternOpcodes = 4

targetMin = 0.000000f
targetMax = 6.283185f
target = 0.000001f

mode = FIRESTARTER_OPTIMIZE
evolveSeed = 0
optimizeSeed = 0
tests = 256
streams = 1
units = 1
states = 1
generations = 0
population = 65536
passes = 512
attempts = 0
optimize = 1

scale = 0.300000f
startScale = 2.500000f
startResult = 10.000000f

FIRESTARTER_OPTIMIZE: Seed=0  Test=255  Generation=  2 *Result=0.00007421  Best=0.00007421   Time=0.1  Run Time=765.6
FIRESTARTER_OPTIMIZE: Seed=0  Test=255  Generation=  3  Result=0.00117656  Best=0.00007421   Time=0.1  Run Time=766.0
FIRESTARTER_OPTIMIZE: Seed=0  Test=255  Generation=  4 *Result=0.00001392  Best=0.00001392   Time=0.1  Run Time=766.4
FIRESTARTER_OPTIMIZE: Seed=0  Test=255  Generation=  5  Result=0.00010985  Best=0.00001392   Time=0.1  Run Time=766.8
FIRESTARTER_OPTIMIZE: Seed=0  Test=255  Generation=  6  Result=0.00007996  Best=0.00001392   Time=0.1  Run Time=767.1
FIRESTARTER_OPTIMIZE: Seed=0  Test=255  Generation=  7  Result=0.00018915  Best=0.00001392   Time=0.1  Run Time=767.5
FIRESTARTER_OPTIMIZE: Seed=0  Test=255  Generation=  8  Result=0.00024676  Best=0.00001392   Time=0.1  Run Time=767.9
FIRESTARTER_OPTIMIZE: Seed=0  Test=255  Generation=  9 *Result=0.00000012  Best=0.00000012   Time=0.1  Run Time=768.3
