CUDA devices = 1
Device 0: NVIDIA GeForce RTX 4090

variations = 1
instructions = 32
registers = 30
opcodes = 2
patternOpcodes = 4

targetMin = 0.000000f
targetMax = 6.283185f
target = 0.000001f

mode = FIRESTARTER_OPTIMIZE
evolveSeed = 1
optimizeSeed = 1
tests = 256
streams = 1
units = 1
states = 1
generations = 0
population = 65536
passes = 512
attempts = 0
optimize = 1

scale = 0.300000f
startScale = 2.500000f
startResult = 10.000000f

FIRESTARTER_OPTIMIZE: Seed=1  Test=208  Generation=  2 *Result=0.00018230  Best=0.00018230   Time=0.1  Run Time=658.8
FIRESTARTER_OPTIMIZE: Seed=1  Test=208  Generation=  3  Result=0.00042129  Best=0.00018230   Time=0.1  Run Time=659.2
FIRESTARTER_OPTIMIZE: Seed=1  Test=208  Generation=  4 *Result=0.00013701  Best=0.00013701   Time=0.1  Run Time=659.6
FIRESTARTER_OPTIMIZE: Seed=1  Test=208  Generation=  5 *Result=0.00000014  Best=0.00000014   Time=0.1  Run Time=660.0
