CUDA devices = 1
Device 0: NVIDIA GeForce RTX 4090

variations = 1
instructions = 32
registers = 30
opcodes = 2
patternOpcodes = 4

targetMin = 0.000000f
targetMax = 6.283185f
target = 0.000001f

mode = FIRESTARTER_OPTIMIZE
evolveSeed = 1
optimizeSeed = 1
tests = 256
streams = 1
units = 1
states = 1
generations = 0
population = 65536
passes = 512
attempts = 0
optimize = 1

scale = 0.300000f
startScale = 2.500000f
startResult = 10.000000f

FIRESTARTER_OPTIMIZE: Seed=1  Test=55  Generation=  2 *Result=0.00018531  Best=0.00018531   Time=0.1  Run Time=141.8
FIRESTARTER_OPTIMIZE: Seed=1  Test=55  Generation=  3 *Result=0.00005054  Best=0.00005054   Time=0.1  Run Time=142.2
FIRESTARTER_OPTIMIZE: Seed=1  Test=55  Generation=  4  Result=0.00008920  Best=0.00005054   Time=0.1  Run Time=142.5
FIRESTARTER_OPTIMIZE: Seed=1  Test=55  Generation=  5  Result=0.00064850  Best=0.00005054   Time=0.1  Run Time=142.9
FIRESTARTER_OPTIMIZE: Seed=1  Test=55  Generation=  6  Result=0.00026167  Best=0.00005054   Time=0.1  Run Time=143.3
FIRESTARTER_OPTIMIZE: Seed=1  Test=55  Generation=  7 *Result=0.00004986  Best=0.00004986   Time=0.1  Run Time=143.7
FIRESTARTER_OPTIMIZE: Seed=1  Test=55  Generation=  8 *Result=0.00001377  Best=0.00001377   Time=0.1  Run Time=144.1
FIRESTARTER_OPTIMIZE: Seed=1  Test=55  Generation=  9 *Result=0.00000014  Best=0.00000014   Time=0.1  Run Time=144.5
