CUDA devices = 1
Device 0: NVIDIA GeForce RTX 4090

variations = 1
samples = 15
instructions = 32
registers = 30
opcodes = 2
patternOpcodes = 4

targetMin = 0.000000f
targetMax = 6.283185f
target = 0.000001f

mode = FIRESTARTER_OPTIMIZE
evolveSeed = 0
optimizeSeed = 0
tests = 256
streams = 1
units = 1
states = 1
generations = 0
population = 65536
iterations = 64
passes = 512
candidates = 16
attempts = 0
optimize = 1

scale = 0.100000f
startScale = 4.000000f
startResult = 10.000000f

FIRESTARTER_OPTIMIZE: Seed=0  Test=81  Generation=  2 *Result=0.00614125  Best=0.00614125   Time=0.1  Run Time=661.4
FIRESTARTER_OPTIMIZE: Seed=0  Test=81  Generation=  3  Result=0.00670455  Best=0.00614125   Time=0.1  Run Time=661.9
FIRESTARTER_OPTIMIZE: Seed=0  Test=81  Generation=  4  Result=0.00614280  Best=0.00614125   Time=0.1  Run Time=662.4
FIRESTARTER_OPTIMIZE: Seed=0  Test=81  Generation=  5 *Result=0.00000378  Best=0.00000378   Time=0.1  Run Time=662.8
FIRESTARTER_OPTIMIZE: Seed=0  Test=81  Generation=  6  Result=0.00005791  Best=0.00000378   Time=0.1  Run Time=663.3
FIRESTARTER_OPTIMIZE: Seed=0  Test=81  Generation=  7 *Result=0.00000086  Best=0.00000086   Time=0.1  Run Time=663.8
