CUDA devices = 1
Device 0: NVIDIA GeForce RTX 4090

variations = 1
instructions = 32
registers = 30
opcodes = 2
patternOpcodes = 4

targetMin = 0.000000f
targetMax = 6.283185f
target = 0.000001f

mode = FIRESTARTER_OPTIMIZE
evolveSeed = 2
optimizeSeed = 2
tests = 256
streams = 1
units = 1
states = 1
generations = 0
population = 65536
passes = 384
attempts = 0
optimize = 1

scale = 0.300000f
startScale = 2.500000f
startResult = 10.000000f

FIRESTARTER_OPTIMIZE: Seed=2  Test=205  Generation=  2 *Result=0.00007666  Best=0.00007666   Time=0.1  Run Time=512.6
FIRESTARTER_OPTIMIZE: Seed=2  Test=205  Generation=  3 *Result=0.00007129  Best=0.00007129   Time=0.1  Run Time=512.9
FIRESTARTER_OPTIMIZE: Seed=2  Test=205  Generation=  4  Result=0.00007468  Best=0.00007129   Time=0.1  Run Time=513.2
FIRESTARTER_OPTIMIZE: Seed=2  Test=205  Generation=  5 *Result=0.00002678  Best=0.00002678   Time=0.1  Run Time=513.5
FIRESTARTER_OPTIMIZE: Seed=2  Test=205  Generation=  6  Result=0.00005380  Best=0.00002678   Time=0.1  Run Time=513.8
FIRESTARTER_OPTIMIZE: Seed=2  Test=205  Generation=  7 *Result=0.00000298  Best=0.00000298   Time=0.1  Run Time=514.1
FIRESTARTER_OPTIMIZE: Seed=2  Test=205  Generation=  8  Result=0.00002342  Best=0.00000298   Time=0.1  Run Time=514.4
FIRESTARTER_OPTIMIZE: Seed=2  Test=205  Generation=  9  Result=0.00009430  Best=0.00000298   Time=0.1  Run Time=514.7
FIRESTARTER_OPTIMIZE: Seed=2  Test=205  Generation= 10  Result=0.00022574  Best=0.00000298   Time=0.1  Run Time=515.0
FIRESTARTER_OPTIMIZE: Seed=2  Test=205  Generation= 11  Result=0.00012445  Best=0.00000298   Time=0.1  Run Time=515.3
FIRESTARTER_OPTIMIZE: Seed=2  Test=205  Generation= 12 *Result=0.00000008  Best=0.00000008   Time=0.1  Run Time=515.6
