CUDA devices = 1
Device 0: NVIDIA GeForce RTX 4090

variations = 1
instructions = 32
registers = 30
opcodes = 2
patternOpcodes = 4

targetMin = 0.000000f
targetMax = 6.283185f
target = 0.000001f

mode = FIRESTARTER_OPTIMIZE
evolveSeed = 0
optimizeSeed = 0
tests = 256
streams = 1
units = 1
states = 1
generations = 0
population = 49152
passes = 512
attempts = 0
optimize = 1

scale = 0.300000f
startScale = 2.500000f
startResult = 10.000000f

FIRESTARTER_OPTIMIZE: Seed=0  Test=22  Generation=  2 *Result=0.00006552  Best=0.00006552   Time=0.1  Run Time=63.6
FIRESTARTER_OPTIMIZE: Seed=0  Test=22  Generation=  3  Result=0.00028293  Best=0.00006552   Time=0.1  Run Time=63.9
FIRESTARTER_OPTIMIZE: Seed=0  Test=22  Generation=  4 *Result=0.00000173  Best=0.00000173   Time=0.1  Run Time=64.3
FIRESTARTER_OPTIMIZE: Seed=0  Test=22  Generation=  5  Result=0.00001758  Best=0.00000173   Time=0.1  Run Time=64.6
FIRESTARTER_OPTIMIZE: Seed=0  Test=22  Generation=  6  Result=0.00323303  Best=0.00000173   Time=0.1  Run Time=64.9
FIRESTARTER_OPTIMIZE: Seed=0  Test=22  Generation=  7  Result=0.00224912  Best=0.00000173   Time=0.1  Run Time=65.3
FIRESTARTER_OPTIMIZE: Seed=0  Test=22  Generation=  8  Result=0.00001081  Best=0.00000173   Time=0.1  Run Time=65.6
FIRESTARTER_OPTIMIZE: Seed=0  Test=22  Generation=  9  Result=0.00042270  Best=0.00000173   Time=0.1  Run Time=66.0
FIRESTARTER_OPTIMIZE: Seed=0  Test=22  Generation= 10  Result=0.00220320  Best=0.00000173   Time=0.1  Run Time=66.3
FIRESTARTER_OPTIMIZE: Seed=0  Test=22  Generation= 11  Result=0.00007048  Best=0.00000173   Time=0.1  Run Time=66.7
FIRESTARTER_OPTIMIZE: Seed=0  Test=22  Generation= 12 *Result=0.00000027  Best=0.00000027   Time=0.1  Run Time=67.0
