CUDA devices = 1
Device 0: NVIDIA GeForce RTX 4090

variations = 1
instructions = 32
registers = 30
opcodes = 2
patternOpcodes = 4

targetMin = 0.000000f
targetMax = 6.283185f
target = 0.000001f

mode = FIRESTARTER_OPTIMIZE
evolveSeed = 0
optimizeSeed = 0
tests = 256
streams = 1
units = 1
states = 1
generations = 0
population = 49152
passes = 384
attempts = 0
optimize = 1

scale = 0.300000f
startScale = 2.500000f
startResult = 10.000000f

FIRESTARTER_OPTIMIZE: Seed=0  Test=230  Generation=  2 *Result=0.00028980  Best=0.00028980   Time=0.1  Run Time=580.7
FIRESTARTER_OPTIMIZE: Seed=0  Test=230  Generation=  3 *Result=0.00019017  Best=0.00019017   Time=0.1  Run Time=581.0
FIRESTARTER_OPTIMIZE: Seed=0  Test=230  Generation=  4 *Result=0.00000237  Best=0.00000237   Time=0.1  Run Time=581.3
FIRESTARTER_OPTIMIZE: Seed=0  Test=230  Generation=  5  Result=0.00065783  Best=0.00000237   Time=0.1  Run Time=581.6
FIRESTARTER_OPTIMIZE: Seed=0  Test=230  Generation=  6  Result=0.00001553  Best=0.00000237   Time=0.1  Run Time=581.9
FIRESTARTER_OPTIMIZE: Seed=0  Test=230  Generation=  7  Result=0.00005279  Best=0.00000237   Time=0.1  Run Time=582.2
FIRESTARTER_OPTIMIZE: Seed=0  Test=230  Generation=  8  Result=0.00007061  Best=0.00000237   Time=0.1  Run Time=582.5
FIRESTARTER_OPTIMIZE: Seed=0  Test=230  Generation=  9  Result=0.00014765  Best=0.00000237   Time=0.1  Run Time=582.8
FIRESTARTER_OPTIMIZE: Seed=0  Test=230  Generation= 10 *Result=0.00000008  Best=0.00000008   Time=0.1  Run Time=583.1
