CUDA devices = 1
Device 0: NVIDIA GeForce RTX 4090

variations = 1
instructions = 32
registers = 30
opcodes = 2
patternOpcodes = 4

targetMin = 0.000000f
targetMax = 6.283185f
target = 0.000001f

mode = FIRESTARTER_OPTIMIZE
evolveSeed = 0
optimizeSeed = 0
tests = 256
streams = 1
units = 1
states = 1
generations = 0
population = 65536
passes = 512
attempts = 0
optimize = 1

scale = 0.300000f
startScale = 2.500000f
startResult = 10.000000f

FIRESTARTER_OPTIMIZE: Seed=0  Test=83  Generation=  2 *Result=0.00225767  Best=0.00225767   Time=0.1  Run Time=231.5
FIRESTARTER_OPTIMIZE: Seed=0  Test=83  Generation=  3 *Result=0.00016459  Best=0.00016459   Time=0.1  Run Time=231.9
FIRESTARTER_OPTIMIZE: Seed=0  Test=83  Generation=  4 *Result=0.00003598  Best=0.00003598   Time=0.1  Run Time=232.3
FIRESTARTER_OPTIMIZE: Seed=0  Test=83  Generation=  5  Result=0.00239277  Best=0.00003598   Time=0.1  Run Time=232.6
FIRESTARTER_OPTIMIZE: Seed=0  Test=83  Generation=  6 *Result=0.00001419  Best=0.00001419   Time=0.1  Run Time=233.0
FIRESTARTER_OPTIMIZE: Seed=0  Test=83  Generation=  7 *Result=0.00000735  Best=0.00000735   Time=0.1  Run Time=233.4
FIRESTARTER_OPTIMIZE: Seed=0  Test=83  Generation=  8  Result=0.00143547  Best=0.00000735   Time=0.1  Run Time=233.7
FIRESTARTER_OPTIMIZE: Seed=0  Test=83  Generation=  9  Result=0.00011582  Best=0.00000735   Time=0.1  Run Time=234.1
FIRESTARTER_OPTIMIZE: Seed=0  Test=83  Generation= 10 *Result=0.00000012  Best=0.00000012   Time=0.1  Run Time=234.5
