CUDA devices = 1
Device 0: NVIDIA GeForce RTX 4090

variations = 1
samples = 15
instructions = 32
registers = 30
opcodes = 2
patternOpcodes = 4

targetMin = 0.000000f
targetMax = 6.283185f
target = 0.000001f

mode = FIRESTARTER_OPTIMIZE
evolveSeed = 0
optimizeSeed = 0
tests = 256
streams = 1
units = 1
states = 1
generations = 0
population = 65536
iterations = 64
passes = 512
candidates = 16
attempts = 0
optimize = 1

scale = 0.200000f
startScale = 2.500000f
startResult = 10.000000f

FIRESTARTER_OPTIMIZE: Seed=0  Test=55  Generation=  2 *Result=0.00006221  Best=0.00006221   Time=0.1  Run Time=273.8
FIRESTARTER_OPTIMIZE: Seed=0  Test=55  Generation=  3 *Result=0.00001950  Best=0.00001950   Time=0.1  Run Time=274.3
FIRESTARTER_OPTIMIZE: Seed=0  Test=55  Generation=  4  Result=0.00022640  Best=0.00001950   Time=0.1  Run Time=274.7
FIRESTARTER_OPTIMIZE: Seed=0  Test=55  Generation=  5  Result=0.00002948  Best=0.00001950   Time=0.1  Run Time=275.2
FIRESTARTER_OPTIMIZE: Seed=0  Test=55  Generation=  6 *Result=0.00000244  Best=0.00000244   Time=0.1  Run Time=275.6
FIRESTARTER_OPTIMIZE: Seed=0  Test=55  Generation=  7  Result=0.00289229  Best=0.00000244   Time=0.1  Run Time=276.0
FIRESTARTER_OPTIMIZE: Seed=0  Test=55  Generation=  8  Result=0.00018239  Best=0.00000244   Time=0.1  Run Time=276.5
FIRESTARTER_OPTIMIZE: Seed=0  Test=55  Generation=  9  Result=0.00000386  Best=0.00000244   Time=0.1  Run Time=276.9
FIRESTARTER_OPTIMIZE: Seed=0  Test=55  Generation= 10  Result=0.00000245  Best=0.00000244   Time=0.1  Run Time=277.4
FIRESTARTER_OPTIMIZE: Seed=0  Test=55  Generation= 11  Result=0.00005770  Best=0.00000244   Time=0.1  Run Time=277.8
FIRESTARTER_OPTIMIZE: Seed=0  Test=55  Generation= 12  Result=0.00018228  Best=0.00000244   Time=0.1  Run Time=278.2
FIRESTARTER_OPTIMIZE: Seed=0  Test=55  Generation= 13 *Result=0.00000069  Best=0.00000069   Time=0.1  Run Time=278.7
