CUDA devices = 1
Device 0: NVIDIA GeForce RTX 4090

variations = 1
instructions = 32
registers = 30
opcodes = 2
patternOpcodes = 4

targetMin = 0.000000f
targetMax = 6.283185f
target = 0.000001f

mode = FIRESTARTER_OPTIMIZE
evolveSeed = 0
optimizeSeed = 0
tests = 256
streams = 1
units = 1
states = 1
generations = 0
population = 49152
passes = 256
attempts = 0
optimize = 1

scale = 0.300000f
startScale = 2.500000f
startResult = 10.000000f

FIRESTARTER_OPTIMIZE: Seed=0  Test=215  Generation=  2 *Result=0.00056746  Best=0.00056746   Time=0.1  Run Time=654.2
FIRESTARTER_OPTIMIZE: Seed=0  Test=215  Generation=  3 *Result=0.00031078  Best=0.00031078   Time=0.1  Run Time=654.5
FIRESTARTER_OPTIMIZE: Seed=0  Test=215  Generation=  4  Result=0.00058621  Best=0.00031078   Time=0.1  Run Time=654.8
FIRESTARTER_OPTIMIZE: Seed=0  Test=215  Generation=  5  Result=0.00038138  Best=0.00031078   Time=0.1  Run Time=655.1
FIRESTARTER_OPTIMIZE: Seed=0  Test=215  Generation=  6 *Result=0.00001232  Best=0.00001232   Time=0.1  Run Time=655.3
FIRESTARTER_OPTIMIZE: Seed=0  Test=215  Generation=  7  Result=0.00031095  Best=0.00001232   Time=0.1  Run Time=655.6
FIRESTARTER_OPTIMIZE: Seed=0  Test=215  Generation=  8  Result=0.00002307  Best=0.00001232   Time=0.1  Run Time=655.9
FIRESTARTER_OPTIMIZE: Seed=0  Test=215  Generation=  9  Result=0.00035081  Best=0.00001232   Time=0.1  Run Time=656.2
FIRESTARTER_OPTIMIZE: Seed=0  Test=215  Generation= 10  Result=0.00009653  Best=0.00001232   Time=0.1  Run Time=656.5
FIRESTARTER_OPTIMIZE: Seed=0  Test=215  Generation= 11  Result=0.00008833  Best=0.00001232   Time=0.1  Run Time=656.7
FIRESTARTER_OPTIMIZE: Seed=0  Test=215  Generation= 12 *Result=0.00000070  Best=0.00000070   Time=0.1  Run Time=657.0
