CUDA devices = 1
Device 0: NVIDIA GeForce RTX 4090

variations = 1
instructions = 32
registers = 30
opcodes = 2
patternOpcodes = 4

targetMin = 0.000000f
targetMax = 6.283185f
target = 0.000001f

mode = FIRESTARTER_OPTIMIZE
evolveSeed = 2
optimizeSeed = 2
tests = 256
streams = 1
units = 1
states = 1
generations = 0
population = 65536
passes = 384
attempts = 0
optimize = 1

scale = 0.300000f
startScale = 2.500000f
startResult = 10.000000f

FIRESTARTER_OPTIMIZE: Seed=2  Test=153  Generation=  2 *Result=0.00039315  Best=0.00039315   Time=0.1  Run Time=375.5
FIRESTARTER_OPTIMIZE: Seed=2  Test=153  Generation=  3 *Result=0.00005521  Best=0.00005521   Time=0.1  Run Time=375.7
FIRESTARTER_OPTIMIZE: Seed=2  Test=153  Generation=  4  Result=0.00020826  Best=0.00005521   Time=0.1  Run Time=376.0
FIRESTARTER_OPTIMIZE: Seed=2  Test=153  Generation=  5  Result=0.00107494  Best=0.00005521   Time=0.1  Run Time=376.3
FIRESTARTER_OPTIMIZE: Seed=2  Test=153  Generation=  6  Result=0.00018412  Best=0.00005521   Time=0.1  Run Time=376.6
FIRESTARTER_OPTIMIZE: Seed=2  Test=153  Generation=  7  Result=0.00006095  Best=0.00005521   Time=0.1  Run Time=376.9
FIRESTARTER_OPTIMIZE: Seed=2  Test=153  Generation=  8 *Result=0.00000019  Best=0.00000019   Time=0.1  Run Time=377.2
