CUDA devices = 1
Device 0: NVIDIA GeForce RTX 4090

variations = 1
samples = 15
instructions = 32
registers = 30
opcodes = 2
patternOpcodes = 4

targetMin = 0.000000f
targetMax = 6.283185f
target = 0.000001f

mode = FIRESTARTER_OPTIMIZE
evolveSeed = 0
optimizeSeed = 0
tests = 256
streams = 1
units = 1
states = 1
generations = 0
population = 65536
iterations = 64
passes = 512
candidates = 16
attempts = 0
optimize = 1

scale = 0.300000f
startScale = 2.500000f
startResult = 10.000000f

FIRESTARTER_OPTIMIZE: Seed=0  Test=143  Generation=  2 *Result=0.00002312  Best=0.00002312   Time=0.1  Run Time=595.4
FIRESTARTER_OPTIMIZE: Seed=0  Test=143  Generation=  3  Result=0.00020641  Best=0.00002312   Time=0.1  Run Time=595.9
FIRESTARTER_OPTIMIZE: Seed=0  Test=143  Generation=  4  Result=0.00235335  Best=0.00002312   Time=0.1  Run Time=596.3
FIRESTARTER_OPTIMIZE: Seed=0  Test=143  Generation=  5  Result=0.00017691  Best=0.00002312   Time=0.1  Run Time=596.8
FIRESTARTER_OPTIMIZE: Seed=0  Test=143  Generation=  6  Result=0.00026915  Best=0.00002312   Time=0.1  Run Time=597.3
FIRESTARTER_OPTIMIZE: Seed=0  Test=143  Generation=  7  Result=0.00613987  Best=0.00002312   Time=0.1  Run Time=597.8
FIRESTARTER_OPTIMIZE: Seed=0  Test=143  Generation=  8  Result=0.00221533  Best=0.00002312   Time=0.1  Run Time=598.2
FIRESTARTER_OPTIMIZE: Seed=0  Test=143  Generation=  9  Result=0.00021014  Best=0.00002312   Time=0.1  Run Time=598.7
FIRESTARTER_OPTIMIZE: Seed=0  Test=143  Generation= 10 *Result=0.00000262  Best=0.00000262   Time=0.1  Run Time=599.2
FIRESTARTER_OPTIMIZE: Seed=0  Test=143  Generation= 11  Result=0.00007808  Best=0.00000262   Time=0.1  Run Time=599.6
FIRESTARTER_OPTIMIZE: Seed=0  Test=143  Generation= 12 *Result=0.00000019  Best=0.00000019   Time=0.1  Run Time=600.1
