CUDA devices = 1
Device 0: NVIDIA GeForce RTX 4090

variations = 1
samples = 15
instructions = 32
registers = 30
opcodes = 2
patternOpcodes = 4

targetMin = 0.000000f
targetMax = 6.283185f
target = 0.000001f

mode = FIRESTARTER_OPTIMIZE
evolveSeed = 0
optimizeSeed = 0
tests = 256
streams = 1
units = 1
states = 1
generations = 0
population = 65536
iterations = 64
passes = 512
candidates = 16
attempts = 0
optimize = 1

scale = 0.300000f
startScale = 2.500000f
startResult = 10.000000f

FIRESTARTER_OPTIMIZE: Seed=0  Test=196  Generation=  2 *Result=0.00670646  Best=0.00670646   Time=0.1  Run Time=821.8
FIRESTARTER_OPTIMIZE: Seed=0  Test=196  Generation=  3 *Result=0.00065788  Best=0.00065788   Time=0.1  Run Time=822.2
FIRESTARTER_OPTIMIZE: Seed=0  Test=196  Generation=  4  Result=0.00116620  Best=0.00065788   Time=0.1  Run Time=822.7
FIRESTARTER_OPTIMIZE: Seed=0  Test=196  Generation=  5 *Result=0.00003232  Best=0.00003232   Time=0.1  Run Time=823.2
FIRESTARTER_OPTIMIZE: Seed=0  Test=196  Generation=  6  Result=0.00051689  Best=0.00003232   Time=0.1  Run Time=823.7
FIRESTARTER_OPTIMIZE: Seed=0  Test=196  Generation=  7 *Result=0.00002051  Best=0.00002051   Time=0.1  Run Time=824.1
FIRESTARTER_OPTIMIZE: Seed=0  Test=196  Generation=  8  Result=0.00056667  Best=0.00002051   Time=0.1  Run Time=824.6
FIRESTARTER_OPTIMIZE: Seed=0  Test=196  Generation=  9 *Result=0.00000017  Best=0.00000017   Time=0.1  Run Time=825.1
