CUDA devices = 1
Device 0: NVIDIA GeForce RTX 4090

variations = 1
samples = 15
instructions = 32
registers = 30
opcodes = 2
patternOpcodes = 4

targetMin = 0.000000f
targetMax = 6.283185f
target = 0.000001f

mode = FIRESTARTER_OPTIMIZE
evolveSeed = 0
optimizeSeed = 0
tests = 256
streams = 1
units = 1
states = 1
generations = 0
population = 65536
iterations = 64
passes = 512
candidates = 16
attempts = 0
optimize = 1

scale = 0.100000f
startScale = 2.500000f
startResult = 10.000000f

FIRESTARTER_OPTIMIZE: Seed=0  Test=200  Generation=  2 *Result=0.00001061  Best=0.00001061   Time=0.1  Run Time=1090.2
FIRESTARTER_OPTIMIZE: Seed=0  Test=200  Generation=  3  Result=0.00008640  Best=0.00001061   Time=0.1  Run Time=1090.6
FIRESTARTER_OPTIMIZE: Seed=0  Test=200  Generation=  4  Result=0.00001515  Best=0.00001061   Time=0.1  Run Time=1091.1
FIRESTARTER_OPTIMIZE: Seed=0  Test=200  Generation=  5  Result=0.00019923  Best=0.00001061   Time=0.1  Run Time=1091.5
FIRESTARTER_OPTIMIZE: Seed=0  Test=200  Generation=  6  Result=0.00001899  Best=0.00001061   Time=0.1  Run Time=1091.9
FIRESTARTER_OPTIMIZE: Seed=0  Test=200  Generation=  7  Result=0.00018241  Best=0.00001061   Time=0.1  Run Time=1092.4
FIRESTARTER_OPTIMIZE: Seed=0  Test=200  Generation=  8 *Result=0.00000243  Best=0.00000243   Time=0.1  Run Time=1092.8
FIRESTARTER_OPTIMIZE: Seed=0  Test=200  Generation=  9  Result=0.00007508  Best=0.00000243   Time=0.1  Run Time=1093.3
FIRESTARTER_OPTIMIZE: Seed=0  Test=200  Generation= 10  Result=0.00011705  Best=0.00000243   Time=0.1  Run Time=1093.7
FIRESTARTER_OPTIMIZE: Seed=0  Test=200  Generation= 11  Result=0.00096315  Best=0.00000243   Time=0.1  Run Time=1094.1
FIRESTARTER_OPTIMIZE: Seed=0  Test=200  Generation= 12  Result=0.00029822  Best=0.00000243   Time=0.1  Run Time=1094.6
FIRESTARTER_OPTIMIZE: Seed=0  Test=200  Generation= 13  Result=0.00020100  Best=0.00000243   Time=0.1  Run Time=1095.0
FIRESTARTER_OPTIMIZE: Seed=0  Test=200  Generation= 14 *Result=0.00000008  Best=0.00000008   Time=0.1  Run Time=1095.4
