CUDA devices = 1
Device 0: NVIDIA GeForce RTX 4090

variations = 1
samples = 15
instructions = 32
registers = 30
opcodes = 2
patternOpcodes = 4

targetMin = 0.000000f
targetMax = 6.283185f
target = 0.000001f

mode = FIRESTARTER_OPTIMIZE
evolveSeed = 0
optimizeSeed = 0
tests = 256
streams = 1
units = 1
states = 1
generations = 0
population = 65536
iterations = 64
passes = 512
candidates = 16
attempts = 0
optimize = 1

scale = 0.200000f
startScale = 2.500000f
startResult = 10.000000f

FIRESTARTER_OPTIMIZE: Seed=0  Test=227  Generation=  2 *Result=0.00029705  Best=0.00029705   Time=0.1  Run Time=990.4
FIRESTARTER_OPTIMIZE: Seed=0  Test=227  Generation=  3 *Result=0.00000955  Best=0.00000955   Time=0.1  Run Time=990.9
FIRESTARTER_OPTIMIZE: Seed=0  Test=227  Generation=  4  Result=0.00016674  Best=0.00000955   Time=0.1  Run Time=991.3
FIRESTARTER_OPTIMIZE: Seed=0  Test=227  Generation=  5 *Result=0.00000688  Best=0.00000688   Time=0.1  Run Time=991.7
FIRESTARTER_OPTIMIZE: Seed=0  Test=227  Generation=  6  Result=0.00006577  Best=0.00000688   Time=0.1  Run Time=992.2
FIRESTARTER_OPTIMIZE: Seed=0  Test=227  Generation=  7 *Result=0.00000480  Best=0.00000480   Time=0.1  Run Time=992.6
FIRESTARTER_OPTIMIZE: Seed=0  Test=227  Generation=  8  Result=0.00221005  Best=0.00000480   Time=0.1  Run Time=993.1
FIRESTARTER_OPTIMIZE: Seed=0  Test=227  Generation=  9  Result=0.00006032  Best=0.00000480   Time=0.1  Run Time=993.5
FIRESTARTER_OPTIMIZE: Seed=0  Test=227  Generation= 10  Result=0.00004935  Best=0.00000480   Time=0.1  Run Time=993.9
FIRESTARTER_OPTIMIZE: Seed=0  Test=227  Generation= 11 *Result=0.00000020  Best=0.00000020   Time=0.1  Run Time=994.4
