CUDA devices = 1
Device 0: NVIDIA GeForce RTX 4090

variations = 1
instructions = 32
registers = 30
opcodes = 2
patternOpcodes = 4

targetMin = 0.000000f
targetMax = 6.283185f
target = 0.000001f

mode = FIRESTARTER_OPTIMIZE
evolveSeed = 0
optimizeSeed = 0
tests = 256
streams = 1
units = 1
states = 1
generations = 0
population = 32768
passes = 512
attempts = 0
optimize = 1

scale = 0.300000f
startScale = 2.500000f
startResult = 10.000000f

FIRESTARTER_OPTIMIZE: Seed=0  Test=50  Generation=  2 *Result=0.00030469  Best=0.00030469   Time=0.1  Run Time=143.3
FIRESTARTER_OPTIMIZE: Seed=0  Test=50  Generation=  3  Result=0.00040105  Best=0.00030469   Time=0.1  Run Time=143.7
FIRESTARTER_OPTIMIZE: Seed=0  Test=50  Generation=  4  Result=0.00038727  Best=0.00030469   Time=0.1  Run Time=144.0
FIRESTARTER_OPTIMIZE: Seed=0  Test=50  Generation=  5 *Result=0.00003933  Best=0.00003933   Time=0.1  Run Time=144.3
FIRESTARTER_OPTIMIZE: Seed=0  Test=50  Generation=  6  Result=0.00004567  Best=0.00003933   Time=0.1  Run Time=144.7
FIRESTARTER_OPTIMIZE: Seed=0  Test=50  Generation=  7  Result=0.00029331  Best=0.00003933   Time=0.1  Run Time=145.0
FIRESTARTER_OPTIMIZE: Seed=0  Test=50  Generation=  8 *Result=0.00000453  Best=0.00000453   Time=0.1  Run Time=145.4
FIRESTARTER_OPTIMIZE: Seed=0  Test=50  Generation=  9  Result=0.00001842  Best=0.00000453   Time=0.1  Run Time=145.7
FIRESTARTER_OPTIMIZE: Seed=0  Test=50  Generation= 10 *Result=0.00000031  Best=0.00000031   Time=0.1  Run Time=146.0
