CUDA devices = 1
Device 0: NVIDIA GeForce RTX 4090

variations = 1
instructions = 32
registers = 30
opcodes = 2
patternOpcodes = 4

targetMin = 0.000000f
targetMax = 6.283185f
target = 0.000001f

mode = FIRESTARTER_OPTIMIZE
evolveSeed = 0
optimizeSeed = 0
tests = 256
streams = 1
units = 1
states = 1
generations = 0
population = 32768
passes = 512
attempts = 0
optimize = 1

scale = 0.300000f
startScale = 2.500000f
startResult = 10.000000f

FIRESTARTER_OPTIMIZE: Seed=0  Test=236  Generation=  2 *Result=0.00006216  Best=0.00006216   Time=0.1  Run Time=752.4
FIRESTARTER_OPTIMIZE: Seed=0  Test=236  Generation=  3  Result=0.00013587  Best=0.00006216   Time=0.1  Run Time=752.8
FIRESTARTER_OPTIMIZE: Seed=0  Test=236  Generation=  4  Result=0.00143379  Best=0.00006216   Time=0.1  Run Time=753.1
FIRESTARTER_OPTIMIZE: Seed=0  Test=236  Generation=  5  Result=0.00007313  Best=0.00006216   Time=0.1  Run Time=753.4
FIRESTARTER_OPTIMIZE: Seed=0  Test=236  Generation=  6 *Result=0.00002190  Best=0.00002190   Time=0.1  Run Time=753.7
FIRESTARTER_OPTIMIZE: Seed=0  Test=236  Generation=  7  Result=0.00121274  Best=0.00002190   Time=0.1  Run Time=754.0
FIRESTARTER_OPTIMIZE: Seed=0  Test=236  Generation=  8 *Result=0.00000071  Best=0.00000071   Time=0.1  Run Time=754.3
