CUDA devices = 1
Device 0: NVIDIA GeForce RTX 4090

variations = 1
instructions = 32
registers = 30
opcodes = 2
patternOpcodes = 4

targetMin = 0.000000f
targetMax = 6.283185f
target = 0.000001f

mode = FIRESTARTER_OPTIMIZE
evolveSeed = 0
optimizeSeed = 0
tests = 256
streams = 1
units = 1
states = 1
generations = 0
population = 65536
passes = 384
attempts = 0
optimize = 1

scale = 0.300000f
startScale = 2.500000f
startResult = 10.000000f

FIRESTARTER_OPTIMIZE: Seed=0  Test=177  Generation=  1 *Result=0.00031208  Best=0.00031208   Time=0.1  Run Time=650.4
FIRESTARTER_OPTIMIZE: Seed=0  Test=177  Generation=  2 *Result=0.00000129  Best=0.00000129   Time=0.1  Run Time=650.5
FIRESTARTER_OPTIMIZE: Seed=0  Test=177  Generation=  3  Result=0.00013454  Best=0.00000129   Time=0.1  Run Time=650.7
FIRESTARTER_OPTIMIZE: Seed=0  Test=177  Generation=  4  Result=0.00003153  Best=0.00000129   Time=0.1  Run Time=650.8
FIRESTARTER_OPTIMIZE: Seed=0  Test=177  Generation=  5  Result=0.00018346  Best=0.00000129   Time=0.1  Run Time=651.0
FIRESTARTER_OPTIMIZE: Seed=0  Test=177  Generation=  6  Result=0.00004634  Best=0.00000129   Time=0.1  Run Time=651.1
FIRESTARTER_OPTIMIZE: Seed=0  Test=177  Generation=  7  Result=0.00005209  Best=0.00000129   Time=0.1  Run Time=651.3
FIRESTARTER_OPTIMIZE: Seed=0  Test=177  Generation=  8  Result=0.00006580  Best=0.00000129   Time=0.1  Run Time=651.4
FIRESTARTER_OPTIMIZE: Seed=0  Test=177  Generation=  9  Result=0.00018269  Best=0.00000129   Time=0.1  Run Time=651.6
FIRESTARTER_OPTIMIZE: Seed=0  Test=177  Generation= 10 *Result=0.00000057  Best=0.00000057   Time=0.1  Run Time=651.7
