CUDA devices = 1
Device 0: NVIDIA GeForce RTX 4090

variations = 1
samples = 15
instructions = 32
registers = 30
opcodes = 2
patternOpcodes = 4

targetMin = 0.000000f
targetMax = 6.283185f
target = 0.000001f

mode = FIRESTARTER_OPTIMIZE
evolveSeed = 0
optimizeSeed = 0
tests = 256
streams = 1
units = 1
states = 1
generations = 0
population = 65536
iterations = 64
passes = 500
candidates = 16
attempts = 0
optimize = 1

scale = 0.100000f
startScale = 2.000000f
startResult = 10.000000f

FIRESTARTER_OPTIMIZE: Seed=0  Test=146  Generation=  1 *Result=0.00036725  Best=0.00036725   Time=0.1 Seconds  Run Time=1540.5 Seconds
FIRESTARTER_OPTIMIZE: Seed=0  Test=146  Generation=  2  Result=0.00074092  Best=0.00036725   Time=0.1 Seconds  Run Time=1541.0 Seconds
FIRESTARTER_OPTIMIZE: Seed=0  Test=146  Generation=  3 *Result=0.00018140  Best=0.00018140   Time=0.1 Seconds  Run Time=1541.4 Seconds
FIRESTARTER_OPTIMIZE: Seed=0  Test=146  Generation=  4  Result=0.00033066  Best=0.00018140   Time=0.1 Seconds  Run Time=1541.9 Seconds
FIRESTARTER_OPTIMIZE: Seed=0  Test=146  Generation=  5  Result=0.00232814  Best=0.00018140   Time=0.1 Seconds  Run Time=1542.4 Seconds
FIRESTARTER_OPTIMIZE: Seed=0  Test=146  Generation=  6  Result=0.00085661  Best=0.00018140   Time=0.1 Seconds  Run Time=1542.8 Seconds
FIRESTARTER_OPTIMIZE: Seed=0  Test=146  Generation=  7 *Result=0.00010862  Best=0.00010862   Time=0.1 Seconds  Run Time=1543.3 Seconds
FIRESTARTER_OPTIMIZE: Seed=0  Test=146  Generation=  8  Result=0.00167483  Best=0.00010862   Time=0.1 Seconds  Run Time=1543.8 Seconds
FIRESTARTER_OPTIMIZE: Seed=0  Test=146  Generation=  9  Result=0.00041849  Best=0.00010862   Time=0.1 Seconds  Run Time=1544.3 Seconds
FIRESTARTER_OPTIMIZE: Seed=0  Test=146  Generation= 10 *Result=0.00001335  Best=0.00001335   Time=0.1 Seconds  Run Time=1544.8 Seconds
FIRESTARTER_OPTIMIZE: Seed=0  Test=146  Generation= 11  Result=0.00028668  Best=0.00001335   Time=0.1 Seconds  Run Time=1545.3 Seconds
FIRESTARTER_OPTIMIZE: Seed=0  Test=146  Generation= 12  Result=0.00028530  Best=0.00001335   Time=0.1 Seconds  Run Time=1545.7 Seconds
FIRESTARTER_OPTIMIZE: Seed=0  Test=146  Generation= 13 *Result=0.00000014  Best=0.00000014   Time=0.1 Seconds  Run Time=1546.2 Seconds
