CUDA devices = 1
Device 0: NVIDIA GeForce RTX 4090

variations = 1
instructions = 32
registers = 30
opcodes = 2
patternOpcodes = 4

targetMin = 0.000000f
targetMax = 6.283185f
target = 0.000001f

mode = FIRESTARTER_OPTIMIZE
evolveSeed = 1
optimizeSeed = 1
tests = 256
streams = 1
units = 1
states = 1
generations = 0
population = 49152
passes = 512
attempts = 0
optimize = 1

scale = 0.300000f
startScale = 2.500000f
startResult = 10.000000f

FIRESTARTER_OPTIMIZE: Seed=1  Test=133  Generation=  2 *Result=0.00009215  Best=0.00009215   Time=0.1  Run Time=372.2
FIRESTARTER_OPTIMIZE: Seed=1  Test=133  Generation=  3  Result=0.00614511  Best=0.00009215   Time=0.1  Run Time=372.6
FIRESTARTER_OPTIMIZE: Seed=1  Test=133  Generation=  4 *Result=0.00001472  Best=0.00001472   Time=0.1  Run Time=373.0
FIRESTARTER_OPTIMIZE: Seed=1  Test=133  Generation=  5  Result=0.00024795  Best=0.00001472   Time=0.1  Run Time=373.3
FIRESTARTER_OPTIMIZE: Seed=1  Test=133  Generation=  6  Result=0.00184798  Best=0.00001472   Time=0.1  Run Time=373.7
FIRESTARTER_OPTIMIZE: Seed=1  Test=133  Generation=  7  Result=0.00015494  Best=0.00001472   Time=0.1  Run Time=374.0
FIRESTARTER_OPTIMIZE: Seed=1  Test=133  Generation=  8  Result=0.00020874  Best=0.00001472   Time=0.1  Run Time=374.4
FIRESTARTER_OPTIMIZE: Seed=1  Test=133  Generation=  9 *Result=0.00000034  Best=0.00000034   Time=0.1  Run Time=374.8
