CUDA devices = 1
Device 0: NVIDIA GeForce RTX 4090

variations = 1
instructions = 32
registers = 30
opcodes = 2
patternOpcodes = 4

targetMin = 0.000000f
targetMax = 6.283185f
target = 0.000001f

mode = FIRESTARTER_OPTIMIZE
evolveSeed = 0
optimizeSeed = 0
tests = 256
streams = 1
units = 1
states = 1
generations = 0
population = 32768
passes = 512
attempts = 0
optimize = 1

scale = 0.300000f
startScale = 2.500000f
startResult = 10.000000f

FIRESTARTER_OPTIMIZE: Seed=0  Test=48  Generation=  2 *Result=0.00003415  Best=0.00003415   Time=0.1  Run Time=134.7
FIRESTARTER_OPTIMIZE: Seed=0  Test=48  Generation=  3 *Result=0.00003175  Best=0.00003175   Time=0.1  Run Time=135.0
FIRESTARTER_OPTIMIZE: Seed=0  Test=48  Generation=  4 *Result=0.00000140  Best=0.00000140   Time=0.1  Run Time=135.3
FIRESTARTER_OPTIMIZE: Seed=0  Test=48  Generation=  5  Result=0.00009851  Best=0.00000140   Time=0.1  Run Time=135.7
FIRESTARTER_OPTIMIZE: Seed=0  Test=48  Generation=  6  Result=0.00048912  Best=0.00000140   Time=0.1  Run Time=136.0
FIRESTARTER_OPTIMIZE: Seed=0  Test=48  Generation=  7 *Result=0.00000023  Best=0.00000023   Time=0.1  Run Time=136.3
