CUDA devices = 1
Device 0: NVIDIA GeForce RTX 4090

variations = 1
instructions = 32
registers = 30
opcodes = 2
patternOpcodes = 4

targetMin = 0.000000f
targetMax = 6.283185f
target = 0.000001f

mode = FIRESTARTER_OPTIMIZE
evolveSeed = 1
optimizeSeed = 1
tests = 256
streams = 1
units = 1
states = 1
generations = 0
population = 65536
passes = 512
attempts = 0
optimize = 1

scale = 0.300000f
startScale = 2.500000f
startResult = 10.000000f

FIRESTARTER_OPTIMIZE: Seed=1  Test=128  Generation=  2 *Result=0.00614023  Best=0.00614023   Time=0.1  Run Time=447.2
FIRESTARTER_OPTIMIZE: Seed=1  Test=128  Generation=  3 *Result=0.00000155  Best=0.00000155   Time=0.1  Run Time=447.6
FIRESTARTER_OPTIMIZE: Seed=1  Test=128  Generation=  4  Result=0.00024009  Best=0.00000155   Time=0.1  Run Time=448.0
FIRESTARTER_OPTIMIZE: Seed=1  Test=128  Generation=  5  Result=0.00000191  Best=0.00000155   Time=0.1  Run Time=448.3
FIRESTARTER_OPTIMIZE: Seed=1  Test=128  Generation=  6  Result=0.00000256  Best=0.00000155   Time=0.1  Run Time=448.7
FIRESTARTER_OPTIMIZE: Seed=1  Test=128  Generation=  7  Result=0.00019246  Best=0.00000155   Time=0.1  Run Time=449.1
FIRESTARTER_OPTIMIZE: Seed=1  Test=128  Generation=  8  Result=0.00046605  Best=0.00000155   Time=0.1  Run Time=449.4
FIRESTARTER_OPTIMIZE: Seed=1  Test=128  Generation=  9  Result=0.00008139  Best=0.00000155   Time=0.1  Run Time=449.8
FIRESTARTER_OPTIMIZE: Seed=1  Test=128  Generation= 10  Result=0.00005305  Best=0.00000155   Time=0.1  Run Time=450.2
FIRESTARTER_OPTIMIZE: Seed=1  Test=128  Generation= 11  Result=0.00043189  Best=0.00000155   Time=0.1  Run Time=450.6
FIRESTARTER_OPTIMIZE: Seed=1  Test=128  Generation= 12 *Result=0.00000014  Best=0.00000014   Time=0.1  Run Time=450.9
