CUDA devices = 1
Device 0: NVIDIA GeForce RTX 4090

variations = 1
samples = 15
instructions = 32
registers = 30
opcodes = 2
patternOpcodes = 4

targetMin = 0.000000f
targetMax = 6.283185f
target = 0.000001f

mode = FIRESTARTER_OPTIMIZE
evolveSeed = 0
optimizeSeed = 0
tests = 256
streams = 1
units = 1
states = 1
generations = 0
population = 65536
iterations = 64
passes = 512
candidates = 16
attempts = 0
optimize = 1

scale = 0.200000f
startScale = 2.500000f
startResult = 10.000000f

FIRESTARTER_OPTIMIZE: Seed=0  Test=209  Generation=  2 *Result=0.00001547  Best=0.00001547   Time=0.1  Run Time=916.9
FIRESTARTER_OPTIMIZE: Seed=0  Test=209  Generation=  3  Result=0.00055105  Best=0.00001547   Time=0.1  Run Time=917.3
FIRESTARTER_OPTIMIZE: Seed=0  Test=209  Generation=  4  Result=0.00008164  Best=0.00001547   Time=0.1  Run Time=917.8
FIRESTARTER_OPTIMIZE: Seed=0  Test=209  Generation=  5  Result=0.00027406  Best=0.00001547   Time=0.1  Run Time=918.3
FIRESTARTER_OPTIMIZE: Seed=0  Test=209  Generation=  6  Result=0.00063965  Best=0.00001547   Time=0.1  Run Time=918.7
FIRESTARTER_OPTIMIZE: Seed=0  Test=209  Generation=  7 *Result=0.00001073  Best=0.00001073   Time=0.1  Run Time=919.2
FIRESTARTER_OPTIMIZE: Seed=0  Test=209  Generation=  8  Result=0.00029629  Best=0.00001073   Time=0.1  Run Time=919.6
FIRESTARTER_OPTIMIZE: Seed=0  Test=209  Generation=  9  Result=0.00025658  Best=0.00001073   Time=0.1  Run Time=920.1
FIRESTARTER_OPTIMIZE: Seed=0  Test=209  Generation= 10 *Result=0.00000489  Best=0.00000489   Time=0.1  Run Time=920.5
FIRESTARTER_OPTIMIZE: Seed=0  Test=209  Generation= 11  Result=0.00014328  Best=0.00000489   Time=0.1  Run Time=921.0
FIRESTARTER_OPTIMIZE: Seed=0  Test=209  Generation= 12 *Result=0.00000014  Best=0.00000014   Time=0.1  Run Time=921.4
