CUDA devices = 1
Device 0: NVIDIA GeForce RTX 4090

variations = 1
samples = 15
instructions = 32
registers = 30
opcodes = 2
patternOpcodes = 4

targetMin = 0.000000f
targetMax = 6.283185f
target = 0.000001f

mode = FIRESTARTER_OPTIMIZE
evolveSeed = 0
optimizeSeed = 0
tests = 256
streams = 1
units = 1
states = 1
generations = 0
population = 65536
iterations = 64
passes = 500
candidates = 16
attempts = 0
optimize = 1

scale = 0.100000f
startScale = 2.000000f
startResult = 10.000000f

FIRESTARTER_OPTIMIZE: Seed=0  Test=189  Generation=  2 *Result=0.00125505  Best=0.00125505   Time=0.1 Seconds  Run Time=2010.1 Seconds
FIRESTARTER_OPTIMIZE: Seed=0  Test=189  Generation=  3 *Result=0.00116407  Best=0.00116407   Time=0.1 Seconds  Run Time=2010.5 Seconds
FIRESTARTER_OPTIMIZE: Seed=0  Test=189  Generation=  4 *Result=0.00023934  Best=0.00023934   Time=0.1 Seconds  Run Time=2011.0 Seconds
FIRESTARTER_OPTIMIZE: Seed=0  Test=189  Generation=  5 *Result=0.00013231  Best=0.00013231   Time=0.1 Seconds  Run Time=2011.4 Seconds
FIRESTARTER_OPTIMIZE: Seed=0  Test=189  Generation=  6  Result=0.00028621  Best=0.00013231   Time=0.1 Seconds  Run Time=2011.8 Seconds
FIRESTARTER_OPTIMIZE: Seed=0  Test=189  Generation=  7 *Result=0.00000633  Best=0.00000633   Time=0.1 Seconds  Run Time=2012.2 Seconds
FIRESTARTER_OPTIMIZE: Seed=0  Test=189  Generation=  8  Result=0.00004831  Best=0.00000633   Time=0.1 Seconds  Run Time=2012.6 Seconds
FIRESTARTER_OPTIMIZE: Seed=0  Test=189  Generation=  9  Result=0.00003749  Best=0.00000633   Time=0.1 Seconds  Run Time=2013.1 Seconds
FIRESTARTER_OPTIMIZE: Seed=0  Test=189  Generation= 10  Result=0.00029615  Best=0.00000633   Time=0.1 Seconds  Run Time=2013.5 Seconds
FIRESTARTER_OPTIMIZE: Seed=0  Test=189  Generation= 11  Result=0.00144337  Best=0.00000633   Time=0.1 Seconds  Run Time=2013.9 Seconds
FIRESTARTER_OPTIMIZE: Seed=0  Test=189  Generation= 12  Result=0.00060549  Best=0.00000633   Time=0.1 Seconds  Run Time=2014.3 Seconds
FIRESTARTER_OPTIMIZE: Seed=0  Test=189  Generation= 13  Result=0.00022013  Best=0.00000633   Time=0.1 Seconds  Run Time=2014.7 Seconds
FIRESTARTER_OPTIMIZE: Seed=0  Test=189  Generation= 14 *Result=0.00000038  Best=0.00000038   Time=0.1 Seconds  Run Time=2015.2 Seconds
