CUDA devices = 1
Device 0: NVIDIA GeForce RTX 4090

variations = 1
instructions = 32
registers = 30
opcodes = 2
patternOpcodes = 4

targetMin = 0.000000f
targetMax = 6.283185f
target = 0.000001f

mode = FIRESTARTER_OPTIMIZE
evolveSeed = 1
optimizeSeed = 1
tests = 256
streams = 1
units = 1
states = 1
generations = 0
population = 49152
passes = 384
attempts = 0
optimize = 1

scale = 0.300000f
startScale = 2.500000f
startResult = 10.000000f

FIRESTARTER_OPTIMIZE: Seed=1  Test=76  Generation=  2 *Result=0.00003083  Best=0.00003083   Time=0.1  Run Time=206.9
FIRESTARTER_OPTIMIZE: Seed=1  Test=76  Generation=  3  Result=0.00011659  Best=0.00003083   Time=0.1  Run Time=207.2
FIRESTARTER_OPTIMIZE: Seed=1  Test=76  Generation=  4 *Result=0.00001450  Best=0.00001450   Time=0.1  Run Time=207.5
FIRESTARTER_OPTIMIZE: Seed=1  Test=76  Generation=  5  Result=0.00064367  Best=0.00001450   Time=0.1  Run Time=207.8
FIRESTARTER_OPTIMIZE: Seed=1  Test=76  Generation=  6  Result=0.00001451  Best=0.00001450   Time=0.1  Run Time=208.1
FIRESTARTER_OPTIMIZE: Seed=1  Test=76  Generation=  7 *Result=0.00000099  Best=0.00000099   Time=0.1  Run Time=208.5
