CUDA devices = 1
Device 0: NVIDIA GeForce RTX 4090

variations = 1
instructions = 32
registers = 30
opcodes = 2
patternOpcodes = 4

targetMin = 0.000000f
targetMax = 6.283185f
target = 0.000001f

mode = FIRESTARTER_OPTIMIZE
evolveSeed = 1
optimizeSeed = 1
tests = 256
streams = 1
units = 1
states = 1
generations = 0
population = 65536
passes = 512
attempts = 0
optimize = 1

scale = 0.300000f
startScale = 2.500000f
startResult = 10.000000f

FIRESTARTER_OPTIMIZE: Seed=1  Test=87  Generation=  2 *Result=0.00001333  Best=0.00001333   Time=0.1  Run Time=229.5
FIRESTARTER_OPTIMIZE: Seed=1  Test=87  Generation=  3  Result=0.00050181  Best=0.00001333   Time=0.1  Run Time=229.9
FIRESTARTER_OPTIMIZE: Seed=1  Test=87  Generation=  4  Result=0.00013308  Best=0.00001333   Time=0.1  Run Time=230.2
FIRESTARTER_OPTIMIZE: Seed=1  Test=87  Generation=  5 *Result=0.00000148  Best=0.00000148   Time=0.1  Run Time=230.6
FIRESTARTER_OPTIMIZE: Seed=1  Test=87  Generation=  6 *Result=0.00000006  Best=0.00000006   Time=0.1  Run Time=231.0
