CUDA devices = 1
Device 0: NVIDIA GeForce RTX 4090

variations = 1
samples = 15
instructions = 32
registers = 30
opcodes = 2
patternOpcodes = 4

targetMin = 0.000000f
targetMax = 6.283185f
target = 0.000001f

mode = FIRESTARTER_OPTIMIZE
evolveSeed = 123
optimizeSeed = 123
tests = 256
streams = 1
units = 1
states = 1
generations = 0
population = 65536
iterations = 64
passes = 512
candidates = 16
attempts = 0
optimize = 1

scale = 0.300000f
startScale = 2.500000f
startResult = 10.000000f

FIRESTARTER_OPTIMIZE: Seed=123  Test=82  Generation=  2 *Result=0.00000969  Best=0.00000969   Time=0.1  Run Time=237.9
FIRESTARTER_OPTIMIZE: Seed=123  Test=82  Generation=  3 *Result=0.00000167  Best=0.00000167   Time=0.1  Run Time=238.3
FIRESTARTER_OPTIMIZE: Seed=123  Test=82  Generation=  4  Result=0.00017035  Best=0.00000167   Time=0.1  Run Time=238.8
FIRESTARTER_OPTIMIZE: Seed=123  Test=82  Generation=  5  Result=0.00027281  Best=0.00000167   Time=0.1  Run Time=239.2
FIRESTARTER_OPTIMIZE: Seed=123  Test=82  Generation=  6  Result=0.00029327  Best=0.00000167   Time=0.1  Run Time=239.6
FIRESTARTER_OPTIMIZE: Seed=123  Test=82  Generation=  7  Result=0.00018197  Best=0.00000167   Time=0.1  Run Time=240.1
FIRESTARTER_OPTIMIZE: Seed=123  Test=82  Generation=  8  Result=0.00004057  Best=0.00000167   Time=0.1  Run Time=240.5
FIRESTARTER_OPTIMIZE: Seed=123  Test=82  Generation=  9  Result=0.00166887  Best=0.00000167   Time=0.1  Run Time=240.9
FIRESTARTER_OPTIMIZE: Seed=123  Test=82  Generation= 10  Result=0.00070369  Best=0.00000167   Time=0.1  Run Time=241.4
FIRESTARTER_OPTIMIZE: Seed=123  Test=82  Generation= 11  Result=0.00004329  Best=0.00000167   Time=0.1  Run Time=241.8
FIRESTARTER_OPTIMIZE: Seed=123  Test=82  Generation= 12  Result=0.00000251  Best=0.00000167   Time=0.1  Run Time=242.3
FIRESTARTER_OPTIMIZE: Seed=123  Test=82  Generation= 13 *Result=0.00000019  Best=0.00000019   Time=0.1  Run Time=242.7
