CUDA devices = 1
Device 0: NVIDIA GeForce RTX 4090

variations = 1
samples = 15
instructions = 32
registers = 30
opcodes = 2
patternOpcodes = 4

targetMin = 0.000000f
targetMax = 6.283185f
target = 0.000001f

mode = FIRESTARTER_OPTIMIZE
evolveSeed = 0
optimizeSeed = 0
tests = 256
streams = 1
units = 1
states = 1
generations = 0
population = 65536
iterations = 64
passes = 512
candidates = 16
attempts = 0
optimize = 1

scale = 0.100000f
startScale = 4.000000f
startResult = 10.000000f

FIRESTARTER_OPTIMIZE: Seed=0  Test=160  Generation=  2 *Result=0.00614125  Best=0.00614125   Time=0.1  Run Time=1332.3
FIRESTARTER_OPTIMIZE: Seed=0  Test=160  Generation=  3 *Result=0.00275505  Best=0.00275505   Time=0.1  Run Time=1332.8
FIRESTARTER_OPTIMIZE: Seed=0  Test=160  Generation=  4 *Result=0.00008848  Best=0.00008848   Time=0.1  Run Time=1333.2
FIRESTARTER_OPTIMIZE: Seed=0  Test=160  Generation=  5  Result=0.00270453  Best=0.00008848   Time=0.1  Run Time=1333.7
FIRESTARTER_OPTIMIZE: Seed=0  Test=160  Generation=  6  Result=0.00017200  Best=0.00008848   Time=0.1  Run Time=1334.1
FIRESTARTER_OPTIMIZE: Seed=0  Test=160  Generation=  7  Result=0.00052583  Best=0.00008848   Time=0.1  Run Time=1334.6
FIRESTARTER_OPTIMIZE: Seed=0  Test=160  Generation=  8 *Result=0.00001161  Best=0.00001161   Time=0.1  Run Time=1335.1
FIRESTARTER_OPTIMIZE: Seed=0  Test=160  Generation=  9 *Result=0.00000042  Best=0.00000042   Time=0.1  Run Time=1335.6
