CUDA devices = 1
Device 0: NVIDIA GeForce RTX 4090

variations = 1
instructions = 32
registers = 30
opcodes = 2
patternOpcodes = 4

targetMin = 0.000000f
targetMax = 6.283185f
target = 0.000001f

mode = FIRESTARTER_OPTIMIZE
evolveSeed = 0
optimizeSeed = 0
tests = 256
streams = 1
units = 1
states = 1
generations = 0
population = 65536
passes = 384
attempts = 0
optimize = 1

scale = 0.300000f
startScale = 2.500000f
startResult = 10.000000f

FIRESTARTER_OPTIMIZE: Seed=0  Test=159  Generation=  1 *Result=0.00029832  Best=0.00029832   Time=0.1  Run Time=490.4
FIRESTARTER_OPTIMIZE: Seed=0  Test=159  Generation=  2 *Result=0.00001678  Best=0.00001678   Time=0.1  Run Time=490.5
FIRESTARTER_OPTIMIZE: Seed=0  Test=159  Generation=  3 *Result=0.00001344  Best=0.00001344   Time=0.1  Run Time=490.7
FIRESTARTER_OPTIMIZE: Seed=0  Test=159  Generation=  4  Result=0.00010238  Best=0.00001344   Time=0.1  Run Time=490.9
FIRESTARTER_OPTIMIZE: Seed=0  Test=159  Generation=  5  Result=0.00005818  Best=0.00001344   Time=0.1  Run Time=491.1
FIRESTARTER_OPTIMIZE: Seed=0  Test=159  Generation=  6  Result=0.00023717  Best=0.00001344   Time=0.1  Run Time=491.2
FIRESTARTER_OPTIMIZE: Seed=0  Test=159  Generation=  7  Result=0.00137216  Best=0.00001344   Time=0.1  Run Time=491.5
FIRESTARTER_OPTIMIZE: Seed=0  Test=159  Generation=  8 *Result=0.00000024  Best=0.00000024   Time=0.1  Run Time=491.6
