CUDA devices = 1
Device 0: NVIDIA GeForce RTX 4090

variations = 1
samples = 15
instructions = 32
registers = 30
opcodes = 2
patternOpcodes = 4

targetMin = 0.000000f
targetMax = 6.283185f
target = 0.000001f

mode = FIRESTARTER_OPTIMIZE
evolveSeed = 0
optimizeSeed = 0
tests = 256
streams = 1
units = 1
states = 1
generations = 0
population = 65536
iterations = 64
passes = 512
candidates = 16
attempts = 0
optimize = 1

scale = 0.100000f
startScale = 3.000000f
startResult = 10.000000f

FIRESTARTER_OPTIMIZE: Seed=0  Test=91  Generation=  2 *Result=0.00006306  Best=0.00006306   Time=0.1  Run Time=574.6
FIRESTARTER_OPTIMIZE: Seed=0  Test=91  Generation=  3 *Result=0.00001460  Best=0.00001460   Time=0.1  Run Time=575.1
FIRESTARTER_OPTIMIZE: Seed=0  Test=91  Generation=  4  Result=0.00212767  Best=0.00001460   Time=0.1  Run Time=575.5
FIRESTARTER_OPTIMIZE: Seed=0  Test=91  Generation=  5 *Result=0.00000281  Best=0.00000281   Time=0.1  Run Time=576.0
FIRESTARTER_OPTIMIZE: Seed=0  Test=91  Generation=  6  Result=0.00008734  Best=0.00000281   Time=0.1  Run Time=576.4
FIRESTARTER_OPTIMIZE: Seed=0  Test=91  Generation=  7  Result=0.00006229  Best=0.00000281   Time=0.1  Run Time=576.9
FIRESTARTER_OPTIMIZE: Seed=0  Test=91  Generation=  8 *Result=0.00000025  Best=0.00000025   Time=0.1  Run Time=577.3
