CUDA devices = 1
Device 0: NVIDIA GeForce RTX 4090

variations = 1
instructions = 32
registers = 30
opcodes = 2
patternOpcodes = 4

targetMin = 0.000000f
targetMax = 6.283185f
target = 0.000001f

mode = FIRESTARTER_OPTIMIZE
evolveSeed = 0
optimizeSeed = 0
tests = 256
streams = 1
units = 1
states = 1
generations = 0
population = 65536
passes = 384
attempts = 0
optimize = 1

scale = 0.300000f
startScale = 2.500000f
startResult = 10.000000f

FIRESTARTER_OPTIMIZE: Seed=0  Test=136  Generation=  1 *Result=0.00031656  Best=0.00031656   Time=0.1  Run Time=413.2
FIRESTARTER_OPTIMIZE: Seed=0  Test=136  Generation=  2 *Result=0.00002176  Best=0.00002176   Time=0.1  Run Time=413.3
FIRESTARTER_OPTIMIZE: Seed=0  Test=136  Generation=  3  Result=0.00009187  Best=0.00002176   Time=0.1  Run Time=413.5
FIRESTARTER_OPTIMIZE: Seed=0  Test=136  Generation=  4 *Result=0.00000948  Best=0.00000948   Time=0.1  Run Time=413.6
FIRESTARTER_OPTIMIZE: Seed=0  Test=136  Generation=  5 *Result=0.00000250  Best=0.00000250   Time=0.1  Run Time=413.9
FIRESTARTER_OPTIMIZE: Seed=0  Test=136  Generation=  6  Result=0.00006235  Best=0.00000250   Time=0.1  Run Time=414.0
FIRESTARTER_OPTIMIZE: Seed=0  Test=136  Generation=  7  Result=0.00000888  Best=0.00000250   Time=0.1  Run Time=414.3
FIRESTARTER_OPTIMIZE: Seed=0  Test=136  Generation=  8  Result=0.00003587  Best=0.00000250   Time=0.1  Run Time=414.4
FIRESTARTER_OPTIMIZE: Seed=0  Test=136  Generation=  9 *Result=0.00000009  Best=0.00000009   Time=0.1  Run Time=414.7
