CUDA devices = 1
Device 0: NVIDIA GeForce RTX 4090

variations = 1
instructions = 32
registers = 30
opcodes = 2
patternOpcodes = 4

targetMin = 0.000000f
targetMax = 6.283185f
target = 0.000001f

mode = FIRESTARTER_OPTIMIZE
evolveSeed = 0
optimizeSeed = 0
tests = 256
streams = 1
units = 1
states = 1
generations = 0
population = 65536
passes = 384
attempts = 0
optimize = 1

scale = 0.300000f
startScale = 2.500000f
startResult = 10.000000f

FIRESTARTER_OPTIMIZE: Seed=0  Test=161  Generation=  2 *Result=0.00071328  Best=0.00071328   Time=0.1  Run Time=477.0
FIRESTARTER_OPTIMIZE: Seed=0  Test=161  Generation=  3 *Result=0.00019416  Best=0.00019416   Time=0.1  Run Time=477.4
FIRESTARTER_OPTIMIZE: Seed=0  Test=161  Generation=  4 *Result=0.00000234  Best=0.00000234   Time=0.1  Run Time=477.8
FIRESTARTER_OPTIMIZE: Seed=0  Test=161  Generation=  5  Result=0.00221060  Best=0.00000234   Time=0.1  Run Time=478.2
FIRESTARTER_OPTIMIZE: Seed=0  Test=161  Generation=  6 *Result=0.00000198  Best=0.00000198   Time=0.1  Run Time=478.6
FIRESTARTER_OPTIMIZE: Seed=0  Test=161  Generation=  7  Result=0.00066919  Best=0.00000198   Time=0.1  Run Time=479.0
FIRESTARTER_OPTIMIZE: Seed=0  Test=161  Generation=  8  Result=0.00006641  Best=0.00000198   Time=0.1  Run Time=479.4
FIRESTARTER_OPTIMIZE: Seed=0  Test=161  Generation=  9 *Result=0.00000037  Best=0.00000037   Time=0.1  Run Time=479.7
