CUDA devices = 1
Device 0: NVIDIA GeForce RTX 4090

variations = 1
samples = 15
instructions = 32
registers = 30
opcodes = 2
patternOpcodes = 4

targetMin = 0.000000f
targetMax = 6.283185f
target = 0.000001f

mode = FIRESTARTER_OPTIMIZE
evolveSeed = 0
optimizeSeed = 0
tests = 256
streams = 1
units = 1
states = 1
generations = 0
population = 65536
iterations = 64
passes = 512
candidates = 16
attempts = 0
optimize = 1

scale = 0.300000f
startScale = 2.500000f
startResult = 10.000000f

FIRESTARTER_OPTIMIZE: Seed=0  Test=226  Generation=  2 *Result=0.00005227  Best=0.00005227   Time=0.1  Run Time=931.7
FIRESTARTER_OPTIMIZE: Seed=0  Test=226  Generation=  3  Result=0.00064935  Best=0.00005227   Time=0.1  Run Time=932.1
FIRESTARTER_OPTIMIZE: Seed=0  Test=226  Generation=  4 *Result=0.00001690  Best=0.00001690   Time=0.1  Run Time=932.6
FIRESTARTER_OPTIMIZE: Seed=0  Test=226  Generation=  5  Result=0.00007207  Best=0.00001690   Time=0.1  Run Time=933.0
FIRESTARTER_OPTIMIZE: Seed=0  Test=226  Generation=  6  Result=0.00001884  Best=0.00001690   Time=0.1  Run Time=933.5
FIRESTARTER_OPTIMIZE: Seed=0  Test=226  Generation=  7  Result=0.00020608  Best=0.00001690   Time=0.1  Run Time=933.9
FIRESTARTER_OPTIMIZE: Seed=0  Test=226  Generation=  8 *Result=0.00001621  Best=0.00001621   Time=0.1  Run Time=934.4
FIRESTARTER_OPTIMIZE: Seed=0  Test=226  Generation=  9 *Result=0.00000459  Best=0.00000459   Time=0.1  Run Time=934.8
FIRESTARTER_OPTIMIZE: Seed=0  Test=226  Generation= 10 *Result=0.00000012  Best=0.00000012   Time=0.1  Run Time=935.3
