CUDA devices = 1
Device 0: NVIDIA GeForce RTX 4090

variations = 1
samples = 15
instructions = 32
registers = 30
opcodes = 2
patternOpcodes = 4

targetMin = 0.000000f
targetMax = 6.283185f
target = 0.000001f

mode = FIRESTARTER_OPTIMIZE
evolveSeed = 123
optimizeSeed = 123
tests = 256
streams = 1
units = 1
states = 1
generations = 0
population = 65536
iterations = 64
passes = 512
candidates = 16
attempts = 0
optimize = 1

scale = 0.300000f
startScale = 2.500000f
startResult = 10.000000f

FIRESTARTER_OPTIMIZE: Seed=123  Test=170  Generation=  2 *Result=0.00000553  Best=0.00000553   Time=0.1  Run Time=513.1
FIRESTARTER_OPTIMIZE: Seed=123  Test=170  Generation=  3  Result=0.00005203  Best=0.00000553   Time=0.1  Run Time=513.5
FIRESTARTER_OPTIMIZE: Seed=123  Test=170  Generation=  4  Result=0.00001826  Best=0.00000553   Time=0.1  Run Time=514.0
FIRESTARTER_OPTIMIZE: Seed=123  Test=170  Generation=  5  Result=0.00001657  Best=0.00000553   Time=0.1  Run Time=514.4
FIRESTARTER_OPTIMIZE: Seed=123  Test=170  Generation=  6 *Result=0.00000054  Best=0.00000054   Time=0.1  Run Time=514.9
