CUDA devices = 1
Device 0: NVIDIA GeForce RTX 4090

variations = 1
instructions = 32
registers = 30
opcodes = 2
patternOpcodes = 4

targetMin = 0.000000f
targetMax = 6.283185f
target = 0.000001f

mode = FIRESTARTER_OPTIMIZE
evolveSeed = 2
optimizeSeed = 2
tests = 256
streams = 1
units = 1
states = 1
generations = 0
population = 65536
passes = 384
attempts = 0
optimize = 1

scale = 0.300000f
startScale = 2.500000f
startResult = 10.000000f

FIRESTARTER_OPTIMIZE: Seed=2  Test=20  Generation=  2 *Result=0.00614981  Best=0.00614981   Time=0.1  Run Time=61.2
FIRESTARTER_OPTIMIZE: Seed=2  Test=20  Generation=  3 *Result=0.00000233  Best=0.00000233   Time=0.1  Run Time=61.6
FIRESTARTER_OPTIMIZE: Seed=2  Test=20  Generation=  4  Result=0.00016042  Best=0.00000233   Time=0.1  Run Time=62.1
FIRESTARTER_OPTIMIZE: Seed=2  Test=20  Generation=  5  Result=0.00000830  Best=0.00000233   Time=0.1  Run Time=62.6
FIRESTARTER_OPTIMIZE: Seed=2  Test=20  Generation=  6  Result=0.00018287  Best=0.00000233   Time=0.1  Run Time=63.0
FIRESTARTER_OPTIMIZE: Seed=2  Test=20  Generation=  7  Result=0.00000371  Best=0.00000233   Time=0.1  Run Time=63.5
FIRESTARTER_OPTIMIZE: Seed=2  Test=20  Generation=  8 *Result=0.00000017  Best=0.00000017   Time=0.1  Run Time=63.9
