CUDA devices = 1
Device 0: NVIDIA GeForce RTX 4090

variations = 1
samples = 15
instructions = 32
registers = 30
opcodes = 2
patternOpcodes = 4

targetMin = 0.000000f
targetMax = 6.283185f
target = 0.000001f

mode = FIRESTARTER_OPTIMIZE
evolveSeed = 0
optimizeSeed = 0
tests = 256
streams = 1
units = 1
states = 1
generations = 0
population = 65536
iterations = 64
passes = 512
candidates = 16
attempts = 0
optimize = 1

scale = 0.100000f
startScale = 4.000000f
startResult = 10.000000f

FIRESTARTER_OPTIMIZE: Seed=0  Test=96  Generation=  2 *Result=0.00615501  Best=0.00615501   Time=0.1  Run Time=734.4
FIRESTARTER_OPTIMIZE: Seed=0  Test=96  Generation=  3 *Result=0.00614634  Best=0.00614634   Time=0.1  Run Time=734.9
FIRESTARTER_OPTIMIZE: Seed=0  Test=96  Generation=  4 *Result=0.00141382  Best=0.00141382   Time=0.1  Run Time=735.3
FIRESTARTER_OPTIMIZE: Seed=0  Test=96  Generation=  5  Result=0.00614357  Best=0.00141382   Time=0.1  Run Time=735.8
FIRESTARTER_OPTIMIZE: Seed=0  Test=96  Generation=  6 *Result=0.00081545  Best=0.00081545   Time=0.1  Run Time=736.3
FIRESTARTER_OPTIMIZE: Seed=0  Test=96  Generation=  7  Result=0.00615114  Best=0.00081545   Time=0.1  Run Time=736.7
FIRESTARTER_OPTIMIZE: Seed=0  Test=96  Generation=  8 *Result=0.00031356  Best=0.00031356   Time=0.1  Run Time=737.2
FIRESTARTER_OPTIMIZE: Seed=0  Test=96  Generation=  9 *Result=0.00018254  Best=0.00018254   Time=0.1  Run Time=737.7
FIRESTARTER_OPTIMIZE: Seed=0  Test=96  Generation= 10 *Result=0.00000089  Best=0.00000089   Time=0.1  Run Time=738.2
