CUDA devices = 1
Device 0: NVIDIA GeForce RTX 4090

variations = 1
instructions = 32
registers = 30
opcodes = 2
patternOpcodes = 4

targetMin = 0.000000f
targetMax = 6.283185f
target = 0.000001f

mode = FIRESTARTER_OPTIMIZE
evolveSeed = 1
optimizeSeed = 1
tests = 256
streams = 1
units = 1
states = 1
generations = 0
population = 49152
passes = 384
attempts = 0
optimize = 1

scale = 0.300000f
startScale = 2.500000f
startResult = 10.000000f

FIRESTARTER_OPTIMIZE: Seed=1  Test=205  Generation=  2 *Result=0.00024173  Best=0.00024173   Time=0.1  Run Time=593.5
FIRESTARTER_OPTIMIZE: Seed=1  Test=205  Generation=  3 *Result=0.00007224  Best=0.00007224   Time=0.1  Run Time=593.8
FIRESTARTER_OPTIMIZE: Seed=1  Test=205  Generation=  4 *Result=0.00004165  Best=0.00004165   Time=0.1  Run Time=594.1
FIRESTARTER_OPTIMIZE: Seed=1  Test=205  Generation=  5 *Result=0.00002543  Best=0.00002543   Time=0.1  Run Time=594.5
FIRESTARTER_OPTIMIZE: Seed=1  Test=205  Generation=  6  Result=0.00005282  Best=0.00002543   Time=0.1  Run Time=594.8
FIRESTARTER_OPTIMIZE: Seed=1  Test=205  Generation=  7 *Result=0.00000149  Best=0.00000149   Time=0.1  Run Time=595.1
FIRESTARTER_OPTIMIZE: Seed=1  Test=205  Generation=  8  Result=0.00019890  Best=0.00000149   Time=0.1  Run Time=595.4
FIRESTARTER_OPTIMIZE: Seed=1  Test=205  Generation=  9  Result=0.00004898  Best=0.00000149   Time=0.1  Run Time=595.7
FIRESTARTER_OPTIMIZE: Seed=1  Test=205  Generation= 10  Result=0.00022894  Best=0.00000149   Time=0.1  Run Time=596.0
FIRESTARTER_OPTIMIZE: Seed=1  Test=205  Generation= 11  Result=0.00020087  Best=0.00000149   Time=0.1  Run Time=596.4
FIRESTARTER_OPTIMIZE: Seed=1  Test=205  Generation= 12 *Result=0.00000014  Best=0.00000014   Time=0.1  Run Time=596.7
