CUDA devices = 1
Device 0: NVIDIA GeForce RTX 4090

variations = 1
instructions = 32
registers = 30
opcodes = 2
patternOpcodes = 4

targetMin = 0.000000f
targetMax = 6.283185f
target = 0.000001f

mode = FIRESTARTER_OPTIMIZE
evolveSeed = 0
optimizeSeed = 0
tests = 256
streams = 1
units = 1
states = 1
generations = 0
population = 49152
passes = 512
attempts = 0
optimize = 1

scale = 0.300000f
startScale = 2.500000f
startResult = 10.000000f

FIRESTARTER_OPTIMIZE: Seed=0  Test=15  Generation=  2 *Result=0.00023957  Best=0.00023957   Time=0.1  Run Time=39.6
FIRESTARTER_OPTIMIZE: Seed=0  Test=15  Generation=  3 *Result=0.00000762  Best=0.00000762   Time=0.1  Run Time=40.0
FIRESTARTER_OPTIMIZE: Seed=0  Test=15  Generation=  4  Result=0.00018821  Best=0.00000762   Time=0.1  Run Time=40.3
FIRESTARTER_OPTIMIZE: Seed=0  Test=15  Generation=  5  Result=0.00006986  Best=0.00000762   Time=0.1  Run Time=40.7
FIRESTARTER_OPTIMIZE: Seed=0  Test=15  Generation=  6  Result=0.00005403  Best=0.00000762   Time=0.1  Run Time=41.0
FIRESTARTER_OPTIMIZE: Seed=0  Test=15  Generation=  7  Result=0.00047298  Best=0.00000762   Time=0.1  Run Time=41.3
FIRESTARTER_OPTIMIZE: Seed=0  Test=15  Generation=  8  Result=0.00011808  Best=0.00000762   Time=0.1  Run Time=41.6
FIRESTARTER_OPTIMIZE: Seed=0  Test=15  Generation=  9 *Result=0.00000283  Best=0.00000283   Time=0.1  Run Time=42.0
FIRESTARTER_OPTIMIZE: Seed=0  Test=15  Generation= 10  Result=0.00033356  Best=0.00000283   Time=0.1  Run Time=42.3
FIRESTARTER_OPTIMIZE: Seed=0  Test=15  Generation= 11  Result=0.00004655  Best=0.00000283   Time=0.1  Run Time=42.7
FIRESTARTER_OPTIMIZE: Seed=0  Test=15  Generation= 12 *Result=0.00000028  Best=0.00000028   Time=0.1  Run Time=43.1
