CUDA devices = 1
Device 0: NVIDIA GeForce RTX 4090

variations = 1
samples = 15
instructions = 32
registers = 30
opcodes = 2
patternOpcodes = 4

targetMin = 0.000000f
targetMax = 6.283185f
target = 0.000001f

mode = FIRESTARTER_OPTIMIZE
evolveSeed = 123
optimizeSeed = 123
tests = 256
streams = 1
units = 1
states = 1
generations = 0
population = 65536
iterations = 64
passes = 512
candidates = 16
attempts = 0
optimize = 1

scale = 0.300000f
startScale = 2.500000f
startResult = 10.000000f

FIRESTARTER_OPTIMIZE: Seed=123  Test=12  Generation=  2 *Result=0.00032367  Best=0.00032367   Time=0.1  Run Time=37.6
FIRESTARTER_OPTIMIZE: Seed=123  Test=12  Generation=  3 *Result=0.00000221  Best=0.00000221   Time=0.1  Run Time=38.1
FIRESTARTER_OPTIMIZE: Seed=123  Test=12  Generation=  4  Result=0.00009286  Best=0.00000221   Time=0.1  Run Time=38.5
FIRESTARTER_OPTIMIZE: Seed=123  Test=12  Generation=  5  Result=0.00006619  Best=0.00000221   Time=0.1  Run Time=39.0
FIRESTARTER_OPTIMIZE: Seed=123  Test=12  Generation=  6  Result=0.00010771  Best=0.00000221   Time=0.1  Run Time=39.4
FIRESTARTER_OPTIMIZE: Seed=123  Test=12  Generation=  7  Result=0.00018087  Best=0.00000221   Time=0.1  Run Time=39.9
FIRESTARTER_OPTIMIZE: Seed=123  Test=12  Generation=  8  Result=0.00140992  Best=0.00000221   Time=0.1  Run Time=40.3
FIRESTARTER_OPTIMIZE: Seed=123  Test=12  Generation=  9  Result=0.00018220  Best=0.00000221   Time=0.1  Run Time=40.8
FIRESTARTER_OPTIMIZE: Seed=123  Test=12  Generation= 10 *Result=0.00000012  Best=0.00000012   Time=0.1  Run Time=41.2
