CUDA devices = 1
Device 0: NVIDIA GeForce RTX 4090

variations = 1
instructions = 32
registers = 30
opcodes = 2
patternOpcodes = 4

targetMin = 0.000000f
targetMax = 6.283185f
target = 0.000001f

mode = FIRESTARTER_OPTIMIZE
evolveSeed = 0
optimizeSeed = 0
tests = 256
streams = 1
units = 1
states = 1
generations = 0
population = 65536
passes = 384
attempts = 0
optimize = 1

scale = 0.300000f
startScale = 2.500000f
startResult = 10.000000f

FIRESTARTER_OPTIMIZE: Seed=0  Test=169  Generation=  2 *Result=0.00000350  Best=0.00000350   Time=0.1  Run Time=445.4
FIRESTARTER_OPTIMIZE: Seed=0  Test=169  Generation=  3  Result=0.00002089  Best=0.00000350   Time=0.1  Run Time=445.7
FIRESTARTER_OPTIMIZE: Seed=0  Test=169  Generation=  4  Result=0.00237022  Best=0.00000350   Time=0.1  Run Time=446.0
FIRESTARTER_OPTIMIZE: Seed=0  Test=169  Generation=  5  Result=0.00102443  Best=0.00000350   Time=0.1  Run Time=446.4
FIRESTARTER_OPTIMIZE: Seed=0  Test=169  Generation=  6 *Result=0.00000335  Best=0.00000335   Time=0.1  Run Time=446.7
FIRESTARTER_OPTIMIZE: Seed=0  Test=169  Generation=  7  Result=0.00000736  Best=0.00000335   Time=0.1  Run Time=447.0
FIRESTARTER_OPTIMIZE: Seed=0  Test=169  Generation=  8  Result=0.00037819  Best=0.00000335   Time=0.1  Run Time=447.3
FIRESTARTER_OPTIMIZE: Seed=0  Test=169  Generation=  9 *Result=0.00000012  Best=0.00000012   Time=0.1  Run Time=447.7
