CUDA devices = 1
Device 0: NVIDIA GeForce RTX 4090

variations = 1
samples = 15
instructions = 32
registers = 30
opcodes = 2
patternOpcodes = 4

targetMin = 0.000000f
targetMax = 6.283185f
target = 0.000001f

mode = FIRESTARTER_OPTIMIZE
evolveSeed = 0
optimizeSeed = 0
tests = 256
streams = 1
units = 1
states = 1
generations = 0
population = 65536
iterations = 64
passes = 512
candidates = 16
attempts = 0
optimize = 1

scale = 0.100000f
startScale = 3.000000f
startResult = 10.000000f

FIRESTARTER_OPTIMIZE: Seed=0  Test=53  Generation=  2 *Result=0.00027304  Best=0.00027304   Time=0.1  Run Time=334.1
FIRESTARTER_OPTIMIZE: Seed=0  Test=53  Generation=  3 *Result=0.00016139  Best=0.00016139   Time=0.1  Run Time=334.6
FIRESTARTER_OPTIMIZE: Seed=0  Test=53  Generation=  4  Result=0.00029225  Best=0.00016139   Time=0.1  Run Time=335.0
FIRESTARTER_OPTIMIZE: Seed=0  Test=53  Generation=  5  Result=0.00036812  Best=0.00016139   Time=0.1  Run Time=335.4
FIRESTARTER_OPTIMIZE: Seed=0  Test=53  Generation=  6 *Result=0.00008935  Best=0.00008935   Time=0.1  Run Time=335.9
FIRESTARTER_OPTIMIZE: Seed=0  Test=53  Generation=  7  Result=0.00041187  Best=0.00008935   Time=0.1  Run Time=336.3
FIRESTARTER_OPTIMIZE: Seed=0  Test=53  Generation=  8  Result=0.00239575  Best=0.00008935   Time=0.1  Run Time=336.8
FIRESTARTER_OPTIMIZE: Seed=0  Test=53  Generation=  9 *Result=0.00000298  Best=0.00000298   Time=0.1  Run Time=337.2
FIRESTARTER_OPTIMIZE: Seed=0  Test=53  Generation= 10  Result=0.00055838  Best=0.00000298   Time=0.1  Run Time=337.7
FIRESTARTER_OPTIMIZE: Seed=0  Test=53  Generation= 11  Result=0.00588477  Best=0.00000298   Time=0.1  Run Time=338.1
FIRESTARTER_OPTIMIZE: Seed=0  Test=53  Generation= 12 *Result=0.00000272  Best=0.00000272   Time=0.1  Run Time=338.6
FIRESTARTER_OPTIMIZE: Seed=0  Test=53  Generation= 13 *Result=0.00000039  Best=0.00000039   Time=0.1  Run Time=339.0
