CUDA devices = 1
Device 0: NVIDIA GeForce RTX 4090

variations = 1
samples = 15
instructions = 32
registers = 30
opcodes = 2
patternOpcodes = 4

targetMin = 0.000000f
targetMax = 6.283185f
target = 0.000001f

mode = FIRESTARTER_OPTIMIZE
evolveSeed = 0
optimizeSeed = 0
tests = 256
streams = 1
units = 1
states = 1
generations = 0
population = 65536
iterations = 64
passes = 512
candidates = 16
attempts = 0
optimize = 1

scale = 0.150000f
startScale = 2.500000f
startResult = 10.000000f

FIRESTARTER_OPTIMIZE: Seed=0  Test=234  Generation=  2 *Result=0.00613960  Best=0.00613960   Time=0.1  Run Time=1178.2
FIRESTARTER_OPTIMIZE: Seed=0  Test=234  Generation=  3 *Result=0.00065532  Best=0.00065532   Time=0.1  Run Time=1178.6
FIRESTARTER_OPTIMIZE: Seed=0  Test=234  Generation=  4  Result=0.00137258  Best=0.00065532   Time=0.1  Run Time=1179.1
FIRESTARTER_OPTIMIZE: Seed=0  Test=234  Generation=  5 *Result=0.00012018  Best=0.00012018   Time=0.1  Run Time=1179.5
FIRESTARTER_OPTIMIZE: Seed=0  Test=234  Generation=  6  Result=0.00018224  Best=0.00012018   Time=0.1  Run Time=1180.0
FIRESTARTER_OPTIMIZE: Seed=0  Test=234  Generation=  7 *Result=0.00010555  Best=0.00010555   Time=0.1  Run Time=1180.4
FIRESTARTER_OPTIMIZE: Seed=0  Test=234  Generation=  8  Result=0.00045167  Best=0.00010555   Time=0.1  Run Time=1180.9
FIRESTARTER_OPTIMIZE: Seed=0  Test=234  Generation=  9 *Result=0.00009155  Best=0.00009155   Time=0.1  Run Time=1181.3
FIRESTARTER_OPTIMIZE: Seed=0  Test=234  Generation= 10  Result=0.00010575  Best=0.00009155   Time=0.1  Run Time=1181.8
FIRESTARTER_OPTIMIZE: Seed=0  Test=234  Generation= 11 *Result=0.00000041  Best=0.00000041   Time=0.1  Run Time=1182.2
