CUDA devices = 1
Device 0: NVIDIA GeForce RTX 4090

variations = 1
instructions = 32
registers = 30
opcodes = 2
patternOpcodes = 4

targetMin = 0.000000f
targetMax = 6.283185f
target = 0.000001f

mode = FIRESTARTER_OPTIMIZE
evolveSeed = 0
optimizeSeed = 0
tests = 256
streams = 1
units = 1
states = 1
generations = 0
population = 65536
passes = 512
attempts = 0
optimize = 1

scale = 0.300000f
startScale = 2.500000f
startResult = 10.000000f

FIRESTARTER_OPTIMIZE: Seed=0  Test=176  Generation=  2 *Result=0.00014695  Best=0.00014695   Time=0.1  Run Time=517.1
FIRESTARTER_OPTIMIZE: Seed=0  Test=176  Generation=  3  Result=0.00015625  Best=0.00014695   Time=0.1  Run Time=517.4
FIRESTARTER_OPTIMIZE: Seed=0  Test=176  Generation=  4 *Result=0.00000441  Best=0.00000441   Time=0.1  Run Time=517.8
FIRESTARTER_OPTIMIZE: Seed=0  Test=176  Generation=  5  Result=0.00019324  Best=0.00000441   Time=0.1  Run Time=518.1
FIRESTARTER_OPTIMIZE: Seed=0  Test=176  Generation=  6 *Result=0.00000330  Best=0.00000330   Time=0.1  Run Time=518.5
FIRESTARTER_OPTIMIZE: Seed=0  Test=176  Generation=  7  Result=0.00032070  Best=0.00000330   Time=0.1  Run Time=518.9
FIRESTARTER_OPTIMIZE: Seed=0  Test=176  Generation=  8  Result=0.00124206  Best=0.00000330   Time=0.1  Run Time=519.3
FIRESTARTER_OPTIMIZE: Seed=0  Test=176  Generation=  9  Result=0.00000433  Best=0.00000330   Time=0.1  Run Time=519.7
FIRESTARTER_OPTIMIZE: Seed=0  Test=176  Generation= 10 *Result=0.00000061  Best=0.00000061   Time=0.1  Run Time=520.0
