CUDA devices = 1
Device 0: NVIDIA GeForce RTX 4090 Laptop GPU

variations = 1
samples = 15
instructions = 32
registers = 30
opcodes = 2
patternOpcodes = 4

targetMin = 0.000000f
targetMax = 6.283185f
evolveTarget = 0.000001f

mode = FIRESTARTER_EVOLVE_GPU
evolveSeed = 0
optimizeSeed = 0
tests = 16
streams = 1
units = 1
states = 1
generations = 0
population = 8192
iterations = 64
passes = 500
candidates = 16
attempts = 0
optimize = 1

scale = 0.100000f
startScale = 2.000000f
startResult = 10.000000f

FIRESTARTER_EVOLVE_GPU: Seed=0  Test= 1  Generation=  0  Age=  1  Evolution= 0  Weight=0.00000000  Old Result=10.00000000 *New Result=0.00395155  Index=6748  EvolveAge1=218  EvolveAge2=133  Best=0.00395155   BestAge=1  Time=4.5 Seconds  Run Time=167.4 Seconds
FIRESTARTER_EVOLVE_GPU: Seed=0  Test= 1  Generation=  1  Age=  1  Evolution= 0  Weight=0.00000000  Old Result=0.00395155 *New Result=0.00247508  Index=1431  EvolveAge1=370  EvolveAge2=547  Best=0.00247508   BestAge=1  Time=3.9 Seconds  Run Time=171.4 Seconds
FIRESTARTER_EVOLVE_GPU: Seed=0  Test= 1  Generation=  2  Age=  1  Evolution= 0  Weight=0.00000000  Old Result=0.00247508 *New Result=0.00221002  Index=6818  EvolveAge1=382  EvolveAge2=61  Best=0.00221002   BestAge=1  Time=4.0 Seconds  Run Time=175.4 Seconds
FIRESTARTER_EVOLVE_GPU: Seed=0  Test= 1  Generation=  3  Age=  1  Evolution= 0  Weight=0.00000000  Old Result=0.00221002 *New Result=0.00039160  Index=5119  EvolveAge1=2  EvolveAge2=3  Best=0.00039160   BestAge=1  Time=3.8 Seconds  Run Time=179.2 Seconds
FIRESTARTER_EVOLVE_GPU: Seed=0  Test= 1  Generation=  4  Age=  1  Evolution= 0  Weight=0.00000000  Old Result=0.00039160 *New Result=0.00030333  Index=5119  EvolveAge1=319  EvolveAge2=81  Best=0.00030333   BestAge=1  Time=3.8 Seconds  Run Time=182.9 Seconds
FIRESTARTER_EVOLVE_GPU: Seed=0  Test= 1  Generation=  5  Age=  1  Evolution= 0  Weight=0.00000000  Old Result=0.00030333 *New Result=0.00018549  Index=3691  EvolveAge1=71  EvolveAge2=512  Best=0.00018549   BestAge=1  Time=3.7 Seconds  Run Time=186.6 Seconds
FIRESTARTER_EVOLVE_GPU: Seed=0  Test= 1  Generation=  6  Age=  1  Evolution= 0  Weight=0.00000000  Old Result=0.00018549  Bad Result=0.00044081  Index=1023  EvolveAge1=0  EvolveAge2=21  Best=0.00018549   BestAge=2  Time=3.6 Seconds  Run Time=190.3 Seconds
FIRESTARTER_OPTIMIZE_GPU: Seed=0  Test= 1  Optimize=0  Generation=  5 *Result=0.00000048  Best=0.00000048   Time=4.5 Seconds  Run Time=194.8 Seconds
