CUDA devices = 1
Device 0: NVIDIA GeForce RTX 4090

variations = 1
samples = 15
instructions = 28
registers = 28
opcodes = 2
patternOpcodes = 4

targetMin = 0.000000f
targetMax = 6.283185f
target = 0.000001f

mode = FIRESTARTER_OPTIMIZE
evolveSeed = 0
optimizeSeed = 0
tests = 256
streams = 1
units = 1
states = 1
generations = 0
population = 65536
iterations = 64
passes = 512
candidates = 16
attempts = 0
optimize = 1

scale = 0.300000f
startScale = 2.500000f
startResult = 10.000000f

FIRESTARTER_OPTIMIZE: Seed=0  Test=67  Generation=  2 *Result=0.00000240  Best=0.00000240   Time=0.1  Run Time=205.2
FIRESTARTER_OPTIMIZE: Seed=0  Test=67  Generation=  3  Result=0.00022036  Best=0.00000240   Time=0.1  Run Time=205.7
FIRESTARTER_OPTIMIZE: Seed=0  Test=67  Generation=  4  Result=0.00008428  Best=0.00000240   Time=0.1  Run Time=206.1
FIRESTARTER_OPTIMIZE: Seed=0  Test=67  Generation=  5  Result=0.00040573  Best=0.00000240   Time=0.1  Run Time=206.5
FIRESTARTER_OPTIMIZE: Seed=0  Test=67  Generation=  6  Result=0.00000243  Best=0.00000240   Time=0.1  Run Time=207.0
FIRESTARTER_OPTIMIZE: Seed=0  Test=67  Generation=  7  Result=0.00018254  Best=0.00000240   Time=0.1  Run Time=207.4
FIRESTARTER_OPTIMIZE: Seed=0  Test=67  Generation=  8  Result=0.00267506  Best=0.00000240   Time=0.1  Run Time=207.8
FIRESTARTER_OPTIMIZE: Seed=0  Test=67  Generation=  9 *Result=0.00000044  Best=0.00000044   Time=0.1  Run Time=208.2
