CUDA devices = 1
Device 0: NVIDIA GeForce RTX 4090

variations = 1
samples = 15
instructions = 32
registers = 30
opcodes = 2
patternOpcodes = 4

targetMin = 0.000000f
targetMax = 6.283185f
target = 0.000001f

mode = FIRESTARTER_OPTIMIZE
evolveSeed = 0
optimizeSeed = 0
tests = 256
streams = 1
units = 1
states = 1
generations = 0
population = 65536
iterations = 64
passes = 512
candidates = 16
attempts = 0
optimize = 1

scale = 0.200000f
startScale = 2.500000f
startResult = 10.000000f

FIRESTARTER_OPTIMIZE: Seed=0  Test=194  Generation=  2 *Result=0.00018225  Best=0.00018225   Time=0.1  Run Time=839.8
FIRESTARTER_OPTIMIZE: Seed=0  Test=194  Generation=  3 *Result=0.00000119  Best=0.00000119   Time=0.1  Run Time=840.2
FIRESTARTER_OPTIMIZE: Seed=0  Test=194  Generation=  4  Result=0.00136257  Best=0.00000119   Time=0.1  Run Time=840.7
FIRESTARTER_OPTIMIZE: Seed=0  Test=194  Generation=  5  Result=0.00012600  Best=0.00000119   Time=0.1  Run Time=841.1
FIRESTARTER_OPTIMIZE: Seed=0  Test=194  Generation=  6  Result=0.00614184  Best=0.00000119   Time=0.1  Run Time=841.6
FIRESTARTER_OPTIMIZE: Seed=0  Test=194  Generation=  7  Result=0.00001371  Best=0.00000119   Time=0.1  Run Time=842.0
FIRESTARTER_OPTIMIZE: Seed=0  Test=194  Generation=  8  Result=0.00065917  Best=0.00000119   Time=0.1  Run Time=842.5
FIRESTARTER_OPTIMIZE: Seed=0  Test=194  Generation=  9  Result=0.00018239  Best=0.00000119   Time=0.1  Run Time=843.0
FIRESTARTER_OPTIMIZE: Seed=0  Test=194  Generation= 10  Result=0.00027543  Best=0.00000119   Time=0.1  Run Time=843.4
FIRESTARTER_OPTIMIZE: Seed=0  Test=194  Generation= 11  Result=0.00068539  Best=0.00000119   Time=0.1  Run Time=843.9
FIRESTARTER_OPTIMIZE: Seed=0  Test=194  Generation= 12  Result=0.00001121  Best=0.00000119   Time=0.1  Run Time=844.3
FIRESTARTER_OPTIMIZE: Seed=0  Test=194  Generation= 13 *Result=0.00000018  Best=0.00000018   Time=0.1  Run Time=844.8
