CUDA devices = 1
Device 0: NVIDIA GeForce RTX 4090

variations = 1
instructions = 32
registers = 30
opcodes = 2
patternOpcodes = 4

targetMin = 0.000000f
targetMax = 6.283185f
target = 0.000001f

mode = FIRESTARTER_OPTIMIZE
evolveSeed = 0
optimizeSeed = 0
tests = 256
streams = 1
units = 1
states = 1
generations = 0
population = 32768
passes = 512
attempts = 0
optimize = 1

scale = 0.300000f
startScale = 2.500000f
startResult = 10.000000f

FIRESTARTER_OPTIMIZE: Seed=0  Test=12  Generation=  2 *Result=0.00031637  Best=0.00031637   Time=0.1  Run Time=25.0
FIRESTARTER_OPTIMIZE: Seed=0  Test=12  Generation=  3 *Result=0.00000655  Best=0.00000655   Time=0.1  Run Time=25.4
FIRESTARTER_OPTIMIZE: Seed=0  Test=12  Generation=  4 *Result=0.00000233  Best=0.00000233   Time=0.1  Run Time=25.7
FIRESTARTER_OPTIMIZE: Seed=0  Test=12  Generation=  5  Result=0.00016176  Best=0.00000233   Time=0.1  Run Time=26.1
FIRESTARTER_OPTIMIZE: Seed=0  Test=12  Generation=  6  Result=0.00034034  Best=0.00000233   Time=0.1  Run Time=26.5
FIRESTARTER_OPTIMIZE: Seed=0  Test=12  Generation=  7  Result=0.00007013  Best=0.00000233   Time=0.1  Run Time=27.0
FIRESTARTER_OPTIMIZE: Seed=0  Test=12  Generation=  8  Result=0.00018871  Best=0.00000233   Time=0.1  Run Time=27.4
FIRESTARTER_OPTIMIZE: Seed=0  Test=12  Generation=  9  Result=0.00000274  Best=0.00000233   Time=0.1  Run Time=27.8
FIRESTARTER_OPTIMIZE: Seed=0  Test=12  Generation= 10  Result=0.00018219  Best=0.00000233   Time=0.1  Run Time=28.1
FIRESTARTER_OPTIMIZE: Seed=0  Test=12  Generation= 11  Result=0.00032994  Best=0.00000233   Time=0.1  Run Time=28.5
FIRESTARTER_OPTIMIZE: Seed=0  Test=12  Generation= 12 *Result=0.00000048  Best=0.00000048   Time=0.1  Run Time=28.9
