CUDA devices = 1
Device 0: NVIDIA GeForce RTX 4090

variations = 1
samples = 15
instructions = 32
registers = 30
opcodes = 2
patternOpcodes = 4

targetMin = 0.000000f
targetMax = 6.283185f
target = 0.000001f

mode = FIRESTARTER_OPTIMIZE
evolveSeed = 123
optimizeSeed = 123
tests = 256
streams = 1
units = 1
states = 1
generations = 0
population = 65536
iterations = 64
passes = 512
candidates = 16
attempts = 0
optimize = 1

scale = 0.300000f
startScale = 2.500000f
startResult = 10.000000f

FIRESTARTER_OPTIMIZE: Seed=123  Test=122  Generation=  2 *Result=0.00000384  Best=0.00000384   Time=0.1  Run Time=383.4
FIRESTARTER_OPTIMIZE: Seed=123  Test=122  Generation=  3  Result=0.00019011  Best=0.00000384   Time=0.1  Run Time=383.7
FIRESTARTER_OPTIMIZE: Seed=123  Test=122  Generation=  4  Result=0.00018489  Best=0.00000384   Time=0.1  Run Time=384.1
FIRESTARTER_OPTIMIZE: Seed=123  Test=122  Generation=  5  Result=0.00007318  Best=0.00000384   Time=0.1  Run Time=384.5
FIRESTARTER_OPTIMIZE: Seed=123  Test=122  Generation=  6 *Result=0.00000280  Best=0.00000280   Time=0.1  Run Time=384.9
FIRESTARTER_OPTIMIZE: Seed=123  Test=122  Generation=  7  Result=0.00018359  Best=0.00000280   Time=0.1  Run Time=385.2
FIRESTARTER_OPTIMIZE: Seed=123  Test=122  Generation=  8  Result=0.00003869  Best=0.00000280   Time=0.1  Run Time=385.6
FIRESTARTER_OPTIMIZE: Seed=123  Test=122  Generation=  9  Result=0.00015849  Best=0.00000280   Time=0.1  Run Time=386.1
FIRESTARTER_OPTIMIZE: Seed=123  Test=122  Generation= 10  Result=0.00018281  Best=0.00000280   Time=0.1  Run Time=386.5
FIRESTARTER_OPTIMIZE: Seed=123  Test=122  Generation= 11  Result=0.00007653  Best=0.00000280   Time=0.1  Run Time=386.8
FIRESTARTER_OPTIMIZE: Seed=123  Test=122  Generation= 12  Result=0.00100291  Best=0.00000280   Time=0.1  Run Time=387.2
FIRESTARTER_OPTIMIZE: Seed=123  Test=122  Generation= 13 *Result=0.00000005  Best=0.00000005   Time=0.1  Run Time=387.6
