CUDA devices = 1
Device 0: NVIDIA GeForce RTX 4090

variations = 1
samples = 15
instructions = 32
registers = 30
opcodes = 2
patternOpcodes = 4

targetMin = 0.000000f
targetMax = 6.283185f
target = 0.000001f

mode = FIRESTARTER_OPTIMIZE
evolveSeed = 0
optimizeSeed = 0
tests = 256
streams = 1
units = 1
states = 1
generations = 0
population = 65536
iterations = 64
passes = 512
candidates = 16
attempts = 0
optimize = 1

scale = 0.100000f
startScale = 4.000000f
startResult = 10.000000f

FIRESTARTER_OPTIMIZE: Seed=0  Test=138  Generation=  2 *Result=0.00018128  Best=0.00018128   Time=0.1  Run Time=1079.0
FIRESTARTER_OPTIMIZE: Seed=0  Test=138  Generation=  3  Result=0.00223905  Best=0.00018128   Time=0.1  Run Time=1079.5
FIRESTARTER_OPTIMIZE: Seed=0  Test=138  Generation=  4  Result=0.00071305  Best=0.00018128   Time=0.1  Run Time=1080.0
FIRESTARTER_OPTIMIZE: Seed=0  Test=138  Generation=  5  Result=0.00071285  Best=0.00018128   Time=0.1  Run Time=1080.4
FIRESTARTER_OPTIMIZE: Seed=0  Test=138  Generation=  6  Result=0.00205774  Best=0.00018128   Time=0.1  Run Time=1080.9
FIRESTARTER_OPTIMIZE: Seed=0  Test=138  Generation=  7  Result=0.00044304  Best=0.00018128   Time=0.1  Run Time=1081.4
FIRESTARTER_OPTIMIZE: Seed=0  Test=138  Generation=  8 *Result=0.00015053  Best=0.00015053   Time=0.1  Run Time=1081.8
FIRESTARTER_OPTIMIZE: Seed=0  Test=138  Generation=  9  Result=0.00030014  Best=0.00015053   Time=0.1  Run Time=1082.3
FIRESTARTER_OPTIMIZE: Seed=0  Test=138  Generation= 10  Result=0.00064537  Best=0.00015053   Time=0.1  Run Time=1082.8
FIRESTARTER_OPTIMIZE: Seed=0  Test=138  Generation= 11 *Result=0.00005159  Best=0.00005159   Time=0.1  Run Time=1083.3
FIRESTARTER_OPTIMIZE: Seed=0  Test=138  Generation= 12 *Result=0.00000041  Best=0.00000041   Time=0.1  Run Time=1083.8
