CUDA devices = 1
Device 0: NVIDIA GeForce RTX 4090

variations = 1
instructions = 32
registers = 30
opcodes = 2
patternOpcodes = 4

targetMin = 0.000000f
targetMax = 6.283185f
target = 0.000001f

mode = FIRESTARTER_OPTIMIZE
evolveSeed = 0
optimizeSeed = 0
tests = 256
streams = 1
units = 1
states = 1
generations = 0
population = 32768
passes = 512
attempts = 0
optimize = 1

scale = 0.300000f
startScale = 2.500000f
startResult = 10.000000f

FIRESTARTER_OPTIMIZE: Seed=0  Test=137  Generation=  2 *Result=0.00001925  Best=0.00001925   Time=0.1  Run Time=395.6
FIRESTARTER_OPTIMIZE: Seed=0  Test=137  Generation=  3  Result=0.00008070  Best=0.00001925   Time=0.1  Run Time=395.9
FIRESTARTER_OPTIMIZE: Seed=0  Test=137  Generation=  4  Result=0.00002968  Best=0.00001925   Time=0.1  Run Time=396.2
FIRESTARTER_OPTIMIZE: Seed=0  Test=137  Generation=  5  Result=0.00153884  Best=0.00001925   Time=0.1  Run Time=396.5
FIRESTARTER_OPTIMIZE: Seed=0  Test=137  Generation=  6 *Result=0.00000025  Best=0.00000025   Time=0.1  Run Time=396.9
