CUDA devices = 1
Device 0: NVIDIA GeForce RTX 4090

variations = 1
samples = 15
instructions = 32
registers = 30
opcodes = 2
patternOpcodes = 4

targetMin = 0.000000f
targetMax = 6.283185f
target = 0.000001f

mode = FIRESTARTER_OPTIMIZE
evolveSeed = 123
optimizeSeed = 123
tests = 256
streams = 1
units = 1
states = 1
generations = 0
population = 65536
iterations = 64
passes = 512
candidates = 16
attempts = 0
optimize = 1

scale = 0.300000f
startScale = 2.500000f
startResult = 10.000000f

FIRESTARTER_OPTIMIZE: Seed=123  Test=70  Generation=  2 *Result=0.00015637  Best=0.00015637   Time=0.1  Run Time=207.2
FIRESTARTER_OPTIMIZE: Seed=123  Test=70  Generation=  3  Result=0.00085867  Best=0.00015637   Time=0.1  Run Time=207.7
FIRESTARTER_OPTIMIZE: Seed=123  Test=70  Generation=  4  Result=0.00017499  Best=0.00015637   Time=0.1  Run Time=208.1
FIRESTARTER_OPTIMIZE: Seed=123  Test=70  Generation=  5  Result=0.00025230  Best=0.00015637   Time=0.1  Run Time=208.6
FIRESTARTER_OPTIMIZE: Seed=123  Test=70  Generation=  6  Result=0.00060415  Best=0.00015637   Time=0.1  Run Time=209.0
FIRESTARTER_OPTIMIZE: Seed=123  Test=70  Generation=  7 *Result=0.00005230  Best=0.00005230   Time=0.1  Run Time=209.5
FIRESTARTER_OPTIMIZE: Seed=123  Test=70  Generation=  8  Result=0.00018966  Best=0.00005230   Time=0.1  Run Time=209.9
FIRESTARTER_OPTIMIZE: Seed=123  Test=70  Generation=  9  Result=0.00213906  Best=0.00005230   Time=0.1  Run Time=210.4
FIRESTARTER_OPTIMIZE: Seed=123  Test=70  Generation= 10  Result=0.00007802  Best=0.00005230   Time=0.1  Run Time=210.8
FIRESTARTER_OPTIMIZE: Seed=123  Test=70  Generation= 11  Result=0.00046193  Best=0.00005230   Time=0.1  Run Time=211.2
FIRESTARTER_OPTIMIZE: Seed=123  Test=70  Generation= 12 *Result=0.00000020  Best=0.00000020   Time=0.1  Run Time=211.6
