CUDA devices = 1
Device 0: NVIDIA GeForce RTX 4090

variations = 1
instructions = 32
registers = 30
opcodes = 2
patternOpcodes = 4

targetMin = 0.000000f
targetMax = 6.283185f
target = 0.000001f

mode = FIRESTARTER_OPTIMIZE
evolveSeed = 0
optimizeSeed = 0
tests = 256
streams = 1
units = 1
states = 1
generations = 0
population = 49152
passes = 384
attempts = 0
optimize = 1

scale = 0.300000f
startScale = 2.500000f
startResult = 10.000000f

FIRESTARTER_OPTIMIZE: Seed=0  Test=118  Generation=  2 *Result=0.00235100  Best=0.00235100   Time=0.1  Run Time=302.5
FIRESTARTER_OPTIMIZE: Seed=0  Test=118  Generation=  3 *Result=0.00041831  Best=0.00041831   Time=0.1  Run Time=302.8
FIRESTARTER_OPTIMIZE: Seed=0  Test=118  Generation=  4 *Result=0.00000219  Best=0.00000219   Time=0.1  Run Time=303.1
FIRESTARTER_OPTIMIZE: Seed=0  Test=118  Generation=  5  Result=0.00005230  Best=0.00000219   Time=0.1  Run Time=303.4
FIRESTARTER_OPTIMIZE: Seed=0  Test=118  Generation=  6  Result=0.00017610  Best=0.00000219   Time=0.1  Run Time=303.7
FIRESTARTER_OPTIMIZE: Seed=0  Test=118  Generation=  7  Result=0.00003564  Best=0.00000219   Time=0.1  Run Time=304.0
FIRESTARTER_OPTIMIZE: Seed=0  Test=118  Generation=  8  Result=0.00026065  Best=0.00000219   Time=0.1  Run Time=304.3
FIRESTARTER_OPTIMIZE: Seed=0  Test=118  Generation=  9 *Result=0.00000015  Best=0.00000015   Time=0.1  Run Time=304.6
