CUDA devices = 1
Device 0: NVIDIA GeForce RTX 4090

variations = 1
instructions = 32
registers = 30
opcodes = 2
patternOpcodes = 4

targetMin = 0.000000f
targetMax = 6.283185f
target = 0.000001f

mode = FIRESTARTER_OPTIMIZE
evolveSeed = 1
optimizeSeed = 1
tests = 256
streams = 1
units = 1
states = 1
generations = 0
population = 49152
passes = 512
attempts = 0
optimize = 1

scale = 0.300000f
startScale = 2.500000f
startResult = 10.000000f

FIRESTARTER_OPTIMIZE: Seed=1  Test=127  Generation=  2 *Result=0.00005352  Best=0.00005352   Time=0.1  Run Time=356.0
FIRESTARTER_OPTIMIZE: Seed=1  Test=127  Generation=  3 *Result=0.00000292  Best=0.00000292   Time=0.1  Run Time=356.4
FIRESTARTER_OPTIMIZE: Seed=1  Test=127  Generation=  4  Result=0.00037587  Best=0.00000292   Time=0.1  Run Time=356.8
FIRESTARTER_OPTIMIZE: Seed=1  Test=127  Generation=  5  Result=0.00003046  Best=0.00000292   Time=0.1  Run Time=357.1
FIRESTARTER_OPTIMIZE: Seed=1  Test=127  Generation=  6  Result=0.00036019  Best=0.00000292   Time=0.1  Run Time=357.5
FIRESTARTER_OPTIMIZE: Seed=1  Test=127  Generation=  7  Result=0.00020753  Best=0.00000292   Time=0.1  Run Time=357.8
FIRESTARTER_OPTIMIZE: Seed=1  Test=127  Generation=  8  Result=0.00016885  Best=0.00000292   Time=0.1  Run Time=358.2
FIRESTARTER_OPTIMIZE: Seed=1  Test=127  Generation=  9 *Result=0.00000032  Best=0.00000032   Time=0.1  Run Time=358.6
