CUDA devices = 1
Device 0: NVIDIA GeForce RTX 4090

variations = 1
instructions = 32
registers = 30
opcodes = 2
patternOpcodes = 4

targetMin = 0.000000f
targetMax = 6.283185f
target = 0.000001f

mode = FIRESTARTER_OPTIMIZE
evolveSeed = 0
optimizeSeed = 0
tests = 256
streams = 1
units = 1
states = 1
generations = 0
population = 49152
passes = 256
attempts = 0
optimize = 1

scale = 0.300000f
startScale = 2.500000f
startResult = 10.000000f

FIRESTARTER_OPTIMIZE: Seed=0  Test=218  Generation=  2 *Result=0.00056720  Best=0.00056720   Time=0.1  Run Time=659.5
FIRESTARTER_OPTIMIZE: Seed=0  Test=218  Generation=  3 *Result=0.00000846  Best=0.00000846   Time=0.1  Run Time=659.8
FIRESTARTER_OPTIMIZE: Seed=0  Test=218  Generation=  4 *Result=0.00000215  Best=0.00000215   Time=0.1  Run Time=660.1
FIRESTARTER_OPTIMIZE: Seed=0  Test=218  Generation=  5  Result=0.00015273  Best=0.00000215   Time=0.1  Run Time=660.4
FIRESTARTER_OPTIMIZE: Seed=0  Test=218  Generation=  6  Result=0.00013027  Best=0.00000215   Time=0.1  Run Time=660.7
FIRESTARTER_OPTIMIZE: Seed=0  Test=218  Generation=  7 *Result=0.00000214  Best=0.00000214   Time=0.1  Run Time=660.9
FIRESTARTER_OPTIMIZE: Seed=0  Test=218  Generation=  8  Result=0.00003100  Best=0.00000214   Time=0.1  Run Time=661.3
FIRESTARTER_OPTIMIZE: Seed=0  Test=218  Generation=  9  Result=0.00221325  Best=0.00000214   Time=0.1  Run Time=661.7
FIRESTARTER_OPTIMIZE: Seed=0  Test=218  Generation= 10  Result=0.00000435  Best=0.00000214   Time=0.1  Run Time=662.0
FIRESTARTER_OPTIMIZE: Seed=0  Test=218  Generation= 11 *Result=0.00000018  Best=0.00000018   Time=0.1  Run Time=662.4
