CUDA devices = 1
Device 0: NVIDIA GeForce RTX 4090

variations = 1
samples = 15
instructions = 32
registers = 30
opcodes = 2
patternOpcodes = 4

targetMin = 0.000000f
targetMax = 6.283185f
target = 0.000001f

mode = FIRESTARTER_OPTIMIZE
evolveSeed = 0
optimizeSeed = 0
tests = 256
streams = 1
units = 1
states = 1
generations = 0
population = 65536
iterations = 64
passes = 512
candidates = 16
attempts = 0
optimize = 1

scale = 0.100000f
startScale = 2.500000f
startResult = 10.000000f

FIRESTARTER_OPTIMIZE: Seed=0  Test=227  Generation=  2 *Result=0.00014639  Best=0.00014639   Time=0.1  Run Time=1216.4
FIRESTARTER_OPTIMIZE: Seed=0  Test=227  Generation=  3 *Result=0.00009215  Best=0.00009215   Time=0.1  Run Time=1216.8
FIRESTARTER_OPTIMIZE: Seed=0  Test=227  Generation=  4  Result=0.00033240  Best=0.00009215   Time=0.1  Run Time=1217.2
FIRESTARTER_OPTIMIZE: Seed=0  Test=227  Generation=  5  Result=0.00018222  Best=0.00009215   Time=0.1  Run Time=1217.7
FIRESTARTER_OPTIMIZE: Seed=0  Test=227  Generation=  6 *Result=0.00000161  Best=0.00000161   Time=0.1  Run Time=1218.1
FIRESTARTER_OPTIMIZE: Seed=0  Test=227  Generation=  7  Result=0.00000449  Best=0.00000161   Time=0.1  Run Time=1218.6
FIRESTARTER_OPTIMIZE: Seed=0  Test=227  Generation=  8  Result=0.00025336  Best=0.00000161   Time=0.1  Run Time=1219.0
FIRESTARTER_OPTIMIZE: Seed=0  Test=227  Generation=  9  Result=0.00002691  Best=0.00000161   Time=0.1  Run Time=1219.5
FIRESTARTER_OPTIMIZE: Seed=0  Test=227  Generation= 10  Result=0.00002718  Best=0.00000161   Time=0.1  Run Time=1219.9
FIRESTARTER_OPTIMIZE: Seed=0  Test=227  Generation= 11  Result=0.00017577  Best=0.00000161   Time=0.1  Run Time=1220.3
FIRESTARTER_OPTIMIZE: Seed=0  Test=227  Generation= 12  Result=0.00000243  Best=0.00000161   Time=0.1  Run Time=1220.8
FIRESTARTER_OPTIMIZE: Seed=0  Test=227  Generation= 13  Result=0.00143600  Best=0.00000161   Time=0.1  Run Time=1221.2
FIRESTARTER_OPTIMIZE: Seed=0  Test=227  Generation= 14 *Result=0.00000009  Best=0.00000009   Time=0.1  Run Time=1221.7
