CUDA devices = 1
Device 0: NVIDIA GeForce RTX 4090

variations = 1
samples = 15
instructions = 32
registers = 30
opcodes = 2
patternOpcodes = 4

targetMin = 0.000000f
targetMax = 6.283185f
target = 0.000001f

mode = FIRESTARTER_OPTIMIZE
evolveSeed = 0
optimizeSeed = 0
tests = 256
streams = 1
units = 1
states = 1
generations = 0
population = 65536
iterations = 64
passes = 512
candidates = 16
attempts = 0
optimize = 1

scale = 0.100000f
startScale = 2.500000f
startResult = 10.000000f

FIRESTARTER_OPTIMIZE: Seed=0  Test=157  Generation=  2 *Result=0.00029093  Best=0.00029093   Time=0.1  Run Time=879.0
FIRESTARTER_OPTIMIZE: Seed=0  Test=157  Generation=  3 *Result=0.00008243  Best=0.00008243   Time=0.1  Run Time=879.4
FIRESTARTER_OPTIMIZE: Seed=0  Test=157  Generation=  4  Result=0.00058101  Best=0.00008243   Time=0.1  Run Time=879.9
FIRESTARTER_OPTIMIZE: Seed=0  Test=157  Generation=  5  Result=0.00010098  Best=0.00008243   Time=0.1  Run Time=880.3
FIRESTARTER_OPTIMIZE: Seed=0  Test=157  Generation=  6 *Result=0.00007585  Best=0.00007585   Time=0.1  Run Time=880.8
FIRESTARTER_OPTIMIZE: Seed=0  Test=157  Generation=  7 *Result=0.00002021  Best=0.00002021   Time=0.1  Run Time=881.2
FIRESTARTER_OPTIMIZE: Seed=0  Test=157  Generation=  8  Result=0.00002308  Best=0.00002021   Time=0.1  Run Time=881.7
FIRESTARTER_OPTIMIZE: Seed=0  Test=157  Generation=  9 *Result=0.00000046  Best=0.00000046   Time=0.1  Run Time=882.1
