CUDA devices = 1
Device 0: NVIDIA GeForce RTX 4090

variations = 1
samples = 15
instructions = 32
registers = 30
opcodes = 2
patternOpcodes = 4

targetMin = 0.000000f
targetMax = 6.283185f
target = 0.000001f

mode = FIRESTARTER_OPTIMIZE
evolveSeed = 0
optimizeSeed = 0
tests = 256
streams = 1
units = 1
states = 1
generations = 0
population = 65536
iterations = 64
passes = 512
candidates = 16
attempts = 0
optimize = 1

scale = 0.200000f
startScale = 2.500000f
startResult = 10.000000f

FIRESTARTER_OPTIMIZE: Seed=0  Test=202  Generation=  2 *Result=0.00002638  Best=0.00002638   Time=0.1  Run Time=889.5
FIRESTARTER_OPTIMIZE: Seed=0  Test=202  Generation=  3 *Result=0.00000804  Best=0.00000804   Time=0.1  Run Time=890.0
FIRESTARTER_OPTIMIZE: Seed=0  Test=202  Generation=  4  Result=0.00027478  Best=0.00000804   Time=0.1  Run Time=890.4
FIRESTARTER_OPTIMIZE: Seed=0  Test=202  Generation=  5  Result=0.00149839  Best=0.00000804   Time=0.1  Run Time=890.9
FIRESTARTER_OPTIMIZE: Seed=0  Test=202  Generation=  6  Result=0.00007900  Best=0.00000804   Time=0.1  Run Time=891.3
FIRESTARTER_OPTIMIZE: Seed=0  Test=202  Generation=  7 *Result=0.00000621  Best=0.00000621   Time=0.1  Run Time=891.8
FIRESTARTER_OPTIMIZE: Seed=0  Test=202  Generation=  8 *Result=0.00000064  Best=0.00000064   Time=0.1  Run Time=892.2
