CUDA devices = 1
Device 0: NVIDIA GeForce RTX 4090

variations = 1
instructions = 32
registers = 30
opcodes = 2
patternOpcodes = 4

targetMin = 0.000000f
targetMax = 6.283185f
target = 0.000001f

mode = FIRESTARTER_OPTIMIZE
evolveSeed = 1
optimizeSeed = 1
tests = 256
streams = 1
units = 1
states = 1
generations = 0
population = 65536
passes = 512
attempts = 0
optimize = 1

scale = 0.300000f
startScale = 2.500000f
startResult = 10.000000f

FIRESTARTER_OPTIMIZE: Seed=1  Test=197  Generation=  2 *Result=0.00006706  Best=0.00006706   Time=0.1  Run Time=570.7
FIRESTARTER_OPTIMIZE: Seed=1  Test=197  Generation=  3 *Result=0.00000113  Best=0.00000113   Time=0.1  Run Time=571.1
FIRESTARTER_OPTIMIZE: Seed=1  Test=197  Generation=  4  Result=0.00001468  Best=0.00000113   Time=0.1  Run Time=571.5
FIRESTARTER_OPTIMIZE: Seed=1  Test=197  Generation=  5  Result=0.00017776  Best=0.00000113   Time=0.1  Run Time=571.9
FIRESTARTER_OPTIMIZE: Seed=1  Test=197  Generation=  6  Result=0.00003718  Best=0.00000113   Time=0.1  Run Time=572.2
FIRESTARTER_OPTIMIZE: Seed=1  Test=197  Generation=  7  Result=0.00064082  Best=0.00000113   Time=0.1  Run Time=572.6
FIRESTARTER_OPTIMIZE: Seed=1  Test=197  Generation=  8  Result=0.00001067  Best=0.00000113   Time=0.1  Run Time=573.0
FIRESTARTER_OPTIMIZE: Seed=1  Test=197  Generation=  9  Result=0.00035515  Best=0.00000113   Time=0.1  Run Time=573.4
FIRESTARTER_OPTIMIZE: Seed=1  Test=197  Generation= 10 *Result=0.00000010  Best=0.00000010   Time=0.1  Run Time=573.7
