CUDA devices = 1
Device 0: NVIDIA GeForce RTX 4090

variations = 1
samples = 15
instructions = 32
registers = 30
opcodes = 2
patternOpcodes = 4

targetMin = 0.000000f
targetMax = 6.283185f
target = 0.000001f

mode = FIRESTARTER_OPTIMIZE
evolveSeed = 0
optimizeSeed = 0
tests = 256
streams = 1
units = 1
states = 1
generations = 0
population = 65536
iterations = 64
passes = 512
candidates = 16
attempts = 0
optimize = 1

scale = 0.300000f
startScale = 2.500000f
startResult = 10.000000f

FIRESTARTER_OPTIMIZE: Seed=0  Test=103  Generation=  2 *Result=0.00030033  Best=0.00030033   Time=0.1  Run Time=301.4
FIRESTARTER_OPTIMIZE: Seed=0  Test=103  Generation=  3 *Result=0.00002819  Best=0.00002819   Time=0.1  Run Time=301.8
FIRESTARTER_OPTIMIZE: Seed=0  Test=103  Generation=  4  Result=0.00143338  Best=0.00002819   Time=0.1  Run Time=302.2
FIRESTARTER_OPTIMIZE: Seed=0  Test=103  Generation=  5  Result=0.00014287  Best=0.00002819   Time=0.1  Run Time=302.6
FIRESTARTER_OPTIMIZE: Seed=0  Test=103  Generation=  6  Result=0.00104231  Best=0.00002819   Time=0.1  Run Time=302.9
FIRESTARTER_OPTIMIZE: Seed=0  Test=103  Generation=  7  Result=0.00048332  Best=0.00002819   Time=0.1  Run Time=303.3
FIRESTARTER_OPTIMIZE: Seed=0  Test=103  Generation=  8  Result=0.00055352  Best=0.00002819   Time=0.1  Run Time=303.7
FIRESTARTER_OPTIMIZE: Seed=0  Test=103  Generation=  9  Result=0.00022182  Best=0.00002819   Time=0.1  Run Time=304.1
FIRESTARTER_OPTIMIZE: Seed=0  Test=103  Generation= 10 *Result=0.00000972  Best=0.00000972   Time=0.1  Run Time=304.5
FIRESTARTER_OPTIMIZE: Seed=0  Test=103  Generation= 11  Result=0.00021839  Best=0.00000972   Time=0.1  Run Time=304.8
FIRESTARTER_OPTIMIZE: Seed=0  Test=103  Generation= 12  Result=0.00018214  Best=0.00000972   Time=0.1  Run Time=305.2
FIRESTARTER_OPTIMIZE: Seed=0  Test=103  Generation= 13  Result=0.00004851  Best=0.00000972   Time=0.1  Run Time=305.6
FIRESTARTER_OPTIMIZE: Seed=0  Test=103  Generation= 14 *Result=0.00000083  Best=0.00000083   Time=0.1  Run Time=305.9
