CUDA devices = 1
Device 0: NVIDIA GeForce RTX 4090

variations = 1
samples = 15
instructions = 32
registers = 30
opcodes = 2
patternOpcodes = 4

targetMin = 0.000000f
targetMax = 6.283185f
target = 0.000001f

mode = FIRESTARTER_OPTIMIZE
evolveSeed = 0
optimizeSeed = 0
tests = 256
streams = 1
units = 1
states = 1
generations = 0
population = 65536
iterations = 64
passes = 512
candidates = 16
attempts = 0
optimize = 1

scale = 0.100000f
startScale = 3.000000f
startResult = 10.000000f

FIRESTARTER_OPTIMIZE: Seed=0  Test=45  Generation=  2 *Result=0.00052261  Best=0.00052261   Time=0.1  Run Time=276.7
FIRESTARTER_OPTIMIZE: Seed=0  Test=45  Generation=  3 *Result=0.00011463  Best=0.00011463   Time=0.1  Run Time=277.1
FIRESTARTER_OPTIMIZE: Seed=0  Test=45  Generation=  4 *Result=0.00000262  Best=0.00000262   Time=0.1  Run Time=277.6
FIRESTARTER_OPTIMIZE: Seed=0  Test=45  Generation=  5  Result=0.00009316  Best=0.00000262   Time=0.1  Run Time=278.0
FIRESTARTER_OPTIMIZE: Seed=0  Test=45  Generation=  6  Result=0.00614077  Best=0.00000262   Time=0.1  Run Time=278.5
FIRESTARTER_OPTIMIZE: Seed=0  Test=45  Generation=  7  Result=0.00079493  Best=0.00000262   Time=0.1  Run Time=278.9
FIRESTARTER_OPTIMIZE: Seed=0  Test=45  Generation=  8  Result=0.00228143  Best=0.00000262   Time=0.1  Run Time=279.4
FIRESTARTER_OPTIMIZE: Seed=0  Test=45  Generation=  9  Result=0.00613928  Best=0.00000262   Time=0.1  Run Time=279.8
FIRESTARTER_OPTIMIZE: Seed=0  Test=45  Generation= 10  Result=0.00006160  Best=0.00000262   Time=0.1  Run Time=280.3
FIRESTARTER_OPTIMIZE: Seed=0  Test=45  Generation= 11  Result=0.00010012  Best=0.00000262   Time=0.1  Run Time=280.8
FIRESTARTER_OPTIMIZE: Seed=0  Test=45  Generation= 12  Result=0.00036507  Best=0.00000262   Time=0.1  Run Time=281.2
FIRESTARTER_OPTIMIZE: Seed=0  Test=45  Generation= 13 *Result=0.00000012  Best=0.00000012   Time=0.1  Run Time=281.6
