CUDA devices = 1
Device 0: NVIDIA GeForce RTX 4090

variations = 1
instructions = 32
registers = 30
opcodes = 2
patternOpcodes = 4

targetMin = 0.000000f
targetMax = 6.283185f
target = 0.000001f

mode = FIRESTARTER_OPTIMIZE
evolveSeed = 1
optimizeSeed = 1
tests = 256
streams = 1
units = 1
states = 1
generations = 0
population = 65536
passes = 512
attempts = 0
optimize = 1

scale = 0.300000f
startScale = 2.500000f
startResult = 10.000000f

FIRESTARTER_OPTIMIZE: Seed=1  Test=24  Generation=  2 *Result=0.00024199  Best=0.00024199   Time=0.1  Run Time=63.8
FIRESTARTER_OPTIMIZE: Seed=1  Test=24  Generation=  3 *Result=0.00000948  Best=0.00000948   Time=0.1  Run Time=64.2
FIRESTARTER_OPTIMIZE: Seed=1  Test=24  Generation=  4  Result=0.00019195  Best=0.00000948   Time=0.1  Run Time=64.5
FIRESTARTER_OPTIMIZE: Seed=1  Test=24  Generation=  5  Result=0.00022286  Best=0.00000948   Time=0.1  Run Time=64.9
FIRESTARTER_OPTIMIZE: Seed=1  Test=24  Generation=  6  Result=0.00321478  Best=0.00000948   Time=0.1  Run Time=65.3
FIRESTARTER_OPTIMIZE: Seed=1  Test=24  Generation=  7 *Result=0.00000125  Best=0.00000125   Time=0.1  Run Time=65.7
FIRESTARTER_OPTIMIZE: Seed=1  Test=24  Generation=  8  Result=0.00003931  Best=0.00000125   Time=0.1  Run Time=66.0
FIRESTARTER_OPTIMIZE: Seed=1  Test=24  Generation=  9  Result=0.00024661  Best=0.00000125   Time=0.1  Run Time=66.4
FIRESTARTER_OPTIMIZE: Seed=1  Test=24  Generation= 10 *Result=0.00000014  Best=0.00000014   Time=0.1  Run Time=66.8
