CUDA devices = 1
Device 0: NVIDIA GeForce RTX 4090

variations = 1
samples = 15
instructions = 32
registers = 30
opcodes = 2
patternOpcodes = 4

targetMin = 0.000000f
targetMax = 6.283185f
target = 0.000001f

mode = FIRESTARTER_OPTIMIZE
evolveSeed = 0
optimizeSeed = 0
tests = 256
streams = 1
units = 1
states = 1
generations = 0
population = 65536
iterations = 64
passes = 512
candidates = 16
attempts = 0
optimize = 1

scale = 0.150000f
startScale = 2.500000f
startResult = 10.000000f

FIRESTARTER_OPTIMIZE: Seed=0  Test=59  Generation=  2 *Result=0.00006092  Best=0.00006092   Time=0.1  Run Time=293.8
FIRESTARTER_OPTIMIZE: Seed=0  Test=59  Generation=  3 *Result=0.00000123  Best=0.00000123   Time=0.1  Run Time=294.2
FIRESTARTER_OPTIMIZE: Seed=0  Test=59  Generation=  4  Result=0.00221282  Best=0.00000123   Time=0.1  Run Time=294.7
FIRESTARTER_OPTIMIZE: Seed=0  Test=59  Generation=  5  Result=0.00018076  Best=0.00000123   Time=0.1  Run Time=295.2
FIRESTARTER_OPTIMIZE: Seed=0  Test=59  Generation=  6  Result=0.00015416  Best=0.00000123   Time=0.1  Run Time=295.7
FIRESTARTER_OPTIMIZE: Seed=0  Test=59  Generation=  7  Result=0.00000259  Best=0.00000123   Time=0.1  Run Time=296.1
FIRESTARTER_OPTIMIZE: Seed=0  Test=59  Generation=  8  Result=0.00000871  Best=0.00000123   Time=0.1  Run Time=296.6
FIRESTARTER_OPTIMIZE: Seed=0  Test=59  Generation=  9  Result=0.00002301  Best=0.00000123   Time=0.1  Run Time=297.1
FIRESTARTER_OPTIMIZE: Seed=0  Test=59  Generation= 10 *Result=0.00000095  Best=0.00000095   Time=0.1  Run Time=297.6
