CUDA devices = 1
Device 0: NVIDIA GeForce RTX 4090

variations = 1
samples = 15
instructions = 28
registers = 28
opcodes = 2
patternOpcodes = 4

targetMin = 0.000000f
targetMax = 6.283185f
target = 0.000001f

mode = FIRESTARTER_OPTIMIZE
evolveSeed = 0
optimizeSeed = 0
tests = 256
streams = 1
units = 1
states = 1
generations = 0
population = 65536
iterations = 64
passes = 512
candidates = 16
attempts = 0
optimize = 1

scale = 0.300000f
startScale = 2.500000f
startResult = 10.000000f

FIRESTARTER_OPTIMIZE: Seed=0  Test=114  Generation=  2 *Result=0.00000860  Best=0.00000860   Time=0.1  Run Time=420.3
FIRESTARTER_OPTIMIZE: Seed=0  Test=114  Generation=  3  Result=0.00017899  Best=0.00000860   Time=0.1  Run Time=420.7
FIRESTARTER_OPTIMIZE: Seed=0  Test=114  Generation=  4  Result=0.00002897  Best=0.00000860   Time=0.1  Run Time=421.1
FIRESTARTER_OPTIMIZE: Seed=0  Test=114  Generation=  5  Result=0.00034657  Best=0.00000860   Time=0.1  Run Time=421.6
FIRESTARTER_OPTIMIZE: Seed=0  Test=114  Generation=  6  Result=0.00031233  Best=0.00000860   Time=0.1  Run Time=422.0
FIRESTARTER_OPTIMIZE: Seed=0  Test=114  Generation=  7 *Result=0.00000246  Best=0.00000246   Time=0.1  Run Time=422.4
FIRESTARTER_OPTIMIZE: Seed=0  Test=114  Generation=  8  Result=0.00005255  Best=0.00000246   Time=0.1  Run Time=422.8
FIRESTARTER_OPTIMIZE: Seed=0  Test=114  Generation=  9 *Result=0.00000229  Best=0.00000229   Time=0.1  Run Time=423.2
FIRESTARTER_OPTIMIZE: Seed=0  Test=114  Generation= 10  Result=0.00238550  Best=0.00000229   Time=0.1  Run Time=423.7
FIRESTARTER_OPTIMIZE: Seed=0  Test=114  Generation= 11  Result=0.00059092  Best=0.00000229   Time=0.1  Run Time=424.1
FIRESTARTER_OPTIMIZE: Seed=0  Test=114  Generation= 12  Result=0.00041100  Best=0.00000229   Time=0.1  Run Time=424.5
FIRESTARTER_OPTIMIZE: Seed=0  Test=114  Generation= 13  Result=0.00008431  Best=0.00000229   Time=0.1  Run Time=425.0
FIRESTARTER_OPTIMIZE: Seed=0  Test=114  Generation= 14 *Result=0.00000042  Best=0.00000042   Time=0.1  Run Time=425.4
