CUDA devices = 1
Device 0: NVIDIA GeForce RTX 4090

variations = 1
instructions = 32
registers = 30
opcodes = 2
patternOpcodes = 4

targetMin = 0.000000f
targetMax = 6.283185f
target = 0.000001f

mode = FIRESTARTER_OPTIMIZE
evolveSeed = 1
optimizeSeed = 1
tests = 256
streams = 1
units = 1
states = 1
generations = 0
population = 49152
passes = 384
attempts = 0
optimize = 1

scale = 0.300000f
startScale = 2.500000f
startResult = 10.000000f

FIRESTARTER_OPTIMIZE: Seed=1  Test=55  Generation=  2 *Result=0.00019580  Best=0.00019580   Time=0.1  Run Time=157.3
FIRESTARTER_OPTIMIZE: Seed=1  Test=55  Generation=  3  Result=0.00088227  Best=0.00019580   Time=0.1  Run Time=157.6
FIRESTARTER_OPTIMIZE: Seed=1  Test=55  Generation=  4 *Result=0.00016038  Best=0.00016038   Time=0.1  Run Time=158.0
FIRESTARTER_OPTIMIZE: Seed=1  Test=55  Generation=  5  Result=0.00188261  Best=0.00016038   Time=0.1  Run Time=158.3
FIRESTARTER_OPTIMIZE: Seed=1  Test=55  Generation=  6  Result=0.00021797  Best=0.00016038   Time=0.1  Run Time=158.7
FIRESTARTER_OPTIMIZE: Seed=1  Test=55  Generation=  7 *Result=0.00005060  Best=0.00005060   Time=0.1  Run Time=159.0
FIRESTARTER_OPTIMIZE: Seed=1  Test=55  Generation=  8 *Result=0.00001192  Best=0.00001192   Time=0.1  Run Time=159.3
FIRESTARTER_OPTIMIZE: Seed=1  Test=55  Generation=  9 *Result=0.00000033  Best=0.00000033   Time=0.1  Run Time=159.7
