CUDA devices = 1
Device 0: NVIDIA GeForce RTX 4090

variations = 1
samples = 15
instructions = 32
registers = 30
opcodes = 2
patternOpcodes = 4

targetMin = 0.000000f
targetMax = 6.283185f
target = 0.000001f

mode = FIRESTARTER_OPTIMIZE
evolveSeed = 0
optimizeSeed = 0
tests = 256
streams = 1
units = 1
states = 1
generations = 0
population = 65536
iterations = 64
passes = 512
candidates = 16
attempts = 0
optimize = 1

scale = 0.100000f
startScale = 3.000000f
startResult = 10.000000f

FIRESTARTER_OPTIMIZE: Seed=0  Test=139  Generation=  2 *Result=0.00020711  Best=0.00020711   Time=0.1  Run Time=917.1
FIRESTARTER_OPTIMIZE: Seed=0  Test=139  Generation=  3 *Result=0.00001198  Best=0.00001198   Time=0.1  Run Time=917.6
FIRESTARTER_OPTIMIZE: Seed=0  Test=139  Generation=  4  Result=0.00068011  Best=0.00001198   Time=0.1  Run Time=918.0
FIRESTARTER_OPTIMIZE: Seed=0  Test=139  Generation=  5  Result=0.00614158  Best=0.00001198   Time=0.1  Run Time=918.5
FIRESTARTER_OPTIMIZE: Seed=0  Test=139  Generation=  6 *Result=0.00000873  Best=0.00000873   Time=0.1  Run Time=918.9
FIRESTARTER_OPTIMIZE: Seed=0  Test=139  Generation=  7 *Result=0.00000103  Best=0.00000103   Time=0.1  Run Time=919.4
FIRESTARTER_OPTIMIZE: Seed=0  Test=139  Generation=  8  Result=0.00614228  Best=0.00000103   Time=0.1  Run Time=919.8
FIRESTARTER_OPTIMIZE: Seed=0  Test=139  Generation=  9 *Result=0.00000040  Best=0.00000040   Time=0.1  Run Time=920.3
