CUDA devices = 1
Device 0: NVIDIA GeForce RTX 4090

variations = 1
instructions = 32
registers = 30
opcodes = 2
patternOpcodes = 4

targetMin = 0.000000f
targetMax = 6.283185f
target = 0.000001f

mode = FIRESTARTER_OPTIMIZE
evolveSeed = 2
optimizeSeed = 2
tests = 256
streams = 1
units = 1
states = 1
generations = 0
population = 65536
passes = 384
attempts = 0
optimize = 1

scale = 0.300000f
startScale = 2.500000f
startResult = 10.000000f

FIRESTARTER_OPTIMIZE: Seed=2  Test=211  Generation=  2 *Result=0.00006275  Best=0.00006275   Time=0.1  Run Time=527.7
FIRESTARTER_OPTIMIZE: Seed=2  Test=211  Generation=  3  Result=0.00048709  Best=0.00006275   Time=0.1  Run Time=528.0
FIRESTARTER_OPTIMIZE: Seed=2  Test=211  Generation=  4 *Result=0.00000631  Best=0.00000631   Time=0.1  Run Time=528.3
FIRESTARTER_OPTIMIZE: Seed=2  Test=211  Generation=  5  Result=0.00009210  Best=0.00000631   Time=0.1  Run Time=528.6
FIRESTARTER_OPTIMIZE: Seed=2  Test=211  Generation=  6  Result=0.00010478  Best=0.00000631   Time=0.1  Run Time=528.9
FIRESTARTER_OPTIMIZE: Seed=2  Test=211  Generation=  7 *Result=0.00000246  Best=0.00000246   Time=0.1  Run Time=529.2
FIRESTARTER_OPTIMIZE: Seed=2  Test=211  Generation=  8  Result=0.00018110  Best=0.00000246   Time=0.1  Run Time=529.5
FIRESTARTER_OPTIMIZE: Seed=2  Test=211  Generation=  9  Result=0.00012812  Best=0.00000246   Time=0.1  Run Time=529.8
FIRESTARTER_OPTIMIZE: Seed=2  Test=211  Generation= 10  Result=0.00000754  Best=0.00000246   Time=0.1  Run Time=530.1
FIRESTARTER_OPTIMIZE: Seed=2  Test=211  Generation= 11  Result=0.00006372  Best=0.00000246   Time=0.1  Run Time=530.4
FIRESTARTER_OPTIMIZE: Seed=2  Test=211  Generation= 12 *Result=0.00000083  Best=0.00000083   Time=0.1  Run Time=530.7
