CUDA devices = 1
Device 0: NVIDIA GeForce RTX 4090

variations = 1
instructions = 32
registers = 30
opcodes = 2
patternOpcodes = 4

targetMin = 0.000000f
targetMax = 6.283185f
target = 0.000001f

mode = FIRESTARTER_OPTIMIZE
evolveSeed = 1
optimizeSeed = 1
tests = 256
streams = 1
units = 1
states = 1
generations = 0
population = 65536
passes = 384
attempts = 0
optimize = 1

scale = 0.300000f
startScale = 2.500000f
startResult = 10.000000f

FIRESTARTER_OPTIMIZE: Seed=1  Test=93  Generation=  2 *Result=0.00014225  Best=0.00014225   Time=0.1  Run Time=218.8
FIRESTARTER_OPTIMIZE: Seed=1  Test=93  Generation=  3  Result=0.00021283  Best=0.00014225   Time=0.1  Run Time=219.1
FIRESTARTER_OPTIMIZE: Seed=1  Test=93  Generation=  4  Result=0.00027630  Best=0.00014225   Time=0.1  Run Time=219.4
FIRESTARTER_OPTIMIZE: Seed=1  Test=93  Generation=  5  Result=0.00016579  Best=0.00014225   Time=0.1  Run Time=219.7
FIRESTARTER_OPTIMIZE: Seed=1  Test=93  Generation=  6  Result=0.00047442  Best=0.00014225   Time=0.1  Run Time=220.0
FIRESTARTER_OPTIMIZE: Seed=1  Test=93  Generation=  7 *Result=0.00001898  Best=0.00001898   Time=0.1  Run Time=220.3
FIRESTARTER_OPTIMIZE: Seed=1  Test=93  Generation=  8  Result=0.00016047  Best=0.00001898   Time=0.1  Run Time=220.6
FIRESTARTER_OPTIMIZE: Seed=1  Test=93  Generation=  9 *Result=0.00000344  Best=0.00000344   Time=0.1  Run Time=220.9
FIRESTARTER_OPTIMIZE: Seed=1  Test=93  Generation= 10  Result=0.00001163  Best=0.00000344   Time=0.1  Run Time=221.3
FIRESTARTER_OPTIMIZE: Seed=1  Test=93  Generation= 11 *Result=0.00000018  Best=0.00000018   Time=0.1  Run Time=221.6
