CUDA devices = 1
Device 0: NVIDIA GeForce RTX 4090

variations = 1
instructions = 32
registers = 30
opcodes = 2
patternOpcodes = 4

targetMin = 0.000000f
targetMax = 6.283185f
target = 0.000001f

mode = FIRESTARTER_OPTIMIZE
evolveSeed = 0
optimizeSeed = 0
tests = 256
streams = 1
units = 1
states = 1
generations = 0
population = 65536
passes = 384
attempts = 0
optimize = 1

scale = 0.300000f
startScale = 2.500000f
startResult = 10.000000f

FIRESTARTER_OPTIMIZE: Seed=0  Test=220  Generation=  2 *Result=0.00000338  Best=0.00000338   Time=0.1  Run Time=539.8
FIRESTARTER_OPTIMIZE: Seed=0  Test=220  Generation=  3  Result=0.00015773  Best=0.00000338   Time=0.1  Run Time=540.1
FIRESTARTER_OPTIMIZE: Seed=0  Test=220  Generation=  4  Result=0.00005020  Best=0.00000338   Time=0.1  Run Time=540.4
FIRESTARTER_OPTIMIZE: Seed=0  Test=220  Generation=  5  Result=0.00064123  Best=0.00000338   Time=0.1  Run Time=540.7
FIRESTARTER_OPTIMIZE: Seed=0  Test=220  Generation=  6 *Result=0.00000097  Best=0.00000097   Time=0.1  Run Time=541.1
