CUDA devices = 1
Device 0: NVIDIA GeForce RTX 4090

variations = 1
samples = 15
instructions = 32
registers = 30
opcodes = 2
patternOpcodes = 4

targetMin = 0.000000f
targetMax = 6.283185f
target = 0.000001f

mode = FIRESTARTER_OPTIMIZE
evolveSeed = 0
optimizeSeed = 0
tests = 256
streams = 1
units = 1
states = 1
generations = 0
population = 65536
iterations = 64
passes = 512
candidates = 16
attempts = 0
optimize = 1

scale = 0.300000f
startScale = 2.500000f
startResult = 10.000000f

FIRESTARTER_OPTIMIZE: Seed=0  Test=158  Generation=  2 *Result=0.00001138  Best=0.00001138   Time=0.1  Run Time=650.0
FIRESTARTER_OPTIMIZE: Seed=0  Test=158  Generation=  3  Result=0.00021431  Best=0.00001138   Time=0.1  Run Time=650.5
FIRESTARTER_OPTIMIZE: Seed=0  Test=158  Generation=  4 *Result=0.00000644  Best=0.00000644   Time=0.1  Run Time=651.0
FIRESTARTER_OPTIMIZE: Seed=0  Test=158  Generation=  5  Result=0.00003855  Best=0.00000644   Time=0.1  Run Time=651.4
FIRESTARTER_OPTIMIZE: Seed=0  Test=158  Generation=  6  Result=0.00004035  Best=0.00000644   Time=0.1  Run Time=651.9
FIRESTARTER_OPTIMIZE: Seed=0  Test=158  Generation=  7  Result=0.00004892  Best=0.00000644   Time=0.1  Run Time=652.4
FIRESTARTER_OPTIMIZE: Seed=0  Test=158  Generation=  8  Result=0.00054926  Best=0.00000644   Time=0.1  Run Time=652.9
FIRESTARTER_OPTIMIZE: Seed=0  Test=158  Generation=  9 *Result=0.00000221  Best=0.00000221   Time=0.1  Run Time=653.3
FIRESTARTER_OPTIMIZE: Seed=0  Test=158  Generation= 10 *Result=0.00000089  Best=0.00000089   Time=0.1  Run Time=653.8
