CUDA devices = 1
Device 0: NVIDIA GeForce RTX 4090

variations = 1
samples = 15
instructions = 32
registers = 30
opcodes = 2
patternOpcodes = 4

targetMin = 0.000000f
targetMax = 6.283185f
target = 0.000001f

mode = FIRESTARTER_OPTIMIZE
evolveSeed = 0
optimizeSeed = 0
tests = 256
streams = 1
units = 1
states = 1
generations = 0
population = 65536
iterations = 64
passes = 512
candidates = 16
attempts = 0
optimize = 1

scale = 0.300000f
startScale = 2.500000f
startResult = 10.000000f

FIRESTARTER_OPTIMIZE: Seed=0  Test=200  Generation=  2 *Result=0.00008467  Best=0.00008467   Time=0.1  Run Time=844.7
FIRESTARTER_OPTIMIZE: Seed=0  Test=200  Generation=  3  Result=0.00139484  Best=0.00008467   Time=0.1  Run Time=845.2
FIRESTARTER_OPTIMIZE: Seed=0  Test=200  Generation=  4  Result=0.00016287  Best=0.00008467   Time=0.1  Run Time=845.6
FIRESTARTER_OPTIMIZE: Seed=0  Test=200  Generation=  5  Result=0.00034037  Best=0.00008467   Time=0.1  Run Time=846.1
FIRESTARTER_OPTIMIZE: Seed=0  Test=200  Generation=  6  Result=0.00014449  Best=0.00008467   Time=0.1  Run Time=846.6
FIRESTARTER_OPTIMIZE: Seed=0  Test=200  Generation=  7 *Result=0.00000131  Best=0.00000131   Time=0.1  Run Time=847.1
FIRESTARTER_OPTIMIZE: Seed=0  Test=200  Generation=  8  Result=0.00027034  Best=0.00000131   Time=0.1  Run Time=847.5
FIRESTARTER_OPTIMIZE: Seed=0  Test=200  Generation=  9  Result=0.00000342  Best=0.00000131   Time=0.1  Run Time=848.0
FIRESTARTER_OPTIMIZE: Seed=0  Test=200  Generation= 10  Result=0.00000855  Best=0.00000131   Time=0.1  Run Time=848.5
FIRESTARTER_OPTIMIZE: Seed=0  Test=200  Generation= 11  Result=0.00000320  Best=0.00000131   Time=0.1  Run Time=849.0
FIRESTARTER_OPTIMIZE: Seed=0  Test=200  Generation= 12  Result=0.00001575  Best=0.00000131   Time=0.1  Run Time=849.5
FIRESTARTER_OPTIMIZE: Seed=0  Test=200  Generation= 13 *Result=0.00000009  Best=0.00000009   Time=0.1  Run Time=849.9
