CUDA devices = 1
Device 0: NVIDIA GeForce RTX 4090

variations = 1
instructions = 32
registers = 30
opcodes = 2
patternOpcodes = 4

targetMin = 0.000000f
targetMax = 6.283185f
target = 0.000001f

mode = FIRESTARTER_OPTIMIZE
evolveSeed = 1
optimizeSeed = 1
tests = 256
streams = 1
units = 1
states = 1
generations = 0
population = 49152
passes = 384
attempts = 0
optimize = 1

scale = 0.300000f
startScale = 2.500000f
startResult = 10.000000f

FIRESTARTER_OPTIMIZE: Seed=1  Test=230  Generation=  2 *Result=0.00015891  Best=0.00015891   Time=0.1  Run Time=675.1
FIRESTARTER_OPTIMIZE: Seed=1  Test=230  Generation=  3  Result=0.00021529  Best=0.00015891   Time=0.1  Run Time=675.4
FIRESTARTER_OPTIMIZE: Seed=1  Test=230  Generation=  4 *Result=0.00000214  Best=0.00000214   Time=0.1  Run Time=675.7
FIRESTARTER_OPTIMIZE: Seed=1  Test=230  Generation=  5  Result=0.00066735  Best=0.00000214   Time=0.1  Run Time=676.0
FIRESTARTER_OPTIMIZE: Seed=1  Test=230  Generation=  6  Result=0.00012948  Best=0.00000214   Time=0.1  Run Time=676.3
FIRESTARTER_OPTIMIZE: Seed=1  Test=230  Generation=  7  Result=0.00005246  Best=0.00000214   Time=0.1  Run Time=676.6
FIRESTARTER_OPTIMIZE: Seed=1  Test=230  Generation=  8  Result=0.00005496  Best=0.00000214   Time=0.1  Run Time=676.9
FIRESTARTER_OPTIMIZE: Seed=1  Test=230  Generation=  9  Result=0.00064122  Best=0.00000214   Time=0.1  Run Time=677.3
FIRESTARTER_OPTIMIZE: Seed=1  Test=230  Generation= 10 *Result=0.00000007  Best=0.00000007   Time=0.1  Run Time=677.6
