CUDA devices = 1
Device 0: NVIDIA GeForce RTX 4090

variations = 1
instructions = 32
registers = 30
opcodes = 2
patternOpcodes = 4

targetMin = 0.000000f
targetMax = 6.283185f
target = 0.000001f

mode = FIRESTARTER_OPTIMIZE
evolveSeed = 1
optimizeSeed = 1
tests = 256
streams = 1
units = 1
states = 1
generations = 0
population = 65536
passes = 512
attempts = 0
optimize = 1

scale = 0.300000f
startScale = 2.500000f
startResult = 10.000000f

FIRESTARTER_OPTIMIZE: Seed=1  Test=162  Generation=  2 *Result=0.00020209  Best=0.00020209   Time=0.1  Run Time=493.1
FIRESTARTER_OPTIMIZE: Seed=1  Test=162  Generation=  3 *Result=0.00004054  Best=0.00004054   Time=0.1  Run Time=493.4
FIRESTARTER_OPTIMIZE: Seed=1  Test=162  Generation=  4  Result=0.00031666  Best=0.00004054   Time=0.1  Run Time=493.8
FIRESTARTER_OPTIMIZE: Seed=1  Test=162  Generation=  5  Result=0.00006366  Best=0.00004054   Time=0.1  Run Time=494.3
FIRESTARTER_OPTIMIZE: Seed=1  Test=162  Generation=  6  Result=0.00010925  Best=0.00004054   Time=0.1  Run Time=494.6
FIRESTARTER_OPTIMIZE: Seed=1  Test=162  Generation=  7  Result=0.00033686  Best=0.00004054   Time=0.1  Run Time=495.0
FIRESTARTER_OPTIMIZE: Seed=1  Test=162  Generation=  8 *Result=0.00001466  Best=0.00001466   Time=0.1  Run Time=495.5
FIRESTARTER_OPTIMIZE: Seed=1  Test=162  Generation=  9 *Result=0.00000245  Best=0.00000245   Time=0.1  Run Time=495.9
FIRESTARTER_OPTIMIZE: Seed=1  Test=162  Generation= 10  Result=0.00005984  Best=0.00000245   Time=0.1  Run Time=496.3
FIRESTARTER_OPTIMIZE: Seed=1  Test=162  Generation= 11 *Result=0.00000024  Best=0.00000024   Time=0.1  Run Time=496.7
