CUDA devices = 1
Device 0: NVIDIA GeForce RTX 4090

variations = 1
instructions = 32
registers = 30
opcodes = 2
patternOpcodes = 4

targetMin = 0.000000f
targetMax = 6.283185f
target = 0.000001f

mode = FIRESTARTER_OPTIMIZE
evolveSeed = 0
optimizeSeed = 0
tests = 256
streams = 1
units = 1
states = 1
generations = 0
population = 65536
passes = 512
attempts = 0
optimize = 1

scale = 0.300000f
startScale = 2.500000f
startResult = 10.000000f

FIRESTARTER_OPTIMIZE: Seed=0  Test=101  Generation=  2 *Result=0.00006010  Best=0.00006010   Time=0.1  Run Time=287.2
FIRESTARTER_OPTIMIZE: Seed=0  Test=101  Generation=  3  Result=0.00007100  Best=0.00006010   Time=0.1  Run Time=287.6
FIRESTARTER_OPTIMIZE: Seed=0  Test=101  Generation=  4  Result=0.00020422  Best=0.00006010   Time=0.1  Run Time=288.0
FIRESTARTER_OPTIMIZE: Seed=0  Test=101  Generation=  5 *Result=0.00000322  Best=0.00000322   Time=0.1  Run Time=288.3
FIRESTARTER_OPTIMIZE: Seed=0  Test=101  Generation=  6 *Result=0.00000119  Best=0.00000119   Time=0.1  Run Time=288.7
FIRESTARTER_OPTIMIZE: Seed=0  Test=101  Generation=  7 *Result=0.00000080  Best=0.00000080   Time=0.1  Run Time=289.1
