CUDA devices = 1
Device 0: NVIDIA GeForce RTX 4090

variations = 1
samples = 15
instructions = 32
registers = 30
opcodes = 2
patternOpcodes = 4

targetMin = 0.000000f
targetMax = 6.283185f
target = 0.000001f

mode = FIRESTARTER_OPTIMIZE
evolveSeed = 0
optimizeSeed = 0
tests = 256
streams = 1
units = 1
states = 1
generations = 0
population = 65536
iterations = 64
passes = 512
candidates = 16
attempts = 0
optimize = 1

scale = 0.200000f
startScale = 2.500000f
startResult = 10.000000f

FIRESTARTER_OPTIMIZE: Seed=0  Test=154  Generation=  2 *Result=0.00000437  Best=0.00000437   Time=0.1  Run Time=663.8
FIRESTARTER_OPTIMIZE: Seed=0  Test=154  Generation=  3  Result=0.00002682  Best=0.00000437   Time=0.1  Run Time=664.2
FIRESTARTER_OPTIMIZE: Seed=0  Test=154  Generation=  4  Result=0.00026247  Best=0.00000437   Time=0.1  Run Time=664.7
FIRESTARTER_OPTIMIZE: Seed=0  Test=154  Generation=  5 *Result=0.00000259  Best=0.00000259   Time=0.1  Run Time=665.1
FIRESTARTER_OPTIMIZE: Seed=0  Test=154  Generation=  6  Result=0.00000343  Best=0.00000259   Time=0.1  Run Time=665.5
FIRESTARTER_OPTIMIZE: Seed=0  Test=154  Generation=  7  Result=0.00036495  Best=0.00000259   Time=0.1  Run Time=666.0
FIRESTARTER_OPTIMIZE: Seed=0  Test=154  Generation=  8  Result=0.00053308  Best=0.00000259   Time=0.1  Run Time=666.4
FIRESTARTER_OPTIMIZE: Seed=0  Test=154  Generation=  9 *Result=0.00000032  Best=0.00000032   Time=0.1  Run Time=666.9
