CUDA devices = 1
Device 0: NVIDIA GeForce RTX 4090

variations = 1
samples = 15
instructions = 30
registers = 30
opcodes = 2
patternOpcodes = 4

targetMin = 0.000000f
targetMax = 6.283185f
target = 0.000001f

mode = FIRESTARTER_OPTIMIZE
evolveSeed = 0
optimizeSeed = 0
tests = 256
streams = 1
units = 1
states = 1
generations = 0
population = 65536
iterations = 64
passes = 512
candidates = 16
attempts = 0
optimize = 1

scale = 0.300000f
startScale = 2.500000f
startResult = 10.000000f

FIRESTARTER_OPTIMIZE: Seed=0  Test=103  Generation=  2 *Result=0.00001442  Best=0.00001442   Time=0.1  Run Time=344.5
FIRESTARTER_OPTIMIZE: Seed=0  Test=103  Generation=  3 *Result=0.00000501  Best=0.00000501   Time=0.1  Run Time=344.9
FIRESTARTER_OPTIMIZE: Seed=0  Test=103  Generation=  4  Result=0.00102736  Best=0.00000501   Time=0.1  Run Time=345.3
FIRESTARTER_OPTIMIZE: Seed=0  Test=103  Generation=  5  Result=0.00000734  Best=0.00000501   Time=0.1  Run Time=345.8
FIRESTARTER_OPTIMIZE: Seed=0  Test=103  Generation=  6  Result=0.00005653  Best=0.00000501   Time=0.1  Run Time=346.2
FIRESTARTER_OPTIMIZE: Seed=0  Test=103  Generation=  7  Result=0.00003189  Best=0.00000501   Time=0.1  Run Time=346.7
FIRESTARTER_OPTIMIZE: Seed=0  Test=103  Generation=  8  Result=0.00009415  Best=0.00000501   Time=0.1  Run Time=347.1
FIRESTARTER_OPTIMIZE: Seed=0  Test=103  Generation=  9  Result=0.00002870  Best=0.00000501   Time=0.1  Run Time=347.5
FIRESTARTER_OPTIMIZE: Seed=0  Test=103  Generation= 10  Result=0.00221825  Best=0.00000501   Time=0.1  Run Time=347.9
FIRESTARTER_OPTIMIZE: Seed=0  Test=103  Generation= 11  Result=0.00004610  Best=0.00000501   Time=0.1  Run Time=348.4
FIRESTARTER_OPTIMIZE: Seed=0  Test=103  Generation= 12 *Result=0.00000134  Best=0.00000134   Time=0.1  Run Time=348.8
FIRESTARTER_OPTIMIZE: Seed=0  Test=103  Generation= 13  Result=0.00068450  Best=0.00000134   Time=0.1  Run Time=349.2
FIRESTARTER_OPTIMIZE: Seed=0  Test=103  Generation= 14 *Result=0.00000030  Best=0.00000030   Time=0.1  Run Time=349.7
