CUDA devices = 1
Device 0: NVIDIA GeForce RTX 4090

variations = 1
samples = 15
instructions = 32
registers = 30
opcodes = 2
patternOpcodes = 4

targetMin = 0.000000f
targetMax = 6.283185f
target = 0.000001f

mode = FIRESTARTER_OPTIMIZE
evolveSeed = 0
optimizeSeed = 0
tests = 256
streams = 1
units = 1
states = 1
generations = 0
population = 65536
iterations = 64
passes = 512
candidates = 16
attempts = 0
optimize = 1

scale = 0.150000f
startScale = 2.500000f
startResult = 10.000000f

FIRESTARTER_OPTIMIZE: Seed=0  Test=137  Generation=  2 *Result=0.00026334  Best=0.00026334   Time=0.1  Run Time=636.9
FIRESTARTER_OPTIMIZE: Seed=0  Test=137  Generation=  3 *Result=0.00023534  Best=0.00023534   Time=0.1  Run Time=637.4
FIRESTARTER_OPTIMIZE: Seed=0  Test=137  Generation=  4 *Result=0.00001478  Best=0.00001478   Time=0.1  Run Time=637.9
FIRESTARTER_OPTIMIZE: Seed=0  Test=137  Generation=  5  Result=0.00143230  Best=0.00001478   Time=0.1  Run Time=638.4
FIRESTARTER_OPTIMIZE: Seed=0  Test=137  Generation=  6  Result=0.00005478  Best=0.00001478   Time=0.1  Run Time=638.8
FIRESTARTER_OPTIMIZE: Seed=0  Test=137  Generation=  7  Result=0.00049688  Best=0.00001478   Time=0.1  Run Time=639.3
FIRESTARTER_OPTIMIZE: Seed=0  Test=137  Generation=  8  Result=0.00008148  Best=0.00001478   Time=0.1  Run Time=639.8
FIRESTARTER_OPTIMIZE: Seed=0  Test=137  Generation=  9 *Result=0.00000285  Best=0.00000285   Time=0.1  Run Time=640.2
FIRESTARTER_OPTIMIZE: Seed=0  Test=137  Generation= 10 *Result=0.00000077  Best=0.00000077   Time=0.1  Run Time=640.7
