CUDA devices = 1
Device 0: NVIDIA GeForce RTX 4090

variations = 1
instructions = 32
registers = 30
opcodes = 2
patternOpcodes = 4

targetMin = 0.000000f
targetMax = 6.283185f
target = 0.000001f

mode = FIRESTARTER_OPTIMIZE
evolveSeed = 0
optimizeSeed = 0
tests = 256
streams = 1
units = 1
states = 1
generations = 0
population = 49152
passes = 256
attempts = 0
optimize = 1

scale = 0.300000f
startScale = 2.500000f
startResult = 10.000000f

FIRESTARTER_OPTIMIZE: Seed=0  Test=192  Generation=  2 *Result=0.00020313  Best=0.00020313   Time=0.1  Run Time=596.1
FIRESTARTER_OPTIMIZE: Seed=0  Test=192  Generation=  3 *Result=0.00001139  Best=0.00001139   Time=0.1  Run Time=596.4
FIRESTARTER_OPTIMIZE: Seed=0  Test=192  Generation=  4  Result=0.00005740  Best=0.00001139   Time=0.1  Run Time=596.7
FIRESTARTER_OPTIMIZE: Seed=0  Test=192  Generation=  5 *Result=0.00000444  Best=0.00000444   Time=0.1  Run Time=597.1
FIRESTARTER_OPTIMIZE: Seed=0  Test=192  Generation=  6  Result=0.00003184  Best=0.00000444   Time=0.1  Run Time=597.3
FIRESTARTER_OPTIMIZE: Seed=0  Test=192  Generation=  7  Result=0.00006018  Best=0.00000444   Time=0.1  Run Time=597.6
FIRESTARTER_OPTIMIZE: Seed=0  Test=192  Generation=  8  Result=0.00006283  Best=0.00000444   Time=0.1  Run Time=598.0
FIRESTARTER_OPTIMIZE: Seed=0  Test=192  Generation=  9  Result=0.00005438  Best=0.00000444   Time=0.0  Run Time=598.3
FIRESTARTER_OPTIMIZE: Seed=0  Test=192  Generation= 10 *Result=0.00000064  Best=0.00000064   Time=0.1  Run Time=598.6
