CUDA devices = 1
Device 0: NVIDIA GeForce RTX 4090

variations = 1
instructions = 32
registers = 30
opcodes = 2
patternOpcodes = 4

targetMin = 0.000000f
targetMax = 6.283185f
target = 0.000001f

mode = FIRESTARTER_OPTIMIZE
evolveSeed = 0
optimizeSeed = 0
tests = 256
streams = 1
units = 1
states = 1
generations = 0
population = 49152
passes = 512
attempts = 0
optimize = 1

scale = 0.300000f
startScale = 2.500000f
startResult = 10.000000f

FIRESTARTER_OPTIMIZE: Seed=0  Test=250  Generation=  2 *Result=0.00000188  Best=0.00000188   Time=0.1  Run Time=675.6
FIRESTARTER_OPTIMIZE: Seed=0  Test=250  Generation=  3 *Result=0.00000117  Best=0.00000117   Time=0.1  Run Time=675.9
FIRESTARTER_OPTIMIZE: Seed=0  Test=250  Generation=  4  Result=0.00023423  Best=0.00000117   Time=0.1  Run Time=676.3
FIRESTARTER_OPTIMIZE: Seed=0  Test=250  Generation=  5  Result=0.00016148  Best=0.00000117   Time=0.1  Run Time=676.7
FIRESTARTER_OPTIMIZE: Seed=0  Test=250  Generation=  6  Result=0.00009868  Best=0.00000117   Time=0.1  Run Time=677.1
FIRESTARTER_OPTIMIZE: Seed=0  Test=250  Generation=  7  Result=0.00020438  Best=0.00000117   Time=0.1  Run Time=677.5
FIRESTARTER_OPTIMIZE: Seed=0  Test=250  Generation=  8  Result=0.00043164  Best=0.00000117   Time=0.1  Run Time=678.0
FIRESTARTER_OPTIMIZE: Seed=0  Test=250  Generation=  9  Result=0.00003048  Best=0.00000117   Time=0.1  Run Time=678.4
FIRESTARTER_OPTIMIZE: Seed=0  Test=250  Generation= 10  Result=0.00000692  Best=0.00000117   Time=0.1  Run Time=678.8
FIRESTARTER_OPTIMIZE: Seed=0  Test=250  Generation= 11  Result=0.00265557  Best=0.00000117   Time=0.1  Run Time=679.2
FIRESTARTER_OPTIMIZE: Seed=0  Test=250  Generation= 12 *Result=0.00000028  Best=0.00000028   Time=0.1  Run Time=679.6
