CUDA devices = 1
Device 0: NVIDIA GeForce RTX 4090

variations = 1
samples = 15
instructions = 32
registers = 30
opcodes = 2
patternOpcodes = 4

targetMin = 0.000000f
targetMax = 6.283185f
target = 0.000001f

mode = FIRESTARTER_OPTIMIZE
evolveSeed = 0
optimizeSeed = 0
tests = 256
streams = 1
units = 1
states = 1
generations = 0
population = 65536
iterations = 64
passes = 512
candidates = 16
attempts = 0
optimize = 1

scale = 0.200000f
startScale = 2.500000f
startResult = 10.000000f

FIRESTARTER_OPTIMIZE: Seed=0  Test=22  Generation=  2 *Result=0.00014722  Best=0.00014722   Time=0.1  Run Time=104.1
FIRESTARTER_OPTIMIZE: Seed=0  Test=22  Generation=  3  Result=0.00097105  Best=0.00014722   Time=0.1  Run Time=104.6
FIRESTARTER_OPTIMIZE: Seed=0  Test=22  Generation=  4 *Result=0.00000821  Best=0.00000821   Time=0.1  Run Time=105.0
FIRESTARTER_OPTIMIZE: Seed=0  Test=22  Generation=  5  Result=0.00026001  Best=0.00000821   Time=0.1  Run Time=105.4
FIRESTARTER_OPTIMIZE: Seed=0  Test=22  Generation=  6  Result=0.00001550  Best=0.00000821   Time=0.1  Run Time=105.9
FIRESTARTER_OPTIMIZE: Seed=0  Test=22  Generation=  7  Result=0.00018217  Best=0.00000821   Time=0.1  Run Time=106.3
FIRESTARTER_OPTIMIZE: Seed=0  Test=22  Generation=  8  Result=0.00001514  Best=0.00000821   Time=0.1  Run Time=106.8
FIRESTARTER_OPTIMIZE: Seed=0  Test=22  Generation=  9  Result=0.00072426  Best=0.00000821   Time=0.1  Run Time=107.2
FIRESTARTER_OPTIMIZE: Seed=0  Test=22  Generation= 10  Result=0.00614429  Best=0.00000821   Time=0.1  Run Time=107.7
FIRESTARTER_OPTIMIZE: Seed=0  Test=22  Generation= 11  Result=0.00018489  Best=0.00000821   Time=0.1  Run Time=108.1
FIRESTARTER_OPTIMIZE: Seed=0  Test=22  Generation= 12  Result=0.00015771  Best=0.00000821   Time=0.1  Run Time=108.6
FIRESTARTER_OPTIMIZE: Seed=0  Test=22  Generation= 13 *Result=0.00000229  Best=0.00000229   Time=0.1  Run Time=109.0
FIRESTARTER_OPTIMIZE: Seed=0  Test=22  Generation= 14 *Result=0.00000012  Best=0.00000012   Time=0.1  Run Time=109.5
