CUDA devices = 1
Device 0: NVIDIA GeForce RTX 4090

variations = 1
instructions = 32
registers = 30
opcodes = 2
patternOpcodes = 4

targetMin = 0.000000f
targetMax = 6.283185f
target = 0.000001f

mode = FIRESTARTER_OPTIMIZE
evolveSeed = 2
optimizeSeed = 2
tests = 256
streams = 1
units = 1
states = 1
generations = 0
population = 65536
passes = 384
attempts = 0
optimize = 1

scale = 0.300000f
startScale = 2.500000f
startResult = 10.000000f

FIRESTARTER_OPTIMIZE: Seed=2  Test=192  Generation=  2 *Result=0.00020757  Best=0.00020757   Time=0.1  Run Time=725.6
FIRESTARTER_OPTIMIZE: Seed=2  Test=192  Generation=  3 *Result=0.00000475  Best=0.00000475   Time=0.1  Run Time=726.0
FIRESTARTER_OPTIMIZE: Seed=2  Test=192  Generation=  4  Result=0.00004816  Best=0.00000475   Time=0.1  Run Time=726.5
FIRESTARTER_OPTIMIZE: Seed=2  Test=192  Generation=  5 *Result=0.00000321  Best=0.00000321   Time=0.1  Run Time=727.0
FIRESTARTER_OPTIMIZE: Seed=2  Test=192  Generation=  6  Result=0.00003160  Best=0.00000321   Time=0.1  Run Time=727.5
FIRESTARTER_OPTIMIZE: Seed=2  Test=192  Generation=  7  Result=0.00004905  Best=0.00000321   Time=0.1  Run Time=727.9
FIRESTARTER_OPTIMIZE: Seed=2  Test=192  Generation=  8  Result=0.00009057  Best=0.00000321   Time=0.1  Run Time=728.4
FIRESTARTER_OPTIMIZE: Seed=2  Test=192  Generation=  9  Result=0.00001973  Best=0.00000321   Time=0.1  Run Time=728.8
FIRESTARTER_OPTIMIZE: Seed=2  Test=192  Generation= 10 *Result=0.00000074  Best=0.00000074   Time=0.1  Run Time=729.3
