CUDA devices = 1
Device 0: NVIDIA GeForce RTX 4090

variations = 1
instructions = 32
registers = 30
opcodes = 2
patternOpcodes = 4

targetMin = 0.000000f
targetMax = 6.283185f
target = 0.000001f

mode = FIRESTARTER_OPTIMIZE
evolveSeed = 0
optimizeSeed = 0
tests = 256
streams = 1
units = 1
states = 1
generations = 0
population = 65536
passes = 512
attempts = 0
optimize = 1

scale = 0.300000f
startScale = 2.500000f
startResult = 10.000000f

FIRESTARTER_OPTIMIZE: Seed=0  Test=38  Generation=  2 *Result=0.00143356  Best=0.00143356   Time=0.1  Run Time=82.9
FIRESTARTER_OPTIMIZE: Seed=0  Test=38  Generation=  3 *Result=0.00002530  Best=0.00002530   Time=0.1  Run Time=83.3
FIRESTARTER_OPTIMIZE: Seed=0  Test=38  Generation=  4  Result=0.00143352  Best=0.00002530   Time=0.1  Run Time=83.7
FIRESTARTER_OPTIMIZE: Seed=0  Test=38  Generation=  5  Result=0.00258733  Best=0.00002530   Time=0.1  Run Time=84.1
FIRESTARTER_OPTIMIZE: Seed=0  Test=38  Generation=  6  Result=0.00005263  Best=0.00002530   Time=0.1  Run Time=84.5
FIRESTARTER_OPTIMIZE: Seed=0  Test=38  Generation=  7  Result=0.00290017  Best=0.00002530   Time=0.1  Run Time=84.8
FIRESTARTER_OPTIMIZE: Seed=0  Test=38  Generation=  8  Result=0.00038151  Best=0.00002530   Time=0.1  Run Time=85.2
FIRESTARTER_OPTIMIZE: Seed=0  Test=38  Generation=  9  Result=0.00026307  Best=0.00002530   Time=0.1  Run Time=85.6
FIRESTARTER_OPTIMIZE: Seed=0  Test=38  Generation= 10  Result=0.00003900  Best=0.00002530   Time=0.1  Run Time=86.0
FIRESTARTER_OPTIMIZE: Seed=0  Test=38  Generation= 11 *Result=0.00000030  Best=0.00000030   Time=0.1  Run Time=86.4
