CUDA devices = 1
Device 0: NVIDIA GeForce RTX 4090

variations = 1
samples = 15
instructions = 32
registers = 30
opcodes = 2
patternOpcodes = 4

targetMin = 0.000000f
targetMax = 6.283185f
target = 0.000001f

mode = FIRESTARTER_OPTIMIZE
evolveSeed = 0
optimizeSeed = 0
tests = 256
streams = 1
units = 1
states = 1
generations = 0
population = 65536
iterations = 64
passes = 512
candidates = 16
attempts = 0
optimize = 1

scale = 0.100000f
startScale = 2.500000f
startResult = 10.000000f

FIRESTARTER_OPTIMIZE: Seed=0  Test=113  Generation=  2 *Result=0.00013387  Best=0.00013387   Time=0.1  Run Time=677.9
FIRESTARTER_OPTIMIZE: Seed=0  Test=113  Generation=  3 *Result=0.00002432  Best=0.00002432   Time=0.1  Run Time=678.4
FIRESTARTER_OPTIMIZE: Seed=0  Test=113  Generation=  4  Result=0.00024951  Best=0.00002432   Time=0.1  Run Time=678.8
FIRESTARTER_OPTIMIZE: Seed=0  Test=113  Generation=  5 *Result=0.00000165  Best=0.00000165   Time=0.1  Run Time=679.3
FIRESTARTER_OPTIMIZE: Seed=0  Test=113  Generation=  6  Result=0.00014834  Best=0.00000165   Time=0.1  Run Time=679.7
FIRESTARTER_OPTIMIZE: Seed=0  Test=113  Generation=  7  Result=0.00032388  Best=0.00000165   Time=0.1  Run Time=680.2
FIRESTARTER_OPTIMIZE: Seed=0  Test=113  Generation=  8 *Result=0.00000034  Best=0.00000034   Time=0.1  Run Time=680.6
