CUDA devices = 1
Device 0: NVIDIA GeForce RTX 4090

variations = 1
instructions = 32
registers = 30
opcodes = 2
patternOpcodes = 4

targetMin = 0.000000f
targetMax = 6.283185f
target = 0.000001f

mode = FIRESTARTER_OPTIMIZE
evolveSeed = 0
optimizeSeed = 0
tests = 256
streams = 1
units = 1
states = 1
generations = 0
population = 32768
passes = 512
attempts = 0
optimize = 1

scale = 0.300000f
startScale = 2.500000f
startResult = 10.000000f

FIRESTARTER_OPTIMIZE: Seed=0  Test=140  Generation=  2 *Result=0.00044224  Best=0.00044224   Time=0.1  Run Time=403.7
FIRESTARTER_OPTIMIZE: Seed=0  Test=140  Generation=  3  Result=0.00182153  Best=0.00044224   Time=0.1  Run Time=404.0
FIRESTARTER_OPTIMIZE: Seed=0  Test=140  Generation=  4 *Result=0.00005826  Best=0.00005826   Time=0.1  Run Time=404.3
FIRESTARTER_OPTIMIZE: Seed=0  Test=140  Generation=  5  Result=0.00143614  Best=0.00005826   Time=0.1  Run Time=404.6
FIRESTARTER_OPTIMIZE: Seed=0  Test=140  Generation=  6 *Result=0.00000940  Best=0.00000940   Time=0.1  Run Time=404.9
FIRESTARTER_OPTIMIZE: Seed=0  Test=140  Generation=  7  Result=0.00029231  Best=0.00000940   Time=0.1  Run Time=405.2
FIRESTARTER_OPTIMIZE: Seed=0  Test=140  Generation=  8  Result=0.00024974  Best=0.00000940   Time=0.1  Run Time=405.5
FIRESTARTER_OPTIMIZE: Seed=0  Test=140  Generation=  9 *Result=0.00000135  Best=0.00000135   Time=0.1  Run Time=405.8
FIRESTARTER_OPTIMIZE: Seed=0  Test=140  Generation= 10 *Result=0.00000034  Best=0.00000034   Time=0.1  Run Time=406.1
