CUDA devices = 1
Device 0: NVIDIA GeForce RTX 4090

variations = 1
samples = 15
instructions = 30
registers = 30
opcodes = 2
patternOpcodes = 4

targetMin = 0.000000f
targetMax = 6.283185f
target = 0.000001f

mode = FIRESTARTER_OPTIMIZE
evolveSeed = 0
optimizeSeed = 0
tests = 256
streams = 1
units = 1
states = 1
generations = 0
population = 65536
iterations = 64
passes = 512
candidates = 16
attempts = 0
optimize = 1

scale = 0.300000f
startScale = 2.500000f
startResult = 10.000000f

FIRESTARTER_OPTIMIZE: Seed=0  Test=73  Generation=  2 *Result=0.00000414  Best=0.00000414   Time=0.1  Run Time=228.0
FIRESTARTER_OPTIMIZE: Seed=0  Test=73  Generation=  3  Result=0.00018199  Best=0.00000414   Time=0.1  Run Time=228.4
FIRESTARTER_OPTIMIZE: Seed=0  Test=73  Generation=  4  Result=0.00007994  Best=0.00000414   Time=0.1  Run Time=228.9
FIRESTARTER_OPTIMIZE: Seed=0  Test=73  Generation=  5  Result=0.00161499  Best=0.00000414   Time=0.1  Run Time=229.3
FIRESTARTER_OPTIMIZE: Seed=0  Test=73  Generation=  6  Result=0.00030240  Best=0.00000414   Time=0.1  Run Time=229.7
FIRESTARTER_OPTIMIZE: Seed=0  Test=73  Generation=  7  Result=0.00038511  Best=0.00000414   Time=0.1  Run Time=230.2
FIRESTARTER_OPTIMIZE: Seed=0  Test=73  Generation=  8 *Result=0.00000395  Best=0.00000395   Time=0.1  Run Time=230.6
FIRESTARTER_OPTIMIZE: Seed=0  Test=73  Generation=  9  Result=0.00000457  Best=0.00000395   Time=0.1  Run Time=231.1
FIRESTARTER_OPTIMIZE: Seed=0  Test=73  Generation= 10  Result=0.00009802  Best=0.00000395   Time=0.1  Run Time=231.5
FIRESTARTER_OPTIMIZE: Seed=0  Test=73  Generation= 11  Result=0.00022439  Best=0.00000395   Time=0.1  Run Time=231.9
FIRESTARTER_OPTIMIZE: Seed=0  Test=73  Generation= 12  Result=0.00059431  Best=0.00000395   Time=0.1  Run Time=232.3
FIRESTARTER_OPTIMIZE: Seed=0  Test=73  Generation= 13  Result=0.00222221  Best=0.00000395   Time=0.1  Run Time=232.8
FIRESTARTER_OPTIMIZE: Seed=0  Test=73  Generation= 14 *Result=0.00000012  Best=0.00000012   Time=0.1  Run Time=233.2
