CUDA devices = 1
Device 0: NVIDIA GeForce RTX 4090

variations = 1
instructions = 32
registers = 30
opcodes = 2
patternOpcodes = 4

targetMin = 0.000000f
targetMax = 6.283185f
target = 0.000001f

mode = FIRESTARTER_OPTIMIZE
evolveSeed = 0
optimizeSeed = 0
tests = 256
streams = 1
units = 1
states = 1
generations = 0
population = 49152
passes = 256
attempts = 0
optimize = 1

scale = 0.300000f
startScale = 2.500000f
startResult = 10.000000f

FIRESTARTER_OPTIMIZE: Seed=0  Test=16  Generation=  2 *Result=0.00040749  Best=0.00040749   Time=0.1  Run Time=49.6
FIRESTARTER_OPTIMIZE: Seed=0  Test=16  Generation=  3 *Result=0.00009793  Best=0.00009793   Time=0.1  Run Time=50.0
FIRESTARTER_OPTIMIZE: Seed=0  Test=16  Generation=  4  Result=0.00056695  Best=0.00009793   Time=0.1  Run Time=50.3
FIRESTARTER_OPTIMIZE: Seed=0  Test=16  Generation=  5 *Result=0.00006248  Best=0.00006248   Time=0.1  Run Time=50.6
FIRESTARTER_OPTIMIZE: Seed=0  Test=16  Generation=  6  Result=0.00015541  Best=0.00006248   Time=0.1  Run Time=50.9
FIRESTARTER_OPTIMIZE: Seed=0  Test=16  Generation=  7  Result=0.00039965  Best=0.00006248   Time=0.1  Run Time=51.2
FIRESTARTER_OPTIMIZE: Seed=0  Test=16  Generation=  8  Result=0.00011535  Best=0.00006248   Time=0.1  Run Time=51.5
FIRESTARTER_OPTIMIZE: Seed=0  Test=16  Generation=  9  Result=0.00020778  Best=0.00006248   Time=0.1  Run Time=51.8
FIRESTARTER_OPTIMIZE: Seed=0  Test=16  Generation= 10 *Result=0.00003141  Best=0.00003141   Time=0.1  Run Time=52.1
FIRESTARTER_OPTIMIZE: Seed=0  Test=16  Generation= 11 *Result=0.00000059  Best=0.00000059   Time=0.1  Run Time=52.5
