CUDA devices = 1
Device 0: NVIDIA GeForce RTX 4090

variations = 1
samples = 15
instructions = 32
registers = 30
opcodes = 2
patternOpcodes = 4

targetMin = 0.000000f
targetMax = 6.283185f
target = 0.000001f

mode = FIRESTARTER_OPTIMIZE
evolveSeed = 0
optimizeSeed = 0
tests = 256
streams = 1
units = 1
states = 1
generations = 0
population = 65536
iterations = 64
passes = 512
candidates = 16
attempts = 0
optimize = 1

scale = 0.200000f
startScale = 2.500000f
startResult = 10.000000f

FIRESTARTER_OPTIMIZE: Seed=0  Test=137  Generation=  2 *Result=0.00006250  Best=0.00006250   Time=0.1  Run Time=586.4
FIRESTARTER_OPTIMIZE: Seed=0  Test=137  Generation=  3 *Result=0.00005245  Best=0.00005245   Time=0.1  Run Time=586.9
FIRESTARTER_OPTIMIZE: Seed=0  Test=137  Generation=  4  Result=0.00006133  Best=0.00005245   Time=0.1  Run Time=587.3
FIRESTARTER_OPTIMIZE: Seed=0  Test=137  Generation=  5  Result=0.00015283  Best=0.00005245   Time=0.1  Run Time=587.8
FIRESTARTER_OPTIMIZE: Seed=0  Test=137  Generation=  6 *Result=0.00004804  Best=0.00004804   Time=0.1  Run Time=588.2
FIRESTARTER_OPTIMIZE: Seed=0  Test=137  Generation=  7 *Result=0.00000977  Best=0.00000977   Time=0.1  Run Time=588.7
FIRESTARTER_OPTIMIZE: Seed=0  Test=137  Generation=  8 *Result=0.00000011  Best=0.00000011   Time=0.1  Run Time=589.1
