CUDA devices = 1
Device 0: NVIDIA GeForce RTX 4090

variations = 1
samples = 15
instructions = 30
registers = 30
opcodes = 2
patternOpcodes = 4

targetMin = 0.000000f
targetMax = 6.283185f
target = 0.000001f

mode = FIRESTARTER_OPTIMIZE
evolveSeed = 0
optimizeSeed = 0
tests = 256
streams = 1
units = 1
states = 1
generations = 0
population = 65536
iterations = 64
passes = 512
candidates = 16
attempts = 0
optimize = 1

scale = 0.300000f
startScale = 2.500000f
startResult = 10.000000f

FIRESTARTER_OPTIMIZE: Seed=0  Test=183  Generation=  2 *Result=0.00000462  Best=0.00000462   Time=0.1  Run Time=626.5
FIRESTARTER_OPTIMIZE: Seed=0  Test=183  Generation=  3 *Result=0.00000337  Best=0.00000337   Time=0.1  Run Time=627.0
FIRESTARTER_OPTIMIZE: Seed=0  Test=183  Generation=  4  Result=0.00226561  Best=0.00000337   Time=0.1  Run Time=627.4
FIRESTARTER_OPTIMIZE: Seed=0  Test=183  Generation=  5  Result=0.00007910  Best=0.00000337   Time=0.1  Run Time=627.9
FIRESTARTER_OPTIMIZE: Seed=0  Test=183  Generation=  6  Result=0.00012017  Best=0.00000337   Time=0.1  Run Time=628.3
FIRESTARTER_OPTIMIZE: Seed=0  Test=183  Generation=  7  Result=0.00001168  Best=0.00000337   Time=0.1  Run Time=628.7
FIRESTARTER_OPTIMIZE: Seed=0  Test=183  Generation=  8  Result=0.00018217  Best=0.00000337   Time=0.1  Run Time=629.2
FIRESTARTER_OPTIMIZE: Seed=0  Test=183  Generation=  9 *Result=0.00000050  Best=0.00000050   Time=0.1  Run Time=629.7
