CUDA devices = 1
Device 0: NVIDIA GeForce RTX 4090

variations = 1
samples = 15
instructions = 32
registers = 30
opcodes = 2
patternOpcodes = 4

targetMin = 0.000000f
targetMax = 6.283185f
target = 0.000001f

mode = FIRESTARTER_OPTIMIZE
evolveSeed = 123
optimizeSeed = 123
tests = 256
streams = 1
units = 1
states = 1
generations = 0
population = 65536
iterations = 64
passes = 512
candidates = 16
attempts = 0
optimize = 1

scale = 0.300000f
startScale = 2.500000f
startResult = 10.000000f

FIRESTARTER_OPTIMIZE: Seed=123  Test=219  Generation=  2 *Result=0.00000380  Best=0.00000380   Time=0.1  Run Time=663.9
FIRESTARTER_OPTIMIZE: Seed=123  Test=219  Generation=  3  Result=0.00011553  Best=0.00000380   Time=0.1  Run Time=664.4
FIRESTARTER_OPTIMIZE: Seed=123  Test=219  Generation=  4  Result=0.00036756  Best=0.00000380   Time=0.1  Run Time=664.8
FIRESTARTER_OPTIMIZE: Seed=123  Test=219  Generation=  5 *Result=0.00000350  Best=0.00000350   Time=0.1  Run Time=665.2
FIRESTARTER_OPTIMIZE: Seed=123  Test=219  Generation=  6 *Result=0.00000103  Best=0.00000103   Time=0.1  Run Time=665.7
FIRESTARTER_OPTIMIZE: Seed=123  Test=219  Generation=  7  Result=0.00031975  Best=0.00000103   Time=0.1  Run Time=666.1
FIRESTARTER_OPTIMIZE: Seed=123  Test=219  Generation=  8  Result=0.00004825  Best=0.00000103   Time=0.1  Run Time=666.5
FIRESTARTER_OPTIMIZE: Seed=123  Test=219  Generation=  9  Result=0.00000179  Best=0.00000103   Time=0.1  Run Time=667.0
FIRESTARTER_OPTIMIZE: Seed=123  Test=219  Generation= 10  Result=0.00006227  Best=0.00000103   Time=0.1  Run Time=667.4
FIRESTARTER_OPTIMIZE: Seed=123  Test=219  Generation= 11  Result=0.00018305  Best=0.00000103   Time=0.1  Run Time=667.8
FIRESTARTER_OPTIMIZE: Seed=123  Test=219  Generation= 12  Result=0.00018841  Best=0.00000103   Time=0.1  Run Time=668.3
FIRESTARTER_OPTIMIZE: Seed=123  Test=219  Generation= 13 *Result=0.00000006  Best=0.00000006   Time=0.1  Run Time=668.7
