CUDA devices = 1
Device 0: NVIDIA GeForce RTX 4090

variations = 1
instructions = 32
registers = 30
opcodes = 2
patternOpcodes = 4

targetMin = 0.000000f
targetMax = 6.283185f
target = 0.000001f

mode = FIRESTARTER_OPTIMIZE
evolveSeed = 1
optimizeSeed = 1
tests = 256
streams = 1
units = 1
states = 1
generations = 0
population = 65536
passes = 512
attempts = 0
optimize = 1

scale = 0.300000f
startScale = 2.500000f
startResult = 10.000000f

FIRESTARTER_OPTIMIZE: Seed=1  Test=118  Generation=  2 *Result=0.00234887  Best=0.00234887   Time=0.1  Run Time=317.1
FIRESTARTER_OPTIMIZE: Seed=1  Test=118  Generation=  3 *Result=0.00009421  Best=0.00009421   Time=0.1  Run Time=317.5
FIRESTARTER_OPTIMIZE: Seed=1  Test=118  Generation=  4 *Result=0.00000304  Best=0.00000304   Time=0.1  Run Time=317.9
FIRESTARTER_OPTIMIZE: Seed=1  Test=118  Generation=  5  Result=0.00005168  Best=0.00000304   Time=0.1  Run Time=318.3
FIRESTARTER_OPTIMIZE: Seed=1  Test=118  Generation=  6  Result=0.00034007  Best=0.00000304   Time=0.1  Run Time=318.6
FIRESTARTER_OPTIMIZE: Seed=1  Test=118  Generation=  7 *Result=0.00000149  Best=0.00000149   Time=0.1  Run Time=319.0
FIRESTARTER_OPTIMIZE: Seed=1  Test=118  Generation=  8  Result=0.00039937  Best=0.00000149   Time=0.1  Run Time=319.4
FIRESTARTER_OPTIMIZE: Seed=1  Test=118  Generation=  9 *Result=0.00000009  Best=0.00000009   Time=0.1  Run Time=319.8
