CUDA devices = 1
Device 0: NVIDIA GeForce RTX 4090

variations = 1
samples = 15
instructions = 32
registers = 30
opcodes = 2
patternOpcodes = 4

targetMin = 0.000000f
targetMax = 6.283185f
target = 0.000001f

mode = FIRESTARTER_OPTIMIZE
evolveSeed = 123
optimizeSeed = 123
tests = 256
streams = 1
units = 1
states = 1
generations = 0
population = 65536
iterations = 64
passes = 512
candidates = 16
attempts = 0
optimize = 1

scale = 0.300000f
startScale = 2.500000f
startResult = 10.000000f

FIRESTARTER_OPTIMIZE: Seed=123  Test=53  Generation=  2 *Result=0.00009698  Best=0.00009698   Time=0.1  Run Time=143.1
FIRESTARTER_OPTIMIZE: Seed=123  Test=53  Generation=  3 *Result=0.00008356  Best=0.00008356   Time=0.1  Run Time=143.6
FIRESTARTER_OPTIMIZE: Seed=123  Test=53  Generation=  4  Result=0.00014417  Best=0.00008356   Time=0.1  Run Time=144.0
FIRESTARTER_OPTIMIZE: Seed=123  Test=53  Generation=  5 *Result=0.00003080  Best=0.00003080   Time=0.1  Run Time=144.5
FIRESTARTER_OPTIMIZE: Seed=123  Test=53  Generation=  6  Result=0.00006206  Best=0.00003080   Time=0.1  Run Time=144.9
FIRESTARTER_OPTIMIZE: Seed=123  Test=53  Generation=  7 *Result=0.00002012  Best=0.00002012   Time=0.1  Run Time=145.4
FIRESTARTER_OPTIMIZE: Seed=123  Test=53  Generation=  8  Result=0.00034510  Best=0.00002012   Time=0.1  Run Time=145.8
FIRESTARTER_OPTIMIZE: Seed=123  Test=53  Generation=  9  Result=0.00018287  Best=0.00002012   Time=0.1  Run Time=146.3
FIRESTARTER_OPTIMIZE: Seed=123  Test=53  Generation= 10 *Result=0.00000028  Best=0.00000028   Time=0.1  Run Time=146.7
