CUDA devices = 1
Device 0: NVIDIA GeForce RTX 2080 Ti

variations = 1
instructions = 32
registers = 30
opcodes = 2
patternOpcodes = 4

targetMin = 0.000000f
targetMax = 6.283185f
target = 0.000001f

mode = FIRESTARTER_OPTIMIZE
evolveSeed = 0
optimizeSeed = 0
tests = 256
streams = 1
units = 1
states = 1
generations = 0
population = 65536
passes = 384
attempts = 0
optimize = 1

scale = 0.300000f
startScale = 2.500000f
startResult = 10.000000f

FIRESTARTER_OPTIMIZE: Seed=0  Test=52  Generation=  2 *Result=0.00005242  Best=0.00005242   Time=0.2  Run Time=366.0
FIRESTARTER_OPTIMIZE: Seed=0  Test=52  Generation=  3  Result=0.00006889  Best=0.00005242   Time=0.2  Run Time=366.9
FIRESTARTER_OPTIMIZE: Seed=0  Test=52  Generation=  4  Result=0.00007169  Best=0.00005242   Time=0.2  Run Time=367.8
FIRESTARTER_OPTIMIZE: Seed=0  Test=52  Generation=  5 *Result=0.00002229  Best=0.00002229   Time=0.2  Run Time=368.7
FIRESTARTER_OPTIMIZE: Seed=0  Test=52  Generation=  6 *Result=0.00000145  Best=0.00000145   Time=0.2  Run Time=369.5
FIRESTARTER_OPTIMIZE: Seed=0  Test=52  Generation=  7  Result=0.00018362  Best=0.00000145   Time=0.2  Run Time=370.5
FIRESTARTER_OPTIMIZE: Seed=0  Test=52  Generation=  8  Result=0.00003271  Best=0.00000145   Time=0.2  Run Time=371.3
FIRESTARTER_OPTIMIZE: Seed=0  Test=52  Generation=  9  Result=0.00143236  Best=0.00000145   Time=0.3  Run Time=372.3
FIRESTARTER_OPTIMIZE: Seed=0  Test=52  Generation= 10  Result=0.00007710  Best=0.00000145   Time=0.2  Run Time=373.2
FIRESTARTER_OPTIMIZE: Seed=0  Test=52  Generation= 11 *Result=0.00000011  Best=0.00000011   Time=0.2  Run Time=374.0
