CUDA devices = 1
Device 0: NVIDIA GeForce RTX 4090

variations = 1
samples = 15
instructions = 28
registers = 28
opcodes = 2
patternOpcodes = 4

targetMin = 0.000000f
targetMax = 6.283185f
target = 0.000001f

mode = FIRESTARTER_OPTIMIZE
evolveSeed = 0
optimizeSeed = 0
tests = 256
streams = 1
units = 1
states = 1
generations = 0
population = 65536
iterations = 64
passes = 512
candidates = 16
attempts = 0
optimize = 1

scale = 0.300000f
startScale = 2.500000f
startResult = 10.000000f

FIRESTARTER_OPTIMIZE: Seed=0  Test=56  Generation=  2 *Result=0.00005185  Best=0.00005185   Time=0.1  Run Time=156.3
FIRESTARTER_OPTIMIZE: Seed=0  Test=56  Generation=  3 *Result=0.00002041  Best=0.00002041   Time=0.1  Run Time=156.7
FIRESTARTER_OPTIMIZE: Seed=0  Test=56  Generation=  4  Result=0.00221010  Best=0.00002041   Time=0.1  Run Time=157.1
FIRESTARTER_OPTIMIZE: Seed=0  Test=56  Generation=  5  Result=0.00004387  Best=0.00002041   Time=0.1  Run Time=157.5
FIRESTARTER_OPTIMIZE: Seed=0  Test=56  Generation=  6  Result=0.00048365  Best=0.00002041   Time=0.1  Run Time=157.9
FIRESTARTER_OPTIMIZE: Seed=0  Test=56  Generation=  7 *Result=0.00000215  Best=0.00000215   Time=0.1  Run Time=158.4
FIRESTARTER_OPTIMIZE: Seed=0  Test=56  Generation=  8  Result=0.00011987  Best=0.00000215   Time=0.1  Run Time=158.8
FIRESTARTER_OPTIMIZE: Seed=0  Test=56  Generation=  9 *Result=0.00000036  Best=0.00000036   Time=0.1  Run Time=159.3
