CUDA devices = 1
Device 0: NVIDIA GeForce RTX 4090

variations = 1
instructions = 32
registers = 30
opcodes = 2
patternOpcodes = 4

targetMin = 0.000000f
targetMax = 6.283185f
target = 0.000001f

mode = FIRESTARTER_OPTIMIZE
evolveSeed = 1
optimizeSeed = 1
tests = 256
streams = 1
units = 1
states = 1
generations = 0
population = 49152
passes = 384
attempts = 0
optimize = 1

scale = 0.300000f
startScale = 2.500000f
startResult = 10.000000f

FIRESTARTER_OPTIMIZE: Seed=1  Test=118  Generation=  2 *Result=0.00236777  Best=0.00236777   Time=0.1  Run Time=335.1
FIRESTARTER_OPTIMIZE: Seed=1  Test=118  Generation=  3 *Result=0.00009281  Best=0.00009281   Time=0.1  Run Time=335.5
FIRESTARTER_OPTIMIZE: Seed=1  Test=118  Generation=  4 *Result=0.00000372  Best=0.00000372   Time=0.1  Run Time=335.8
FIRESTARTER_OPTIMIZE: Seed=1  Test=118  Generation=  5  Result=0.00005221  Best=0.00000372   Time=0.1  Run Time=336.1
FIRESTARTER_OPTIMIZE: Seed=1  Test=118  Generation=  6  Result=0.00031340  Best=0.00000372   Time=0.1  Run Time=336.5
FIRESTARTER_OPTIMIZE: Seed=1  Test=118  Generation=  7  Result=0.00000802  Best=0.00000372   Time=0.1  Run Time=336.8
FIRESTARTER_OPTIMIZE: Seed=1  Test=118  Generation=  8  Result=0.00010920  Best=0.00000372   Time=0.1  Run Time=337.1
FIRESTARTER_OPTIMIZE: Seed=1  Test=118  Generation=  9 *Result=0.00000030  Best=0.00000030   Time=0.1  Run Time=337.5
