CUDA devices = 1
Device 0: NVIDIA GeForce RTX 4090

variations = 1
instructions = 32
registers = 30
opcodes = 2
patternOpcodes = 4

targetMin = 0.000000f
targetMax = 6.283185f
target = 0.000001f

mode = FIRESTARTER_OPTIMIZE
evolveSeed = 2
optimizeSeed = 2
tests = 256
streams = 1
units = 1
states = 1
generations = 0
population = 65536
passes = 384
attempts = 0
optimize = 1

scale = 0.300000f
startScale = 2.500000f
startResult = 10.000000f

FIRESTARTER_OPTIMIZE: Seed=2  Test=22  Generation=  2 *Result=0.00006484  Best=0.00006484   Time=0.1  Run Time=56.9
FIRESTARTER_OPTIMIZE: Seed=2  Test=22  Generation=  3 *Result=0.00001990  Best=0.00001990   Time=0.1  Run Time=57.2
FIRESTARTER_OPTIMIZE: Seed=2  Test=22  Generation=  4 *Result=0.00000566  Best=0.00000566   Time=0.1  Run Time=57.4
FIRESTARTER_OPTIMIZE: Seed=2  Test=22  Generation=  5  Result=0.00015831  Best=0.00000566   Time=0.1  Run Time=57.7
FIRESTARTER_OPTIMIZE: Seed=2  Test=22  Generation=  6  Result=0.00323331  Best=0.00000566   Time=0.1  Run Time=58.0
FIRESTARTER_OPTIMIZE: Seed=2  Test=22  Generation=  7  Result=0.00019589  Best=0.00000566   Time=0.1  Run Time=58.3
FIRESTARTER_OPTIMIZE: Seed=2  Test=22  Generation=  8 *Result=0.00000142  Best=0.00000142   Time=0.1  Run Time=58.6
FIRESTARTER_OPTIMIZE: Seed=2  Test=22  Generation=  9  Result=0.00029948  Best=0.00000142   Time=0.1  Run Time=59.0
FIRESTARTER_OPTIMIZE: Seed=2  Test=22  Generation= 10  Result=0.00235707  Best=0.00000142   Time=0.1  Run Time=59.3
FIRESTARTER_OPTIMIZE: Seed=2  Test=22  Generation= 11  Result=0.00004056  Best=0.00000142   Time=0.1  Run Time=59.6
FIRESTARTER_OPTIMIZE: Seed=2  Test=22  Generation= 12 *Result=0.00000041  Best=0.00000041   Time=0.1  Run Time=59.9
