CUDA devices = 1
Device 0: NVIDIA GeForce RTX 4090

variations = 1
samples = 15
instructions = 28
registers = 28
opcodes = 2
patternOpcodes = 4

targetMin = 0.000000f
targetMax = 6.283185f
target = 0.000001f

mode = FIRESTARTER_OPTIMIZE
evolveSeed = 0
optimizeSeed = 0
tests = 256
streams = 1
units = 1
states = 1
generations = 0
population = 65536
iterations = 64
passes = 512
candidates = 16
attempts = 0
optimize = 1

scale = 0.300000f
startScale = 2.500000f
startResult = 10.000000f

FIRESTARTER_OPTIMIZE: Seed=0  Test=12  Generation=  2 *Result=0.00005441  Best=0.00005441   Time=0.1  Run Time=32.5
FIRESTARTER_OPTIMIZE: Seed=0  Test=12  Generation=  3  Result=0.00006455  Best=0.00005441   Time=0.1  Run Time=32.9
FIRESTARTER_OPTIMIZE: Seed=0  Test=12  Generation=  4 *Result=0.00000772  Best=0.00000772   Time=0.1  Run Time=33.4
FIRESTARTER_OPTIMIZE: Seed=0  Test=12  Generation=  5  Result=0.00143501  Best=0.00000772   Time=0.1  Run Time=33.8
FIRESTARTER_OPTIMIZE: Seed=0  Test=12  Generation=  6  Result=0.00221170  Best=0.00000772   Time=0.1  Run Time=34.2
FIRESTARTER_OPTIMIZE: Seed=0  Test=12  Generation=  7  Result=0.00014751  Best=0.00000772   Time=0.1  Run Time=34.7
FIRESTARTER_OPTIMIZE: Seed=0  Test=12  Generation=  8  Result=0.00018224  Best=0.00000772   Time=0.1  Run Time=35.1
FIRESTARTER_OPTIMIZE: Seed=0  Test=12  Generation=  9  Result=0.00001389  Best=0.00000772   Time=0.1  Run Time=35.6
FIRESTARTER_OPTIMIZE: Seed=0  Test=12  Generation= 10 *Result=0.00000015  Best=0.00000015   Time=0.1  Run Time=36.0
