CUDA devices = 1
Device 0: NVIDIA GeForce RTX 4090

variations = 1
instructions = 32
registers = 30
opcodes = 2
patternOpcodes = 4

targetMin = 0.000000f
targetMax = 6.283185f
target = 0.000001f

mode = FIRESTARTER_OPTIMIZE
evolveSeed = 1
optimizeSeed = 1
tests = 256
streams = 1
units = 1
states = 1
generations = 0
population = 65536
passes = 512
attempts = 0
optimize = 1

scale = 0.300000f
startScale = 2.500000f
startResult = 10.000000f

FIRESTARTER_OPTIMIZE: Seed=1  Test=247  Generation=  2 *Result=0.00033954  Best=0.00033954   Time=0.1  Run Time=792.8
FIRESTARTER_OPTIMIZE: Seed=1  Test=247  Generation=  3 *Result=0.00010556  Best=0.00010556   Time=0.1  Run Time=793.2
FIRESTARTER_OPTIMIZE: Seed=1  Test=247  Generation=  4  Result=0.00029922  Best=0.00010556   Time=0.1  Run Time=793.7
FIRESTARTER_OPTIMIZE: Seed=1  Test=247  Generation=  5  Result=0.00041598  Best=0.00010556   Time=0.1  Run Time=794.1
FIRESTARTER_OPTIMIZE: Seed=1  Test=247  Generation=  6  Result=0.00142348  Best=0.00010556   Time=0.1  Run Time=794.5
FIRESTARTER_OPTIMIZE: Seed=1  Test=247  Generation=  7  Result=0.00128645  Best=0.00010556   Time=0.1  Run Time=795.0
FIRESTARTER_OPTIMIZE: Seed=1  Test=247  Generation=  8 *Result=0.00000080  Best=0.00000080   Time=0.1  Run Time=795.4
