CUDA devices = 1
Device 0: NVIDIA GeForce RTX 4090

variations = 1
instructions = 32
registers = 30
opcodes = 2
patternOpcodes = 4

targetMin = 0.000000f
targetMax = 6.283185f
target = 0.000001f

mode = FIRESTARTER_OPTIMIZE
evolveSeed = 0
optimizeSeed = 0
tests = 256
streams = 1
units = 1
states = 1
generations = 0
population = 49152
passes = 512
attempts = 0
optimize = 1

scale = 0.300000f
startScale = 2.500000f
startResult = 10.000000f

FIRESTARTER_OPTIMIZE: Seed=0  Test=230  Generation=  2 *Result=0.00028357  Best=0.00028357   Time=0.1  Run Time=611.2
FIRESTARTER_OPTIMIZE: Seed=0  Test=230  Generation=  3 *Result=0.00018847  Best=0.00018847   Time=0.1  Run Time=611.6
FIRESTARTER_OPTIMIZE: Seed=0  Test=230  Generation=  4 *Result=0.00000236  Best=0.00000236   Time=0.1  Run Time=611.9
FIRESTARTER_OPTIMIZE: Seed=0  Test=230  Generation=  5  Result=0.00065366  Best=0.00000236   Time=0.1  Run Time=612.2
FIRESTARTER_OPTIMIZE: Seed=0  Test=230  Generation=  6  Result=0.00001547  Best=0.00000236   Time=0.1  Run Time=612.6
FIRESTARTER_OPTIMIZE: Seed=0  Test=230  Generation=  7  Result=0.00005247  Best=0.00000236   Time=0.1  Run Time=613.0
FIRESTARTER_OPTIMIZE: Seed=0  Test=230  Generation=  8  Result=0.00007030  Best=0.00000236   Time=0.1  Run Time=613.3
FIRESTARTER_OPTIMIZE: Seed=0  Test=230  Generation=  9  Result=0.00014468  Best=0.00000236   Time=0.1  Run Time=613.6
FIRESTARTER_OPTIMIZE: Seed=0  Test=230  Generation= 10 *Result=0.00000007  Best=0.00000007   Time=0.1  Run Time=614.0
