CUDA devices = 1
Device 0: NVIDIA GeForce RTX 4090

variations = 1
samples = 15
instructions = 32
registers = 30
opcodes = 2
patternOpcodes = 4

targetMin = 0.000000f
targetMax = 6.283185f
target = 0.000001f

mode = FIRESTARTER_OPTIMIZE
evolveSeed = 0
optimizeSeed = 0
tests = 256
streams = 1
units = 1
states = 1
generations = 0
population = 65536
iterations = 64
passes = 512
candidates = 16
attempts = 0
optimize = 1

scale = 0.300000f
startScale = 2.500000f
startResult = 10.000000f

FIRESTARTER_OPTIMIZE: Seed=0  Test=231  Generation=  2 *Result=0.00615138  Best=0.00615138   Time=0.1  Run Time=951.5
FIRESTARTER_OPTIMIZE: Seed=0  Test=231  Generation=  3 *Result=0.00007766  Best=0.00007766   Time=0.1  Run Time=952.0
FIRESTARTER_OPTIMIZE: Seed=0  Test=231  Generation=  4 *Result=0.00000434  Best=0.00000434   Time=0.1  Run Time=952.4
FIRESTARTER_OPTIMIZE: Seed=0  Test=231  Generation=  5  Result=0.00236086  Best=0.00000434   Time=0.1  Run Time=952.8
FIRESTARTER_OPTIMIZE: Seed=0  Test=231  Generation=  6  Result=0.00000819  Best=0.00000434   Time=0.1  Run Time=953.3
FIRESTARTER_OPTIMIZE: Seed=0  Test=231  Generation=  7  Result=0.00027609  Best=0.00000434   Time=0.1  Run Time=953.7
FIRESTARTER_OPTIMIZE: Seed=0  Test=231  Generation=  8 *Result=0.00000086  Best=0.00000086   Time=0.1  Run Time=954.2
