CUDA devices = 1
Device 0: NVIDIA GeForce RTX 4090

variations = 1
samples = 15
instructions = 32
registers = 30
opcodes = 2
patternOpcodes = 4

targetMin = 0.000000f
targetMax = 6.283185f
target = 0.000001f

mode = FIRESTARTER_OPTIMIZE
evolveSeed = 0
optimizeSeed = 0
tests = 256
streams = 1
units = 1
states = 1
generations = 0
population = 65536
iterations = 64
passes = 512
candidates = 16
attempts = 0
optimize = 1

scale = 0.300000f
startScale = 2.500000f
startResult = 10.000000f

FIRESTARTER_OPTIMIZE: Seed=0  Test=131  Generation=  2 *Result=0.00002010  Best=0.00002010   Time=0.1  Run Time=548.0
FIRESTARTER_OPTIMIZE: Seed=0  Test=131  Generation=  3  Result=0.00025712  Best=0.00002010   Time=0.1  Run Time=548.5
FIRESTARTER_OPTIMIZE: Seed=0  Test=131  Generation=  4  Result=0.00221099  Best=0.00002010   Time=0.1  Run Time=549.0
FIRESTARTER_OPTIMIZE: Seed=0  Test=131  Generation=  5  Result=0.00019151  Best=0.00002010   Time=0.1  Run Time=549.4
FIRESTARTER_OPTIMIZE: Seed=0  Test=131  Generation=  6 *Result=0.00000273  Best=0.00000273   Time=0.1  Run Time=549.9
FIRESTARTER_OPTIMIZE: Seed=0  Test=131  Generation=  7  Result=0.00027063  Best=0.00000273   Time=0.1  Run Time=550.4
FIRESTARTER_OPTIMIZE: Seed=0  Test=131  Generation=  8  Result=0.00018244  Best=0.00000273   Time=0.1  Run Time=550.8
FIRESTARTER_OPTIMIZE: Seed=0  Test=131  Generation=  9  Result=0.00221443  Best=0.00000273   Time=0.1  Run Time=551.3
FIRESTARTER_OPTIMIZE: Seed=0  Test=131  Generation= 10 *Result=0.00000027  Best=0.00000027   Time=0.1  Run Time=551.8
