CUDA devices = 1
Device 0: NVIDIA GeForce RTX 4090

variations = 1
samples = 15
instructions = 32
registers = 30
opcodes = 2
patternOpcodes = 4

targetMin = 0.000000f
targetMax = 6.283185f
target = 0.000001f

mode = FIRESTARTER_OPTIMIZE
evolveSeed = 0
optimizeSeed = 0
tests = 256
streams = 1
units = 1
states = 1
generations = 0
population = 65536
iterations = 64
passes = 512
candidates = 16
attempts = 0
optimize = 1

scale = 0.150000f
startScale = 2.500000f
startResult = 10.000000f

FIRESTARTER_OPTIMIZE: Seed=0  Test=92  Generation=  2 *Result=0.00001913  Best=0.00001913   Time=0.1  Run Time=435.6
FIRESTARTER_OPTIMIZE: Seed=0  Test=92  Generation=  3  Result=0.00003904  Best=0.00001913   Time=0.1  Run Time=436.1
FIRESTARTER_OPTIMIZE: Seed=0  Test=92  Generation=  4  Result=0.00670715  Best=0.00001913   Time=0.1  Run Time=436.6
FIRESTARTER_OPTIMIZE: Seed=0  Test=92  Generation=  5  Result=0.00614625  Best=0.00001913   Time=0.1  Run Time=437.1
FIRESTARTER_OPTIMIZE: Seed=0  Test=92  Generation=  6  Result=0.00017637  Best=0.00001913   Time=0.1  Run Time=437.5
FIRESTARTER_OPTIMIZE: Seed=0  Test=92  Generation=  7  Result=0.00007188  Best=0.00001913   Time=0.1  Run Time=438.0
FIRESTARTER_OPTIMIZE: Seed=0  Test=92  Generation=  8  Result=0.00047009  Best=0.00001913   Time=0.1  Run Time=438.5
FIRESTARTER_OPTIMIZE: Seed=0  Test=92  Generation=  9 *Result=0.00000101  Best=0.00000101   Time=0.1  Run Time=438.9
FIRESTARTER_OPTIMIZE: Seed=0  Test=92  Generation= 10 *Result=0.00000009  Best=0.00000009   Time=0.1  Run Time=439.4
