CUDA devices = 1
Device 0: NVIDIA GeForce RTX 4090

variations = 1
samples = 15
instructions = 30
registers = 30
opcodes = 2
patternOpcodes = 4

targetMin = 0.000000f
targetMax = 6.283185f
target = 0.000001f

mode = FIRESTARTER_OPTIMIZE
evolveSeed = 0
optimizeSeed = 0
tests = 256
streams = 1
units = 1
states = 1
generations = 0
population = 65536
iterations = 64
passes = 512
candidates = 16
attempts = 0
optimize = 1

scale = 0.300000f
startScale = 2.500000f
startResult = 10.000000f

FIRESTARTER_OPTIMIZE: Seed=0  Test=237  Generation=  2 *Result=0.00006799  Best=0.00006799   Time=0.1  Run Time=831.5
FIRESTARTER_OPTIMIZE: Seed=0  Test=237  Generation=  3 *Result=0.00000237  Best=0.00000237   Time=0.1  Run Time=831.9
FIRESTARTER_OPTIMIZE: Seed=0  Test=237  Generation=  4  Result=0.00000909  Best=0.00000237   Time=0.1  Run Time=832.4
FIRESTARTER_OPTIMIZE: Seed=0  Test=237  Generation=  5  Result=0.00002230  Best=0.00000237   Time=0.1  Run Time=832.8
FIRESTARTER_OPTIMIZE: Seed=0  Test=237  Generation=  6  Result=0.00018245  Best=0.00000237   Time=0.1  Run Time=833.2
FIRESTARTER_OPTIMIZE: Seed=0  Test=237  Generation=  7 *Result=0.00000206  Best=0.00000206   Time=0.1  Run Time=833.7
FIRESTARTER_OPTIMIZE: Seed=0  Test=237  Generation=  8  Result=0.00018225  Best=0.00000206   Time=0.1  Run Time=834.1
FIRESTARTER_OPTIMIZE: Seed=0  Test=237  Generation=  9  Result=0.00000310  Best=0.00000206   Time=0.1  Run Time=834.5
FIRESTARTER_OPTIMIZE: Seed=0  Test=237  Generation= 10  Result=0.00007385  Best=0.00000206   Time=0.1  Run Time=835.0
FIRESTARTER_OPTIMIZE: Seed=0  Test=237  Generation= 11  Result=0.00018253  Best=0.00000206   Time=0.1  Run Time=835.5
FIRESTARTER_OPTIMIZE: Seed=0  Test=237  Generation= 12  Result=0.00094914  Best=0.00000206   Time=0.1  Run Time=835.9
FIRESTARTER_OPTIMIZE: Seed=0  Test=237  Generation= 13  Result=0.00000851  Best=0.00000206   Time=0.1  Run Time=836.3
FIRESTARTER_OPTIMIZE: Seed=0  Test=237  Generation= 14 *Result=0.00000014  Best=0.00000014   Time=0.1  Run Time=836.8
