CUDA devices = 1
Device 0: NVIDIA GeForce RTX 4090

variations = 1
instructions = 32
registers = 30
opcodes = 2
patternOpcodes = 4

targetMin = 0.000000f
targetMax = 6.283185f
target = 0.000001f

mode = FIRESTARTER_OPTIMIZE
evolveSeed = 0
optimizeSeed = 0
tests = 256
streams = 1
units = 1
states = 1
generations = 0
population = 65536
passes = 384
attempts = 0
optimize = 1

scale = 0.300000f
startScale = 2.500000f
startResult = 10.000000f

FIRESTARTER_OPTIMIZE: Seed=0  Test=221  Generation=  2 *Result=0.00017980  Best=0.00017980   Time=0.1  Run Time=568.2
FIRESTARTER_OPTIMIZE: Seed=0  Test=221  Generation=  3 *Result=0.00012538  Best=0.00012538   Time=0.1  Run Time=568.5
FIRESTARTER_OPTIMIZE: Seed=0  Test=221  Generation=  4  Result=0.00018244  Best=0.00012538   Time=0.1  Run Time=568.8
FIRESTARTER_OPTIMIZE: Seed=0  Test=221  Generation=  5 *Result=0.00011203  Best=0.00011203   Time=0.1  Run Time=569.1
FIRESTARTER_OPTIMIZE: Seed=0  Test=221  Generation=  6  Result=0.00022948  Best=0.00011203   Time=0.1  Run Time=569.5
FIRESTARTER_OPTIMIZE: Seed=0  Test=221  Generation=  7 *Result=0.00005267  Best=0.00005267   Time=0.1  Run Time=569.8
FIRESTARTER_OPTIMIZE: Seed=0  Test=221  Generation=  8 *Result=0.00000010  Best=0.00000010   Time=0.1  Run Time=570.1
