CUDA devices = 1
Device 0: NVIDIA GeForce RTX 4090

variations = 1
instructions = 32
registers = 30
opcodes = 2
patternOpcodes = 4

targetMin = 0.000000f
targetMax = 6.283185f
target = 0.000001f

mode = FIRESTARTER_OPTIMIZE
evolveSeed = 1
optimizeSeed = 1
tests = 256
streams = 1
units = 1
states = 1
generations = 0
population = 49152
passes = 384
attempts = 0
optimize = 1

scale = 0.300000f
startScale = 2.500000f
startResult = 10.000000f

FIRESTARTER_OPTIMIZE: Seed=1  Test=153  Generation=  2 *Result=0.00037313  Best=0.00037313   Time=0.1  Run Time=441.0
FIRESTARTER_OPTIMIZE: Seed=1  Test=153  Generation=  3 *Result=0.00009108  Best=0.00009108   Time=0.1  Run Time=441.4
FIRESTARTER_OPTIMIZE: Seed=1  Test=153  Generation=  4 *Result=0.00006953  Best=0.00006953   Time=0.1  Run Time=441.7
FIRESTARTER_OPTIMIZE: Seed=1  Test=153  Generation=  5  Result=0.00105654  Best=0.00006953   Time=0.1  Run Time=442.0
FIRESTARTER_OPTIMIZE: Seed=1  Test=153  Generation=  6  Result=0.00018677  Best=0.00006953   Time=0.1  Run Time=442.4
FIRESTARTER_OPTIMIZE: Seed=1  Test=153  Generation=  7 *Result=0.00006327  Best=0.00006327   Time=0.1  Run Time=442.7
FIRESTARTER_OPTIMIZE: Seed=1  Test=153  Generation=  8 *Result=0.00000901  Best=0.00000901   Time=0.1  Run Time=443.0
FIRESTARTER_OPTIMIZE: Seed=1  Test=153  Generation=  9  Result=0.00222092  Best=0.00000901   Time=0.1  Run Time=443.4
FIRESTARTER_OPTIMIZE: Seed=1  Test=153  Generation= 10 *Result=0.00000009  Best=0.00000009   Time=0.1  Run Time=443.7
