CUDA devices = 1
Device 0: NVIDIA GeForce RTX 4090

variations = 1
instructions = 32
registers = 30
opcodes = 2
patternOpcodes = 4

targetMin = 0.000000f
targetMax = 6.283185f
target = 0.000001f

mode = FIRESTARTER_OPTIMIZE
evolveSeed = 0
optimizeSeed = 0
tests = 256
streams = 1
units = 1
states = 1
generations = 0
population = 49152
passes = 512
attempts = 0
optimize = 1

scale = 0.300000f
startScale = 2.500000f
startResult = 10.000000f

FIRESTARTER_OPTIMIZE: Seed=0  Test=107  Generation=  2 *Result=0.00000876  Best=0.00000876   Time=0.1  Run Time=287.3
FIRESTARTER_OPTIMIZE: Seed=0  Test=107  Generation=  3  Result=0.00020874  Best=0.00000876   Time=0.1  Run Time=287.6
FIRESTARTER_OPTIMIZE: Seed=0  Test=107  Generation=  4  Result=0.00019261  Best=0.00000876   Time=0.1  Run Time=288.0
FIRESTARTER_OPTIMIZE: Seed=0  Test=107  Generation=  5  Result=0.00004298  Best=0.00000876   Time=0.1  Run Time=288.3
FIRESTARTER_OPTIMIZE: Seed=0  Test=107  Generation=  6  Result=0.00030696  Best=0.00000876   Time=0.1  Run Time=288.6
FIRESTARTER_OPTIMIZE: Seed=0  Test=107  Generation=  7  Result=0.00017923  Best=0.00000876   Time=0.1  Run Time=289.0
FIRESTARTER_OPTIMIZE: Seed=0  Test=107  Generation=  8  Result=0.00001246  Best=0.00000876   Time=0.1  Run Time=289.3
FIRESTARTER_OPTIMIZE: Seed=0  Test=107  Generation=  9  Result=0.00031465  Best=0.00000876   Time=0.1  Run Time=289.7
FIRESTARTER_OPTIMIZE: Seed=0  Test=107  Generation= 10  Result=0.00008856  Best=0.00000876   Time=0.1  Run Time=290.0
FIRESTARTER_OPTIMIZE: Seed=0  Test=107  Generation= 11  Result=0.00006215  Best=0.00000876   Time=0.1  Run Time=290.4
FIRESTARTER_OPTIMIZE: Seed=0  Test=107  Generation= 12 *Result=0.00000012  Best=0.00000012   Time=0.1  Run Time=290.7
