CUDA devices = 1
Device 0: NVIDIA GeForce RTX 2080 Ti

variations = 1
instructions = 32
registers = 30
opcodes = 2
patternOpcodes = 4

targetMin = 0.000000f
targetMax = 6.283185f
target = 0.000001f

mode = FIRESTARTER_OPTIMIZE
evolveSeed = 0
optimizeSeed = 0
tests = 256
streams = 1
units = 1
states = 1
generations = 0
population = 65536
passes = 384
attempts = 0
optimize = 1

scale = 0.300000f
startScale = 2.500000f
startResult = 10.000000f

FIRESTARTER_OPTIMIZE: Seed=0  Test= 2  Generation=  2 *Result=0.00001448  Best=0.00001448   Time=0.2  Run Time=19.4
FIRESTARTER_OPTIMIZE: Seed=0  Test= 2  Generation=  3  Result=0.00006526  Best=0.00001448   Time=0.2  Run Time=20.2
FIRESTARTER_OPTIMIZE: Seed=0  Test= 2  Generation=  4 *Result=0.00000225  Best=0.00000225   Time=0.2  Run Time=20.9
FIRESTARTER_OPTIMIZE: Seed=0  Test= 2  Generation=  5  Result=0.00000307  Best=0.00000225   Time=0.2  Run Time=21.7
FIRESTARTER_OPTIMIZE: Seed=0  Test= 2  Generation=  6  Result=0.00002907  Best=0.00000225   Time=0.2  Run Time=22.5
FIRESTARTER_OPTIMIZE: Seed=0  Test= 2  Generation=  7  Result=0.00006599  Best=0.00000225   Time=0.2  Run Time=23.2
FIRESTARTER_OPTIMIZE: Seed=0  Test= 2  Generation=  8  Result=0.00007784  Best=0.00000225   Time=0.2  Run Time=24.0
FIRESTARTER_OPTIMIZE: Seed=0  Test= 2  Generation=  9 *Result=0.00000162  Best=0.00000162   Time=0.2  Run Time=24.8
FIRESTARTER_OPTIMIZE: Seed=0  Test= 2  Generation= 10  Result=0.00001139  Best=0.00000162   Time=0.2  Run Time=25.5
FIRESTARTER_OPTIMIZE: Seed=0  Test= 2  Generation= 11 *Result=0.00000016  Best=0.00000016   Time=0.2  Run Time=26.3
