CUDA devices = 1
Device 0: NVIDIA GeForce RTX 4090

variations = 1
instructions = 32
registers = 30
opcodes = 2
patternOpcodes = 4

targetMin = 0.000000f
targetMax = 6.283185f
target = 0.000001f

mode = FIRESTARTER_OPTIMIZE
evolveSeed = 0
optimizeSeed = 0
tests = 256
streams = 1
units = 1
states = 1
generations = 0
population = 32768
passes = 512
attempts = 0
optimize = 1

scale = 0.300000f
startScale = 2.500000f
startResult = 10.000000f

FIRESTARTER_OPTIMIZE: Seed=0  Test=233  Generation=  2 *Result=0.00001745  Best=0.00001745   Time=0.1  Run Time=744.5
FIRESTARTER_OPTIMIZE: Seed=0  Test=233  Generation=  3 *Result=0.00000132  Best=0.00000132   Time=0.1  Run Time=744.8
FIRESTARTER_OPTIMIZE: Seed=0  Test=233  Generation=  4  Result=0.00000823  Best=0.00000132   Time=0.1  Run Time=745.1
FIRESTARTER_OPTIMIZE: Seed=0  Test=233  Generation=  5  Result=0.00020173  Best=0.00000132   Time=0.1  Run Time=745.4
FIRESTARTER_OPTIMIZE: Seed=0  Test=233  Generation=  6  Result=0.00219837  Best=0.00000132   Time=0.1  Run Time=745.8
FIRESTARTER_OPTIMIZE: Seed=0  Test=233  Generation=  7  Result=0.00056498  Best=0.00000132   Time=0.1  Run Time=746.1
FIRESTARTER_OPTIMIZE: Seed=0  Test=233  Generation=  8  Result=0.00020152  Best=0.00000132   Time=0.1  Run Time=746.4
FIRESTARTER_OPTIMIZE: Seed=0  Test=233  Generation=  9 *Result=0.00000012  Best=0.00000012   Time=0.1  Run Time=746.7
