CUDA devices = 1
Device 0: NVIDIA GeForce RTX 4090

variations = 1
instructions = 32
registers = 30
opcodes = 2
patternOpcodes = 4

targetMin = 0.000000f
targetMax = 6.283185f
target = 0.000001f

mode = FIRESTARTER_OPTIMIZE
evolveSeed = 0
optimizeSeed = 0
tests = 256
streams = 1
units = 1
states = 1
generations = 0
population = 49152
passes = 384
attempts = 0
optimize = 1

scale = 0.300000f
startScale = 2.500000f
startResult = 10.000000f

FIRESTARTER_OPTIMIZE: Seed=0  Test=215  Generation=  2 *Result=0.00054157  Best=0.00054157   Time=0.1  Run Time=553.0
FIRESTARTER_OPTIMIZE: Seed=0  Test=215  Generation=  3 *Result=0.00030673  Best=0.00030673   Time=0.1  Run Time=553.3
FIRESTARTER_OPTIMIZE: Seed=0  Test=215  Generation=  4  Result=0.00058603  Best=0.00030673   Time=0.1  Run Time=553.6
FIRESTARTER_OPTIMIZE: Seed=0  Test=215  Generation=  5  Result=0.00038069  Best=0.00030673   Time=0.1  Run Time=553.9
FIRESTARTER_OPTIMIZE: Seed=0  Test=215  Generation=  6 *Result=0.00001232  Best=0.00001232   Time=0.1  Run Time=554.2
FIRESTARTER_OPTIMIZE: Seed=0  Test=215  Generation=  7  Result=0.00030635  Best=0.00001232   Time=0.1  Run Time=554.5
FIRESTARTER_OPTIMIZE: Seed=0  Test=215  Generation=  8  Result=0.00002305  Best=0.00001232   Time=0.1  Run Time=554.8
FIRESTARTER_OPTIMIZE: Seed=0  Test=215  Generation=  9  Result=0.00023171  Best=0.00001232   Time=0.1  Run Time=555.1
FIRESTARTER_OPTIMIZE: Seed=0  Test=215  Generation= 10  Result=0.00009649  Best=0.00001232   Time=0.1  Run Time=555.4
FIRESTARTER_OPTIMIZE: Seed=0  Test=215  Generation= 11  Result=0.00008184  Best=0.00001232   Time=0.1  Run Time=555.7
FIRESTARTER_OPTIMIZE: Seed=0  Test=215  Generation= 12 *Result=0.00000043  Best=0.00000043   Time=0.1  Run Time=556.0
