CUDA devices = 1
Device 0: NVIDIA GeForce RTX 4090

variations = 1
samples = 15
instructions = 32
registers = 30
opcodes = 2
patternOpcodes = 4

targetMin = 0.000000f
targetMax = 6.283185f
target = 0.000001f

mode = FIRESTARTER_OPTIMIZE
evolveSeed = 0
optimizeSeed = 0
tests = 256
streams = 1
units = 1
states = 1
generations = 0
population = 65536
iterations = 64
passes = 512
candidates = 16
attempts = 0
optimize = 1

scale = 0.300000f
startScale = 2.500000f
startResult = 10.000000f

FIRESTARTER_OPTIMIZE: Seed=0  Test=217  Generation=  2 *Result=0.00110341  Best=0.00110341   Time=0.1  Run Time=911.0
FIRESTARTER_OPTIMIZE: Seed=0  Test=217  Generation=  3 *Result=0.00007284  Best=0.00007284   Time=0.1  Run Time=911.4
FIRESTARTER_OPTIMIZE: Seed=0  Test=217  Generation=  4  Result=0.00613898  Best=0.00007284   Time=0.1  Run Time=911.8
FIRESTARTER_OPTIMIZE: Seed=0  Test=217  Generation=  5  Result=0.00035844  Best=0.00007284   Time=0.1  Run Time=912.3
FIRESTARTER_OPTIMIZE: Seed=0  Test=217  Generation=  6  Result=0.00614023  Best=0.00007284   Time=0.1  Run Time=912.8
FIRESTARTER_OPTIMIZE: Seed=0  Test=217  Generation=  7  Result=0.00615740  Best=0.00007284   Time=0.1  Run Time=913.2
FIRESTARTER_OPTIMIZE: Seed=0  Test=217  Generation=  8  Result=0.00013799  Best=0.00007284   Time=0.1  Run Time=913.6
FIRESTARTER_OPTIMIZE: Seed=0  Test=217  Generation=  9 *Result=0.00005662  Best=0.00005662   Time=0.1  Run Time=914.1
FIRESTARTER_OPTIMIZE: Seed=0  Test=217  Generation= 10  Result=0.00024612  Best=0.00005662   Time=0.1  Run Time=914.5
FIRESTARTER_OPTIMIZE: Seed=0  Test=217  Generation= 11 *Result=0.00000015  Best=0.00000015   Time=0.1  Run Time=915.0
