CUDA devices = 1
Device 0: NVIDIA GeForce RTX 4090

variations = 3
samples = 15
instructions = 32
registers = 29
opcodes = 2
patternOpcodes = 4

targetMin = 0.000000f
targetMax = 6.283185f
evolveTarget = 0.000001f

mode = FIRESTARTER_EVOLVE
evolveSeed = 0
optimizeSeed = 0
tests = 256
streams = 8
units = 1
states = 1
generations = 128
population = 278528
iterations = 64
passes = 500
precision = 0
candidates = 16
attempts = 0
optimize = 8

scale = 0.100000f
startScale = 2.000000f
startResult = 10.000000f

FIRESTARTER_EVOLVE: Seed=0  Test=15  Index=   0  CopyIndex=   0  Id=   0  Generation=  0  Age=  0  Evolution= 0  Children0= 0  Children1= 0  EvolveWeight=-1.00000000  Old Result=10.00000000 *New Result=1.10733044  Best=1.10733044  BestError=0.00000039  BestAge=0
FIRESTARTER_EVOLVE: Seed=0  Test=15  Index=   0  CopyIndex=   0  Id=   0  Generation=  1  Age=  1  Evolution= 1  Children0= 1  Children1= 1  EvolveWeight=1.10733044  Old Result=1.10733044 *New Result=1.08191431  Best=1.08191431  BestError=0.00000039  BestAge=0
FIRESTARTER_EVOLVE: Seed=0  Test=15  Index=   0  CopyIndex=   1  Id=   0  Generation=  2  Age=  1  Evolution= 2  Children0= 2  Children1= 1  EvolveWeight=1.10355258  Old Result=1.08191431 *New Result=1.08191180  Best=1.08191180  BestError=0.00000039  BestAge=0
FIRESTARTER_EVOLVE: Seed=0  Test=15  Index=   0  CopyIndex=   2  Id=   0  Generation=  3  Age=  1  Evolution= 3  Children0= 3  Children1= 1  EvolveWeight=1.12518823  Old Result=1.08191180 *New Result=1.07732654  Best=1.07732654  BestError=0.00000039  BestAge=0
FIRESTARTER_EVOLVE: Seed=0  Test=15  Index=   0  CopyIndex=   3  Id=   0  Generation=  4  Age=  1  Evolution= 4  Children0= 4  Children1= 1  EvolveWeight=1.14196610  Old Result=1.07732654 *New Result=0.85227418  Best=0.85227418  BestError=0.00000039  BestAge=0
FIRESTARTER_EVOLVE: Seed=0  Test=15  Index=   0  CopyIndex=   4  Id=   0  Generation=  5  Age=  1  Evolution= 5  Children0= 5  Children1= 1  EvolveWeight=0.92045617  Old Result=0.85227418  Bad Result=0.85227418  Best=0.85227418  BestError=0.00000039  BestAge=1
FIRESTARTER_EVOLVE: Seed=0  Test=15  Index=   0  CopyIndex=   4  Id=   0  Generation=  6  Age=  2  Evolution= 5  Children0= 6  Children1= 2  EvolveWeight=1.00568354  Old Result=0.85227418  Bad Result=0.85227418  Best=0.85227418  BestError=0.00000039  BestAge=2
FIRESTARTER_EVOLVE: Seed=0  Test=15  Index=   0  CopyIndex=   4  Id=   0  Generation=  7  Age=  3  Evolution= 5  Children0= 7  Children1= 3  EvolveWeight=1.09091103  Old Result=0.85227418  Bad Result=0.85227418  Best=0.85227418  BestError=0.00000039  BestAge=3
FIRESTARTER_EVOLVE: Seed=0  Test=15  Index=   0  CopyIndex=   4  Id=   0  Generation=  8  Age=  4  Evolution= 5  Children0= 8  Children1= 4  EvolveWeight=1.17613852  Old Result=0.85227418  Bad Result=0.85227418  Best=0.85227418  BestError=0.00000039  BestAge=4
FIRESTARTER_EVOLVE: Seed=0  Test=15  Index=   0  CopyIndex=   1  Id=   0  Generation=  9  Age=  8  Evolution= 2  Children0= 9  Children1= 2  EvolveWeight=1.21174407  Old Result=1.08191431 >New Result=0.85227418  Best=0.85227418  BestError=0.00000039  BestAge=5
FIRESTARTER_EVOLVE: Seed=0  Test=15  Index=   0  CopyIndex=   5  Id=   0  Generation= 10  Age=  1  Evolution= 3  Children0=10  Children1= 1  EvolveWeight=1.00568354  Old Result=0.85227418 *New Result=0.00428008  Best=0.00428008  BestError=0.00000039  BestAge=0
FIRESTARTER_EVOLVE: Seed=0  Test=15  Index=   0  CopyIndex=   6  Id=   0  Generation= 11  Age=  1  Evolution= 4  Children0=11  Children1= 1  EvolveWeight=0.00513610  Old Result=0.00428008 *New Result=0.00329661  Best=0.00329661  BestError=0.00000039  BestAge=0
FIRESTARTER_EVOLVE: Seed=0  Test=15  Index=   0  CopyIndex=   7  Id=   0  Generation= 12  Age=  1  Evolution= 5  Children0=12  Children1= 1  EvolveWeight=0.00402187  Old Result=0.00329661  Bad Result=0.00525206  Best=0.00329661  BestError=0.00000039  BestAge=1
