CUDA devices = 1
Device 0: NVIDIA GeForce RTX 4090

variations = 1
samples = 15
instructions = 32
registers = 30
opcodes = 2
patternOpcodes = 4

targetMin = 0.000000f
targetMax = 6.283185f
target = 0.000001f

mode = FIRESTARTER_OPTIMIZE
evolveSeed = 123
optimizeSeed = 123
tests = 256
streams = 1
units = 1
states = 1
generations = 0
population = 65536
iterations = 64
passes = 512
candidates = 16
attempts = 0
optimize = 1

scale = 0.300000f
startScale = 2.500000f
startResult = 10.000000f

FIRESTARTER_OPTIMIZE: Seed=123  Test=38  Generation=  2 *Result=0.00143273  Best=0.00143273   Time=0.1  Run Time=93.7
FIRESTARTER_OPTIMIZE: Seed=123  Test=38  Generation=  3  Result=0.00143391  Best=0.00143273   Time=0.1  Run Time=94.2
FIRESTARTER_OPTIMIZE: Seed=123  Test=38  Generation=  4 *Result=0.00007093  Best=0.00007093   Time=0.1  Run Time=94.6
FIRESTARTER_OPTIMIZE: Seed=123  Test=38  Generation=  5  Result=0.00020891  Best=0.00007093   Time=0.1  Run Time=95.0
FIRESTARTER_OPTIMIZE: Seed=123  Test=38  Generation=  6 *Result=0.00000153  Best=0.00000153   Time=0.1  Run Time=95.5
FIRESTARTER_OPTIMIZE: Seed=123  Test=38  Generation=  7  Result=0.00000191  Best=0.00000153   Time=0.1  Run Time=95.9
FIRESTARTER_OPTIMIZE: Seed=123  Test=38  Generation=  8  Result=0.00023711  Best=0.00000153   Time=0.1  Run Time=96.4
FIRESTARTER_OPTIMIZE: Seed=123  Test=38  Generation=  9  Result=0.00012106  Best=0.00000153   Time=0.1  Run Time=96.8
FIRESTARTER_OPTIMIZE: Seed=123  Test=38  Generation= 10  Result=0.00054377  Best=0.00000153   Time=0.1  Run Time=97.2
FIRESTARTER_OPTIMIZE: Seed=123  Test=38  Generation= 11  Result=0.00150265  Best=0.00000153   Time=0.1  Run Time=97.7
FIRESTARTER_OPTIMIZE: Seed=123  Test=38  Generation= 12 *Result=0.00000043  Best=0.00000043   Time=0.1  Run Time=98.1
