CUDA devices = 1
Device 0: NVIDIA GeForce RTX 4090

variations = 1
instructions = 32
registers = 30
opcodes = 2
patternOpcodes = 4

targetMin = 0.000000f
targetMax = 6.283185f
target = 0.000001f

mode = FIRESTARTER_OPTIMIZE
evolveSeed = 1
optimizeSeed = 1
tests = 256
streams = 1
units = 1
states = 1
generations = 0
population = 65536
passes = 512
attempts = 0
optimize = 1

scale = 0.300000f
startScale = 2.500000f
startResult = 10.000000f

FIRESTARTER_OPTIMIZE: Seed=1  Test=116  Generation=  2 *Result=0.00001021  Best=0.00001021   Time=0.1  Run Time=395.9
FIRESTARTER_OPTIMIZE: Seed=1  Test=116  Generation=  3  Result=0.00014311  Best=0.00001021   Time=0.1  Run Time=396.4
FIRESTARTER_OPTIMIZE: Seed=1  Test=116  Generation=  4  Result=0.00002837  Best=0.00001021   Time=0.1  Run Time=396.8
FIRESTARTER_OPTIMIZE: Seed=1  Test=116  Generation=  5  Result=0.00020007  Best=0.00001021   Time=0.1  Run Time=397.2
FIRESTARTER_OPTIMIZE: Seed=1  Test=116  Generation=  6  Result=0.00011659  Best=0.00001021   Time=0.1  Run Time=397.6
FIRESTARTER_OPTIMIZE: Seed=1  Test=116  Generation=  7  Result=0.00018462  Best=0.00001021   Time=0.1  Run Time=398.1
FIRESTARTER_OPTIMIZE: Seed=1  Test=116  Generation=  8  Result=0.00018236  Best=0.00001021   Time=0.1  Run Time=398.5
FIRESTARTER_OPTIMIZE: Seed=1  Test=116  Generation=  9 *Result=0.00000297  Best=0.00000297   Time=0.1  Run Time=399.0
FIRESTARTER_OPTIMIZE: Seed=1  Test=116  Generation= 10  Result=0.00001848  Best=0.00000297   Time=0.1  Run Time=399.4
FIRESTARTER_OPTIMIZE: Seed=1  Test=116  Generation= 11 *Result=0.00000103  Best=0.00000103   Time=0.1  Run Time=399.8
FIRESTARTER_OPTIMIZE: Seed=1  Test=116  Generation= 12 *Result=0.00000011  Best=0.00000011   Time=0.1  Run Time=400.3
