CUDA devices = 1
Device 0: NVIDIA GeForce RTX 4090

variations = 1
samples = 15
instructions = 32
registers = 30
opcodes = 2
patternOpcodes = 4

targetMin = 0.000000f
targetMax = 6.283185f
target = 0.000001f

mode = FIRESTARTER_OPTIMIZE
evolveSeed = 0
optimizeSeed = 0
tests = 256
streams = 1
units = 1
states = 1
generations = 0
population = 65536
iterations = 64
passes = 512
candidates = 16
attempts = 0
optimize = 1

scale = 0.200000f
startScale = 2.500000f
startResult = 10.000000f

FIRESTARTER_OPTIMIZE: Seed=0  Test=184  Generation=  2 *Result=0.00001603  Best=0.00001603   Time=0.1  Run Time=798.5
FIRESTARTER_OPTIMIZE: Seed=0  Test=184  Generation=  3  Result=0.00006172  Best=0.00001603   Time=0.1  Run Time=798.9
FIRESTARTER_OPTIMIZE: Seed=0  Test=184  Generation=  4  Result=0.00006184  Best=0.00001603   Time=0.1  Run Time=799.4
FIRESTARTER_OPTIMIZE: Seed=0  Test=184  Generation=  5  Result=0.00615919  Best=0.00001603   Time=0.1  Run Time=799.8
FIRESTARTER_OPTIMIZE: Seed=0  Test=184  Generation=  6  Result=0.00029334  Best=0.00001603   Time=0.1  Run Time=800.3
FIRESTARTER_OPTIMIZE: Seed=0  Test=184  Generation=  7 *Result=0.00000068  Best=0.00000068   Time=0.1  Run Time=800.7
