CUDA devices = 1
Device 0: NVIDIA GeForce RTX 4090

variations = 1
instructions = 32
registers = 30
opcodes = 2
patternOpcodes = 4

targetMin = 0.000000f
targetMax = 6.283185f
target = 0.000001f

mode = FIRESTARTER_OPTIMIZE
evolveSeed = 0
optimizeSeed = 0
tests = 256
streams = 1
units = 1
states = 1
generations = 0
population = 65536
passes = 512
attempts = 0
optimize = 1

scale = 0.300000f
startScale = 2.500000f
startResult = 10.000000f

FIRESTARTER_OPTIMIZE: Seed=0  Test=22  Generation=  2 *Result=0.00006541  Best=0.00006541   Time=0.1  Run Time=67.4
FIRESTARTER_OPTIMIZE: Seed=0  Test=22  Generation=  3  Result=0.00023688  Best=0.00006541   Time=0.1  Run Time=67.8
FIRESTARTER_OPTIMIZE: Seed=0  Test=22  Generation=  4 *Result=0.00000206  Best=0.00000206   Time=0.1  Run Time=68.2
FIRESTARTER_OPTIMIZE: Seed=0  Test=22  Generation=  5  Result=0.00048470  Best=0.00000206   Time=0.1  Run Time=68.6
FIRESTARTER_OPTIMIZE: Seed=0  Test=22  Generation=  6  Result=0.00323372  Best=0.00000206   Time=0.1  Run Time=69.0
FIRESTARTER_OPTIMIZE: Seed=0  Test=22  Generation=  7  Result=0.00229287  Best=0.00000206   Time=0.1  Run Time=69.4
FIRESTARTER_OPTIMIZE: Seed=0  Test=22  Generation=  8  Result=0.00001030  Best=0.00000206   Time=0.1  Run Time=69.8
FIRESTARTER_OPTIMIZE: Seed=0  Test=22  Generation=  9  Result=0.00039129  Best=0.00000206   Time=0.1  Run Time=70.2
FIRESTARTER_OPTIMIZE: Seed=0  Test=22  Generation= 10  Result=0.00254750  Best=0.00000206   Time=0.1  Run Time=70.6
FIRESTARTER_OPTIMIZE: Seed=0  Test=22  Generation= 11  Result=0.00007415  Best=0.00000206   Time=0.1  Run Time=71.0
FIRESTARTER_OPTIMIZE: Seed=0  Test=22  Generation= 12 *Result=0.00000042  Best=0.00000042   Time=0.1  Run Time=71.4
