CUDA devices = 1
Device 0: NVIDIA GeForce RTX 4090

variations = 1
samples = 15
instructions = 28
registers = 28
opcodes = 2
patternOpcodes = 4

targetMin = 0.000000f
targetMax = 6.283185f
target = 0.000001f

mode = FIRESTARTER_OPTIMIZE
evolveSeed = 0
optimizeSeed = 0
tests = 256
streams = 1
units = 1
states = 1
generations = 0
population = 65536
iterations = 64
passes = 512
candidates = 16
attempts = 0
optimize = 1

scale = 0.300000f
startScale = 2.500000f
startResult = 10.000000f

FIRESTARTER_OPTIMIZE: Seed=0  Test=188  Generation=  2 *Result=0.00021410  Best=0.00021410   Time=0.1  Run Time=695.4
FIRESTARTER_OPTIMIZE: Seed=0  Test=188  Generation=  3 *Result=0.00000489  Best=0.00000489   Time=0.1  Run Time=695.8
FIRESTARTER_OPTIMIZE: Seed=0  Test=188  Generation=  4  Result=0.00029981  Best=0.00000489   Time=0.1  Run Time=696.2
FIRESTARTER_OPTIMIZE: Seed=0  Test=188  Generation=  5  Result=0.00013590  Best=0.00000489   Time=0.1  Run Time=696.7
FIRESTARTER_OPTIMIZE: Seed=0  Test=188  Generation=  6  Result=0.00018248  Best=0.00000489   Time=0.1  Run Time=697.1
FIRESTARTER_OPTIMIZE: Seed=0  Test=188  Generation=  7 *Result=0.00000013  Best=0.00000013   Time=0.1  Run Time=697.5
