CUDA devices = 1
Device 0: NVIDIA GeForce RTX 4090

variations = 1
samples = 15
instructions = 32
registers = 30
opcodes = 2
patternOpcodes = 4

targetMin = 0.000000f
targetMax = 6.283185f
target = 0.000001f

mode = FIRESTARTER_OPTIMIZE
evolveSeed = 0
optimizeSeed = 0
tests = 256
streams = 1
units = 1
states = 1
generations = 0
population = 65536
iterations = 64
passes = 512
candidates = 16
attempts = 0
optimize = 1

scale = 0.100000f
startScale = 4.000000f
startResult = 10.000000f

FIRESTARTER_OPTIMIZE: Seed=0  Test=123  Generation=  2 *Result=0.00085190  Best=0.00085190   Time=0.1  Run Time=929.7
FIRESTARTER_OPTIMIZE: Seed=0  Test=123  Generation=  3 *Result=0.00000297  Best=0.00000297   Time=0.1  Run Time=930.1
FIRESTARTER_OPTIMIZE: Seed=0  Test=123  Generation=  4  Result=0.00009748  Best=0.00000297   Time=0.1  Run Time=930.6
FIRESTARTER_OPTIMIZE: Seed=0  Test=123  Generation=  5  Result=0.00001607  Best=0.00000297   Time=0.1  Run Time=931.1
FIRESTARTER_OPTIMIZE: Seed=0  Test=123  Generation=  6  Result=0.00144298  Best=0.00000297   Time=0.1  Run Time=931.6
FIRESTARTER_OPTIMIZE: Seed=0  Test=123  Generation=  7  Result=0.00009117  Best=0.00000297   Time=0.1  Run Time=932.0
FIRESTARTER_OPTIMIZE: Seed=0  Test=123  Generation=  8  Result=0.00021717  Best=0.00000297   Time=0.1  Run Time=932.5
FIRESTARTER_OPTIMIZE: Seed=0  Test=123  Generation=  9  Result=0.00214280  Best=0.00000297   Time=0.1  Run Time=933.0
FIRESTARTER_OPTIMIZE: Seed=0  Test=123  Generation= 10 *Result=0.00000007  Best=0.00000007   Time=0.1  Run Time=933.4
