CUDA devices = 1
Device 0: NVIDIA GeForce RTX 4090

variations = 1
samples = 15
instructions = 32
registers = 30
opcodes = 2
patternOpcodes = 4

targetMin = 0.000000f
targetMax = 6.283185f
target = 0.000001f

mode = FIRESTARTER_OPTIMIZE
evolveSeed = 0
optimizeSeed = 0
tests = 256
streams = 1
units = 1
states = 1
generations = 0
population = 65536
iterations = 64
passes = 512
candidates = 16
attempts = 0
optimize = 1

scale = 0.100000f
startScale = 3.000000f
startResult = 10.000000f

FIRESTARTER_OPTIMIZE: Seed=0  Test=254  Generation=  2 *Result=0.00033181  Best=0.00033181   Time=0.1  Run Time=1523.7
FIRESTARTER_OPTIMIZE: Seed=0  Test=254  Generation=  3  Result=0.00143633  Best=0.00033181   Time=0.1  Run Time=1524.1
FIRESTARTER_OPTIMIZE: Seed=0  Test=254  Generation=  4 *Result=0.00030930  Best=0.00030930   Time=0.1  Run Time=1524.6
FIRESTARTER_OPTIMIZE: Seed=0  Test=254  Generation=  5  Result=0.00046556  Best=0.00030930   Time=0.1  Run Time=1525.0
FIRESTARTER_OPTIMIZE: Seed=0  Test=254  Generation=  6 *Result=0.00029528  Best=0.00029528   Time=0.1  Run Time=1525.5
FIRESTARTER_OPTIMIZE: Seed=0  Test=254  Generation=  7 *Result=0.00013630  Best=0.00013630   Time=0.1  Run Time=1526.0
FIRESTARTER_OPTIMIZE: Seed=0  Test=254  Generation=  8  Result=0.00670883  Best=0.00013630   Time=0.1  Run Time=1526.4
FIRESTARTER_OPTIMIZE: Seed=0  Test=254  Generation=  9 *Result=0.00006887  Best=0.00006887   Time=0.1  Run Time=1526.9
FIRESTARTER_OPTIMIZE: Seed=0  Test=254  Generation= 10 *Result=0.00000027  Best=0.00000027   Time=0.1  Run Time=1527.3
