CUDA devices = 1
Device 0: NVIDIA GeForce RTX 4090

variations = 1
samples = 15
instructions = 32
registers = 30
opcodes = 2
patternOpcodes = 4

targetMin = 0.000000f
targetMax = 6.283185f
target = 0.000001f

mode = FIRESTARTER_OPTIMIZE
evolveSeed = 0
optimizeSeed = 0
tests = 256
streams = 1
units = 1
states = 1
generations = 0
population = 65536
iterations = 64
passes = 512
candidates = 16
attempts = 0
optimize = 1

scale = 0.300000f
startScale = 2.500000f
startResult = 10.000000f

FIRESTARTER_OPTIMIZE: Seed=0  Test=137  Generation=  2 *Result=0.00223912  Best=0.00223912   Time=0.1  Run Time=575.1
FIRESTARTER_OPTIMIZE: Seed=0  Test=137  Generation=  3 *Result=0.00071500  Best=0.00071500   Time=0.1  Run Time=575.6
FIRESTARTER_OPTIMIZE: Seed=0  Test=137  Generation=  4  Result=0.00198337  Best=0.00071500   Time=0.1  Run Time=576.1
FIRESTARTER_OPTIMIZE: Seed=0  Test=137  Generation=  5 *Result=0.00031611  Best=0.00031611   Time=0.1  Run Time=576.5
FIRESTARTER_OPTIMIZE: Seed=0  Test=137  Generation=  6 *Result=0.00003794  Best=0.00003794   Time=0.1  Run Time=577.0
FIRESTARTER_OPTIMIZE: Seed=0  Test=137  Generation=  7  Result=0.00019389  Best=0.00003794   Time=0.1  Run Time=577.5
FIRESTARTER_OPTIMIZE: Seed=0  Test=137  Generation=  8 *Result=0.00000054  Best=0.00000054   Time=0.1  Run Time=577.9
