CUDA devices = 1
Device 0: NVIDIA GeForce RTX 4090

variations = 1
samples = 15
instructions = 32
registers = 30
opcodes = 2
patternOpcodes = 4

targetMin = 0.000000f
targetMax = 6.283185f
target = 0.000001f

mode = FIRESTARTER_OPTIMIZE
evolveSeed = 0
optimizeSeed = 0
tests = 256
streams = 1
units = 1
states = 1
generations = 0
population = 65536
iterations = 64
passes = 512
candidates = 16
attempts = 0
optimize = 1

scale = 0.100000f
startScale = 3.000000f
startResult = 10.000000f

FIRESTARTER_OPTIMIZE: Seed=0  Test=75  Generation=  2 *Result=0.00046014  Best=0.00046014   Time=0.1  Run Time=463.4
FIRESTARTER_OPTIMIZE: Seed=0  Test=75  Generation=  3  Result=0.00615018  Best=0.00046014   Time=0.1  Run Time=463.8
FIRESTARTER_OPTIMIZE: Seed=0  Test=75  Generation=  4 *Result=0.00024620  Best=0.00024620   Time=0.1  Run Time=464.3
FIRESTARTER_OPTIMIZE: Seed=0  Test=75  Generation=  5 *Result=0.00013029  Best=0.00013029   Time=0.1  Run Time=464.7
FIRESTARTER_OPTIMIZE: Seed=0  Test=75  Generation=  6  Result=0.00614883  Best=0.00013029   Time=0.1  Run Time=465.2
FIRESTARTER_OPTIMIZE: Seed=0  Test=75  Generation=  7 *Result=0.00000205  Best=0.00000205   Time=0.1  Run Time=465.6
FIRESTARTER_OPTIMIZE: Seed=0  Test=75  Generation=  8  Result=0.00135788  Best=0.00000205   Time=0.1  Run Time=466.1
FIRESTARTER_OPTIMIZE: Seed=0  Test=75  Generation=  9  Result=0.00009666  Best=0.00000205   Time=0.1  Run Time=466.5
FIRESTARTER_OPTIMIZE: Seed=0  Test=75  Generation= 10  Result=0.00021303  Best=0.00000205   Time=0.1  Run Time=467.0
FIRESTARTER_OPTIMIZE: Seed=0  Test=75  Generation= 11 *Result=0.00000027  Best=0.00000027   Time=0.1  Run Time=467.4
