CUDA devices = 1
Device 0: NVIDIA GeForce RTX 4090

variations = 1
samples = 15
instructions = 32
registers = 30
opcodes = 2
patternOpcodes = 4

targetMin = 0.000000f
targetMax = 6.283185f
target = 0.000001f

mode = FIRESTARTER_OPTIMIZE
evolveSeed = 123
optimizeSeed = 123
tests = 256
streams = 1
units = 1
states = 1
generations = 0
population = 65536
iterations = 64
passes = 512
candidates = 16
attempts = 0
optimize = 1

scale = 0.300000f
startScale = 2.500000f
startResult = 10.000000f

FIRESTARTER_OPTIMIZE: Seed=123  Test=252  Generation=  2 *Result=0.00000789  Best=0.00000789   Time=0.1  Run Time=780.0
FIRESTARTER_OPTIMIZE: Seed=123  Test=252  Generation=  3  Result=0.00053355  Best=0.00000789   Time=0.1  Run Time=780.5
FIRESTARTER_OPTIMIZE: Seed=123  Test=252  Generation=  4  Result=0.00000942  Best=0.00000789   Time=0.1  Run Time=780.9
FIRESTARTER_OPTIMIZE: Seed=123  Test=252  Generation=  5  Result=0.00006256  Best=0.00000789   Time=0.1  Run Time=781.4
FIRESTARTER_OPTIMIZE: Seed=123  Test=252  Generation=  6  Result=0.00093432  Best=0.00000789   Time=0.1  Run Time=781.8
FIRESTARTER_OPTIMIZE: Seed=123  Test=252  Generation=  7  Result=0.00003380  Best=0.00000789   Time=0.1  Run Time=782.3
FIRESTARTER_OPTIMIZE: Seed=123  Test=252  Generation=  8  Result=0.00002938  Best=0.00000789   Time=0.1  Run Time=782.7
FIRESTARTER_OPTIMIZE: Seed=123  Test=252  Generation=  9 *Result=0.00000040  Best=0.00000040   Time=0.1  Run Time=783.2
