CUDA devices = 1
Device 0: NVIDIA GeForce RTX 4090

variations = 1
samples = 15
instructions = 32
registers = 30
opcodes = 2
patternOpcodes = 4

targetMin = 0.000000f
targetMax = 6.283185f
evolveTarget = 0.000001f

mode = FIRESTARTER_EVOLVE_GPU
evolveSeed = 0
optimizeSeed = 0
tests = 16
streams = 1
units = 1
states = 1
generations = 0
population = 8192
iterations = 64
passes = 500
candidates = 16
attempts = 0
optimize = 1

scale = 0.100000f
startScale = 2.000000f
startResult = 10.000000f

FIRESTARTER_EVOLVE_GPU: Seed=0  Test=15  Generation=  0  Age=  1  Evolution= 0  Weight=0.00000000  Old Result=10.00000000 *New Result=0.00426650  Index=6402  EvolveAge1=282  EvolveAge2=26  Best=0.00426650   BestAge=1  Time=1.5 Seconds  Run Time=2050.6 Seconds
FIRESTARTER_EVOLVE_GPU: Seed=0  Test=15  Generation=  1  Age=  1  Evolution= 0  Weight=0.00000000  Old Result=0.00426650 *New Result=0.00229597  Index=1937  EvolveAge1=144  EvolveAge2=103  Best=0.00229597   BestAge=1  Time=0.9 Seconds  Run Time=2051.5 Seconds
FIRESTARTER_EVOLVE_GPU: Seed=0  Test=15  Generation=  2  Age=  1  Evolution= 0  Weight=0.00000000  Old Result=0.00229597 *New Result=0.00098463  Index=7602  EvolveAge1=194  EvolveAge2=44  Best=0.00098463   BestAge=1  Time=1.2 Seconds  Run Time=2052.7 Seconds
FIRESTARTER_EVOLVE_GPU: Seed=0  Test=15  Generation=  3  Age=  1  Evolution= 0  Weight=0.00000000  Old Result=0.00098463  Bad Result=0.00098463  Index=7602  EvolveAge1=694  EvolveAge2=44  Best=0.00098463   BestAge=2  Time=1.1 Seconds  Run Time=2053.8 Seconds
FIRESTARTER_OPTIMIZE_GPU: Seed=0  Test=15  Optimize=0  Generation=  2 *Result=0.00000048  Best=0.00000048   Time=2.3 Seconds  Run Time=2056.1 Seconds
