CUDA devices = 1
Device 0: NVIDIA GeForce RTX 4090

variations = 1
instructions = 32
registers = 30
opcodes = 2
patternOpcodes = 4

targetMin = 0.000000f
targetMax = 6.283185f
target = 0.000001f

mode = FIRESTARTER_OPTIMIZE
evolveSeed = 0
optimizeSeed = 0
tests = 256
streams = 1
units = 1
states = 1
generations = 0
population = 32768
passes = 512
attempts = 0
optimize = 1

scale = 0.300000f
startScale = 2.500000f
startResult = 10.000000f

FIRESTARTER_OPTIMIZE: Seed=0  Test=108  Generation=  2 *Result=0.00135901  Best=0.00135901   Time=0.1  Run Time=310.3
FIRESTARTER_OPTIMIZE: Seed=0  Test=108  Generation=  3 *Result=0.00071642  Best=0.00071642   Time=0.1  Run Time=310.6
FIRESTARTER_OPTIMIZE: Seed=0  Test=108  Generation=  4 *Result=0.00000276  Best=0.00000276   Time=0.1  Run Time=311.0
FIRESTARTER_OPTIMIZE: Seed=0  Test=108  Generation=  5 *Result=0.00000123  Best=0.00000123   Time=0.1  Run Time=311.3
FIRESTARTER_OPTIMIZE: Seed=0  Test=108  Generation=  6  Result=0.00001522  Best=0.00000123   Time=0.1  Run Time=311.7
FIRESTARTER_OPTIMIZE: Seed=0  Test=108  Generation=  7  Result=0.00002082  Best=0.00000123   Time=0.1  Run Time=312.1
FIRESTARTER_OPTIMIZE: Seed=0  Test=108  Generation=  8  Result=0.00021163  Best=0.00000123   Time=0.1  Run Time=312.6
FIRESTARTER_OPTIMIZE: Seed=0  Test=108  Generation=  9  Result=0.00011652  Best=0.00000123   Time=0.1  Run Time=313.0
FIRESTARTER_OPTIMIZE: Seed=0  Test=108  Generation= 10 *Result=0.00000030  Best=0.00000030   Time=0.1  Run Time=313.4
