CUDA devices = 1
Device 0: NVIDIA GeForce RTX 4090

variations = 1
instructions = 32
registers = 30
opcodes = 2
patternOpcodes = 4

targetMin = 0.000000f
targetMax = 6.283185f
target = 0.000001f

mode = FIRESTARTER_OPTIMIZE
evolveSeed = 1
optimizeSeed = 1
tests = 256
streams = 1
units = 1
states = 1
generations = 0
population = 65536
passes = 384
attempts = 0
optimize = 1

scale = 0.300000f
startScale = 2.500000f
startResult = 10.000000f

FIRESTARTER_OPTIMIZE: Seed=1  Test=228  Generation=  2 *Result=0.00017497  Best=0.00017497   Time=0.1  Run Time=650.2
FIRESTARTER_OPTIMIZE: Seed=1  Test=228  Generation=  3 *Result=0.00004295  Best=0.00004295   Time=0.1  Run Time=650.5
FIRESTARTER_OPTIMIZE: Seed=1  Test=228  Generation=  4 *Result=0.00001094  Best=0.00001094   Time=0.1  Run Time=650.8
FIRESTARTER_OPTIMIZE: Seed=1  Test=228  Generation=  5  Result=0.00002807  Best=0.00001094   Time=0.1  Run Time=651.2
FIRESTARTER_OPTIMIZE: Seed=1  Test=228  Generation=  6  Result=0.00006068  Best=0.00001094   Time=0.1  Run Time=651.5
FIRESTARTER_OPTIMIZE: Seed=1  Test=228  Generation=  7  Result=0.00005275  Best=0.00001094   Time=0.1  Run Time=651.8
FIRESTARTER_OPTIMIZE: Seed=1  Test=228  Generation=  8 *Result=0.00001021  Best=0.00001021   Time=0.1  Run Time=652.2
FIRESTARTER_OPTIMIZE: Seed=1  Test=228  Generation=  9 *Result=0.00000005  Best=0.00000005   Time=0.2  Run Time=652.6
