CUDA devices = 1
Device 0: NVIDIA GeForce RTX 4090

variations = 1
samples = 15
instructions = 32
registers = 30
opcodes = 2
patternOpcodes = 4

targetMin = 0.000000f
targetMax = 6.283185f
target = 0.000001f

mode = FIRESTARTER_OPTIMIZE
evolveSeed = 0
optimizeSeed = 0
tests = 256
streams = 1
units = 1
states = 1
generations = 0
population = 65536
iterations = 64
passes = 512
candidates = 16
attempts = 0
optimize = 1

scale = 0.200000f
startScale = 2.500000f
startResult = 10.000000f

FIRESTARTER_OPTIMIZE: Seed=0  Test=116  Generation=  2 *Result=0.00614253  Best=0.00614253   Time=0.1  Run Time=483.2
FIRESTARTER_OPTIMIZE: Seed=0  Test=116  Generation=  3 *Result=0.00018244  Best=0.00018244   Time=0.1  Run Time=483.6
FIRESTARTER_OPTIMIZE: Seed=0  Test=116  Generation=  4  Result=0.00670750  Best=0.00018244   Time=0.1  Run Time=484.1
FIRESTARTER_OPTIMIZE: Seed=0  Test=116  Generation=  5 *Result=0.00000231  Best=0.00000231   Time=0.1  Run Time=484.6
FIRESTARTER_OPTIMIZE: Seed=0  Test=116  Generation=  6  Result=0.00067986  Best=0.00000231   Time=0.1  Run Time=485.0
FIRESTARTER_OPTIMIZE: Seed=0  Test=116  Generation=  7  Result=0.00006151  Best=0.00000231   Time=0.1  Run Time=485.4
FIRESTARTER_OPTIMIZE: Seed=0  Test=116  Generation=  8  Result=0.00019219  Best=0.00000231   Time=0.1  Run Time=485.9
FIRESTARTER_OPTIMIZE: Seed=0  Test=116  Generation=  9  Result=0.00018237  Best=0.00000231   Time=0.1  Run Time=486.3
FIRESTARTER_OPTIMIZE: Seed=0  Test=116  Generation= 10  Result=0.00122511  Best=0.00000231   Time=0.1  Run Time=486.8
FIRESTARTER_OPTIMIZE: Seed=0  Test=116  Generation= 11  Result=0.00008087  Best=0.00000231   Time=0.1  Run Time=487.2
FIRESTARTER_OPTIMIZE: Seed=0  Test=116  Generation= 12  Result=0.00000793  Best=0.00000231   Time=0.1  Run Time=487.6
FIRESTARTER_OPTIMIZE: Seed=0  Test=116  Generation= 13 *Result=0.00000065  Best=0.00000065   Time=0.1  Run Time=488.1
