CUDA devices = 1
Device 0: NVIDIA GeForce RTX 4090

variations = 1
instructions = 32
registers = 30
opcodes = 2
patternOpcodes = 4

targetMin = 0.000000f
targetMax = 6.283185f
target = 0.000001f

mode = FIRESTARTER_OPTIMIZE
evolveSeed = 0
optimizeSeed = 0
tests = 256
streams = 1
units = 1
states = 1
generations = 0
population = 65536
passes = 512
attempts = 0
optimize = 1

scale = 0.300000f
startScale = 2.500000f
startResult = 10.000000f

FIRESTARTER_OPTIMIZE: Seed=0  Test=240  Generation=  2 *Result=0.00059551  Best=0.00059551   Time=0.1  Run Time=721.4
FIRESTARTER_OPTIMIZE: Seed=0  Test=240  Generation=  3  Result=0.00159723  Best=0.00059551   Time=0.1  Run Time=721.8
FIRESTARTER_OPTIMIZE: Seed=0  Test=240  Generation=  4 *Result=0.00005361  Best=0.00005361   Time=0.1  Run Time=722.2
FIRESTARTER_OPTIMIZE: Seed=0  Test=240  Generation=  5  Result=0.00099063  Best=0.00005361   Time=0.1  Run Time=722.5
FIRESTARTER_OPTIMIZE: Seed=0  Test=240  Generation=  6 *Result=0.00001354  Best=0.00001354   Time=0.1  Run Time=722.9
FIRESTARTER_OPTIMIZE: Seed=0  Test=240  Generation=  7  Result=0.00018227  Best=0.00001354   Time=0.1  Run Time=723.3
FIRESTARTER_OPTIMIZE: Seed=0  Test=240  Generation=  8  Result=0.00006774  Best=0.00001354   Time=0.1  Run Time=723.6
FIRESTARTER_OPTIMIZE: Seed=0  Test=240  Generation=  9  Result=0.00129959  Best=0.00001354   Time=0.1  Run Time=724.0
FIRESTARTER_OPTIMIZE: Seed=0  Test=240  Generation= 10 *Result=0.00000030  Best=0.00000030   Time=0.1  Run Time=724.4
