CUDA devices = 1
Device 0: NVIDIA GeForce RTX 4090

variations = 1
instructions = 32
registers = 30
opcodes = 2
patternOpcodes = 4

targetMin = 0.000000f
targetMax = 6.283185f
target = 0.000001f

mode = FIRESTARTER_OPTIMIZE
evolveSeed = 0
optimizeSeed = 0
tests = 256
streams = 1
units = 1
states = 1
generations = 0
population = 65536
passes = 512
attempts = 0
optimize = 1

scale = 0.300000f
startScale = 2.500000f
startResult = 10.000000f

FIRESTARTER_OPTIMIZE: Seed=0  Test=156  Generation=  2 *Result=0.00010215  Best=0.00010215   Time=0.1  Run Time=437.9
FIRESTARTER_OPTIMIZE: Seed=0  Test=156  Generation=  3  Result=0.00054592  Best=0.00010215   Time=0.1  Run Time=438.3
FIRESTARTER_OPTIMIZE: Seed=0  Test=156  Generation=  4  Result=0.00039368  Best=0.00010215   Time=0.1  Run Time=438.7
FIRESTARTER_OPTIMIZE: Seed=0  Test=156  Generation=  5 *Result=0.00009068  Best=0.00009068   Time=0.1  Run Time=439.1
FIRESTARTER_OPTIMIZE: Seed=0  Test=156  Generation=  6  Result=0.00055690  Best=0.00009068   Time=0.1  Run Time=439.4
FIRESTARTER_OPTIMIZE: Seed=0  Test=156  Generation=  7 *Result=0.00000102  Best=0.00000102   Time=0.1  Run Time=439.8
FIRESTARTER_OPTIMIZE: Seed=0  Test=156  Generation=  8  Result=0.00003656  Best=0.00000102   Time=0.1  Run Time=440.2
FIRESTARTER_OPTIMIZE: Seed=0  Test=156  Generation=  9 *Result=0.00000017  Best=0.00000017   Time=0.1  Run Time=440.5
