CUDA devices = 1
Device 0: NVIDIA GeForce RTX 4090

variations = 1
samples = 15
instructions = 32
registers = 30
opcodes = 2
patternOpcodes = 4

targetMin = 0.000000f
targetMax = 6.283185f
target = 0.000001f

mode = FIRESTARTER_OPTIMIZE
evolveSeed = 0
optimizeSeed = 0
tests = 256
streams = 1
units = 1
states = 1
generations = 0
population = 65536
iterations = 64
passes = 512
candidates = 16
attempts = 0
optimize = 1

scale = 0.100000f
startScale = 3.000000f
startResult = 10.000000f

FIRESTARTER_OPTIMIZE: Seed=0  Test=62  Generation=  2 *Result=0.00067222  Best=0.00067222   Time=0.1  Run Time=391.1
FIRESTARTER_OPTIMIZE: Seed=0  Test=62  Generation=  3 *Result=0.00000841  Best=0.00000841   Time=0.1  Run Time=391.5
FIRESTARTER_OPTIMIZE: Seed=0  Test=62  Generation=  4  Result=0.00018145  Best=0.00000841   Time=0.1  Run Time=392.0
FIRESTARTER_OPTIMIZE: Seed=0  Test=62  Generation=  5  Result=0.00033418  Best=0.00000841   Time=0.1  Run Time=392.4
FIRESTARTER_OPTIMIZE: Seed=0  Test=62  Generation=  6  Result=0.00007701  Best=0.00000841   Time=0.1  Run Time=392.8
FIRESTARTER_OPTIMIZE: Seed=0  Test=62  Generation=  7 *Result=0.00000015  Best=0.00000015   Time=0.1  Run Time=393.3
