CUDA devices = 1
Device 0: NVIDIA GeForce RTX 4090

variations = 1
instructions = 32
registers = 30
opcodes = 2
patternOpcodes = 4

targetMin = 0.000000f
targetMax = 6.283185f
target = 0.000001f

mode = FIRESTARTER_OPTIMIZE
evolveSeed = 0
optimizeSeed = 0
tests = 256
streams = 1
units = 1
states = 1
generations = 0
population = 49152
passes = 256
attempts = 0
optimize = 1

scale = 0.300000f
startScale = 2.500000f
startResult = 10.000000f

FIRESTARTER_OPTIMIZE: Seed=0  Test=183  Generation=  2 *Result=0.00139226  Best=0.00139226   Time=0.1  Run Time=558.4
FIRESTARTER_OPTIMIZE: Seed=0  Test=183  Generation=  3 *Result=0.00004357  Best=0.00004357   Time=0.1  Run Time=558.7
FIRESTARTER_OPTIMIZE: Seed=0  Test=183  Generation=  4 *Result=0.00000119  Best=0.00000119   Time=0.1  Run Time=559.0
FIRESTARTER_OPTIMIZE: Seed=0  Test=183  Generation=  5  Result=0.00001755  Best=0.00000119   Time=0.1  Run Time=559.3
FIRESTARTER_OPTIMIZE: Seed=0  Test=183  Generation=  6  Result=0.00000140  Best=0.00000119   Time=0.1  Run Time=559.6
FIRESTARTER_OPTIMIZE: Seed=0  Test=183  Generation=  7  Result=0.00023299  Best=0.00000119   Time=0.1  Run Time=559.9
FIRESTARTER_OPTIMIZE: Seed=0  Test=183  Generation=  8 *Result=0.00000018  Best=0.00000018   Time=0.1  Run Time=560.2
