CUDA devices = 1
Device 0: NVIDIA GeForce RTX 4090

variations = 1
samples = 15
instructions = 28
registers = 28
opcodes = 2
patternOpcodes = 4

targetMin = 0.000000f
targetMax = 6.283185f
target = 0.000001f

mode = FIRESTARTER_OPTIMIZE
evolveSeed = 0
optimizeSeed = 0
tests = 256
streams = 1
units = 1
states = 1
generations = 0
population = 65536
iterations = 64
passes = 512
candidates = 16
attempts = 0
optimize = 1

scale = 0.300000f
startScale = 2.500000f
startResult = 10.000000f

FIRESTARTER_OPTIMIZE: Seed=0  Test=225  Generation=  2 *Result=0.00001249  Best=0.00001249   Time=0.1  Run Time=796.3
FIRESTARTER_OPTIMIZE: Seed=0  Test=225  Generation=  3  Result=0.00040567  Best=0.00001249   Time=0.1  Run Time=796.7
FIRESTARTER_OPTIMIZE: Seed=0  Test=225  Generation=  4  Result=0.00004064  Best=0.00001249   Time=0.1  Run Time=797.1
FIRESTARTER_OPTIMIZE: Seed=0  Test=225  Generation=  5  Result=0.00001648  Best=0.00001249   Time=0.1  Run Time=797.5
FIRESTARTER_OPTIMIZE: Seed=0  Test=225  Generation=  6  Result=0.00005352  Best=0.00001249   Time=0.1  Run Time=797.9
FIRESTARTER_OPTIMIZE: Seed=0  Test=225  Generation=  7  Result=0.00026101  Best=0.00001249   Time=0.1  Run Time=798.4
FIRESTARTER_OPTIMIZE: Seed=0  Test=225  Generation=  8 *Result=0.00001008  Best=0.00001008   Time=0.1  Run Time=798.8
FIRESTARTER_OPTIMIZE: Seed=0  Test=225  Generation=  9 *Result=0.00000227  Best=0.00000227   Time=0.1  Run Time=799.3
FIRESTARTER_OPTIMIZE: Seed=0  Test=225  Generation= 10  Result=0.00049380  Best=0.00000227   Time=0.1  Run Time=799.7
FIRESTARTER_OPTIMIZE: Seed=0  Test=225  Generation= 11  Result=0.00005042  Best=0.00000227   Time=0.1  Run Time=800.1
FIRESTARTER_OPTIMIZE: Seed=0  Test=225  Generation= 12  Result=0.00155359  Best=0.00000227   Time=0.1  Run Time=800.5
FIRESTARTER_OPTIMIZE: Seed=0  Test=225  Generation= 13 *Result=0.00000011  Best=0.00000011   Time=0.1  Run Time=801.0
