CUDA devices = 1
Device 0: NVIDIA GeForce RTX 4090

variations = 1
samples = 15
instructions = 32
registers = 30
opcodes = 2
patternOpcodes = 4

targetMin = 0.000000f
targetMax = 6.283185f
evolveTarget = 0.000001f

mode = FIRESTARTER_EVOLVE_GPU
evolveSeed = 0
optimizeSeed = 0
tests = 16
streams = 1
units = 1
states = 1
generations = 0
population = 8192
iterations = 64
passes = 500
candidates = 16
attempts = 0
optimize = 1

scale = 0.100000f
startScale = 2.000000f
startResult = 10.000000f

FIRESTARTER_EVOLVE_GPU: Seed=0  Test= 8  Generation=  0  Age=  1  Evolution= 0  Weight=0.00000000  Old Result=10.00000000 *New Result=0.00331473  Index=632  EvolveAge1=1  EvolveAge2=333  Best=0.00331473   BestAge=1  Time=2.2 Seconds  Run Time=1192.4 Seconds
FIRESTARTER_OPTIMIZE_GPU: Seed=0  Test= 8  Optimize=0  Generation=  0 *Result=0.00043866  Best=0.00043866   Time=2.4 Seconds  Run Time=1194.8 Seconds
FIRESTARTER_EVOLVE_GPU: Seed=0  Test= 8  Generation=  1  Age=  1  Evolution= 0  Weight=0.00000000  Old Result=0.00331473  Bad Result=0.00331473  Index=632  EvolveAge1=501  EvolveAge2=333  Best=0.00331473   BestAge=2  Time=1.9 Seconds  Run Time=1196.7 Seconds
FIRESTARTER_EVOLVE_GPU: Seed=0  Test= 8  Generation=  2  Age=  1  Evolution= 0  Weight=0.00000000  Old Result=0.00331473 *New Result=0.00316972  Index=7644  EvolveAge1=0  EvolveAge2=588  Best=0.00316972   BestAge=1  Time=1.9 Seconds  Run Time=1198.6 Seconds
FIRESTARTER_OPTIMIZE_GPU: Seed=0  Test= 8  Optimize=0  Generation=  2 *Result=0.00015395  Best=0.00015395   Time=2.4 Seconds  Run Time=1200.9 Seconds
FIRESTARTER_EVOLVE_GPU: Seed=0  Test= 8  Generation=  3  Age=  1  Evolution= 0  Weight=0.00000000  Old Result=0.00316972 *New Result=0.00237638  Index=7644  EvolveAge1=3  EvolveAge2=849  Best=0.00237638   BestAge=1  Time=1.9 Seconds  Run Time=1202.8 Seconds
FIRESTARTER_EVOLVE_GPU: Seed=0  Test= 8  Generation=  4  Age=  1  Evolution= 0  Weight=0.00000000  Old Result=0.00237638 *New Result=0.00172526  Index=7644  EvolveAge1=11  EvolveAge2=1151  Best=0.00172526   BestAge=1  Time=1.9 Seconds  Run Time=1204.7 Seconds
FIRESTARTER_EVOLVE_GPU: Seed=0  Test= 8  Generation=  5  Age=  1  Evolution= 0  Weight=0.00000000  Old Result=0.00172526 *New Result=0.00160724  Index=7644  EvolveAge1=328  EvolveAge2=1293  Best=0.00160724   BestAge=1  Time=1.9 Seconds  Run Time=1206.6 Seconds
FIRESTARTER_EVOLVE_GPU: Seed=0  Test= 8  Generation=  6  Age=  1  Evolution= 0  Weight=0.00000000  Old Result=0.00160724  Bad Result=0.00160724  Index=7644  EvolveAge1=828  EvolveAge2=1293  Best=0.00160724   BestAge=2  Time=1.8 Seconds  Run Time=1208.4 Seconds
FIRESTARTER_EVOLVE_GPU: Seed=0  Test= 8  Generation=  7  Age=  1  Evolution= 0  Weight=0.00000000  Old Result=0.00160724 *New Result=0.00148052  Index=5855  EvolveAge1=0  EvolveAge2=1409  Best=0.00148052   BestAge=1  Time=1.8 Seconds  Run Time=1210.2 Seconds
FIRESTARTER_OPTIMIZE_GPU: Seed=0  Test= 8  Optimize=0  Generation=  7 *Result=0.00000146  Best=0.00000146   Time=2.3 Seconds  Run Time=1212.6 Seconds
FIRESTARTER_EVOLVE_GPU: Seed=0  Test= 8  Generation=  8  Age=  1  Evolution= 0  Weight=0.00000000  Old Result=0.00148052 *New Result=0.00141197  Index=5855  EvolveAge1=445  EvolveAge2=1433  Best=0.00141197   BestAge=1  Time=1.8 Seconds  Run Time=1214.4 Seconds
FIRESTARTER_EVOLVE_GPU: Seed=0  Test= 8  Generation=  9  Age=  1  Evolution= 0  Weight=0.00000000  Old Result=0.00141197 *New Result=0.00034380  Index=6165  EvolveAge1=2  EvolveAge2=181  Best=0.00034380   BestAge=1  Time=1.8 Seconds  Run Time=1216.2 Seconds
FIRESTARTER_OPTIMIZE_GPU: Seed=0  Test= 8  Optimize=0  Generation=  9 *Result=0.00000057  Best=0.00000057   Time=2.3 Seconds  Run Time=1218.5 Seconds
