CUDA devices = 1
Device 0: NVIDIA GeForce RTX 4090

variations = 1
samples = 15
instructions = 32
registers = 30
opcodes = 2
patternOpcodes = 4

targetMin = 0.000000f
targetMax = 6.283185f
target = 0.000001f

mode = FIRESTARTER_OPTIMIZE
evolveSeed = 0
optimizeSeed = 0
tests = 256
streams = 1
units = 1
states = 1
generations = 0
population = 65536
iterations = 64
passes = 512
candidates = 16
attempts = 0
optimize = 1

scale = 0.100000f
startScale = 4.000000f
startResult = 10.000000f

FIRESTARTER_OPTIMIZE: Seed=0  Test=47  Generation=  2 *Result=0.00003602  Best=0.00003602   Time=0.1  Run Time=407.5
FIRESTARTER_OPTIMIZE: Seed=0  Test=47  Generation=  3 *Result=0.00000833  Best=0.00000833   Time=0.1  Run Time=407.9
FIRESTARTER_OPTIMIZE: Seed=0  Test=47  Generation=  4  Result=0.00616083  Best=0.00000833   Time=0.1  Run Time=408.4
FIRESTARTER_OPTIMIZE: Seed=0  Test=47  Generation=  5 *Result=0.00000428  Best=0.00000428   Time=0.1  Run Time=408.9
FIRESTARTER_OPTIMIZE: Seed=0  Test=47  Generation=  6  Result=0.00101399  Best=0.00000428   Time=0.1  Run Time=409.3
FIRESTARTER_OPTIMIZE: Seed=0  Test=47  Generation=  7 *Result=0.00000144  Best=0.00000144   Time=0.1  Run Time=409.8
FIRESTARTER_OPTIMIZE: Seed=0  Test=47  Generation=  8  Result=0.00061285  Best=0.00000144   Time=0.1  Run Time=410.3
FIRESTARTER_OPTIMIZE: Seed=0  Test=47  Generation=  9  Result=0.00000296  Best=0.00000144   Time=0.1  Run Time=410.7
FIRESTARTER_OPTIMIZE: Seed=0  Test=47  Generation= 10  Result=0.00058770  Best=0.00000144   Time=0.1  Run Time=411.2
FIRESTARTER_OPTIMIZE: Seed=0  Test=47  Generation= 11  Result=0.00005418  Best=0.00000144   Time=0.1  Run Time=411.7
FIRESTARTER_OPTIMIZE: Seed=0  Test=47  Generation= 12 *Result=0.00000077  Best=0.00000077   Time=0.1  Run Time=412.1
