Duration: 10292.8  Evolve Seed=0  Test=1  Generation=64  Evolve Result=0.00000072  Optimize Pass=9  Optimize Result=0.00000012 *******
Duration: 11704.0  Evolve Seed=0  Test=0  Generation=66  Evolve Result=0.00000049  Optimize Pass=9  Optimize Result=0.00000036 *******
Duration: 12728.1  Evolve Seed=0  Test=2  Generation=87  Evolve Result=0.00000077  Optimize Pass=9  Optimize Result=0.00000048 *******
Duration: 13773.8  Evolve Seed=0  Test=3  Generation=49  Evolve Result=0.00000218  Optimize Pass=9  Optimize Result=0.00000143
