CUDA devices = 1
Device 0: NVIDIA GeForce RTX 4090

variations = 1
samples = 15
instructions = 32
registers = 30
opcodes = 2
patternOpcodes = 4

targetMin = 0.000000f
targetMax = 6.283185f
target = 0.000001f

mode = FIRESTARTER_OPTIMIZE
evolveSeed = 123
optimizeSeed = 123
tests = 256
streams = 1
units = 1
states = 1
generations = 0
population = 65536
iterations = 64
passes = 512
candidates = 16
attempts = 0
optimize = 1

scale = 0.300000f
startScale = 2.500000f
startResult = 10.000000f

FIRESTARTER_OPTIMIZE: Seed=123  Test=236  Generation=  2 *Result=0.00016103  Best=0.00016103   Time=0.1  Run Time=803.1
FIRESTARTER_OPTIMIZE: Seed=123  Test=236  Generation=  3 *Result=0.00002113  Best=0.00002113   Time=0.1  Run Time=803.5
FIRESTARTER_OPTIMIZE: Seed=123  Test=236  Generation=  4  Result=0.00006142  Best=0.00002113   Time=0.1  Run Time=803.9
FIRESTARTER_OPTIMIZE: Seed=123  Test=236  Generation=  5  Result=0.00003988  Best=0.00002113   Time=0.1  Run Time=804.3
FIRESTARTER_OPTIMIZE: Seed=123  Test=236  Generation=  6  Result=0.00018224  Best=0.00002113   Time=0.1  Run Time=804.7
FIRESTARTER_OPTIMIZE: Seed=123  Test=236  Generation=  7  Result=0.00004941  Best=0.00002113   Time=0.1  Run Time=805.0
FIRESTARTER_OPTIMIZE: Seed=123  Test=236  Generation=  8  Result=0.00019910  Best=0.00002113   Time=0.1  Run Time=805.4
FIRESTARTER_OPTIMIZE: Seed=123  Test=236  Generation=  9  Result=0.00097610  Best=0.00002113   Time=0.1  Run Time=805.8
FIRESTARTER_OPTIMIZE: Seed=123  Test=236  Generation= 10 *Result=0.00000010  Best=0.00000010   Time=0.1  Run Time=806.2
