CUDA devices = 1
Device 0: NVIDIA GeForce RTX 4090

variations = 1
samples = 15
instructions = 32
registers = 30
opcodes = 2
patternOpcodes = 4

targetMin = 0.000000f
targetMax = 6.283185f
target = 0.000001f

mode = FIRESTARTER_OPTIMIZE
evolveSeed = 0
optimizeSeed = 0
tests = 256
streams = 1
units = 1
states = 1
generations = 0
population = 65536
iterations = 64
passes = 512
candidates = 16
attempts = 0
optimize = 1

scale = 0.200000f
startScale = 2.500000f
startResult = 10.000000f

FIRESTARTER_OPTIMIZE: Seed=0  Test=47  Generation=  2 *Result=0.00056370  Best=0.00056370   Time=0.1  Run Time=229.7
FIRESTARTER_OPTIMIZE: Seed=0  Test=47  Generation=  3 *Result=0.00002577  Best=0.00002577   Time=0.1  Run Time=230.2
FIRESTARTER_OPTIMIZE: Seed=0  Test=47  Generation=  4  Result=0.00115416  Best=0.00002577   Time=0.1  Run Time=230.6
FIRESTARTER_OPTIMIZE: Seed=0  Test=47  Generation=  5  Result=0.00010526  Best=0.00002577   Time=0.1  Run Time=231.1
FIRESTARTER_OPTIMIZE: Seed=0  Test=47  Generation=  6  Result=0.00048843  Best=0.00002577   Time=0.1  Run Time=231.5
FIRESTARTER_OPTIMIZE: Seed=0  Test=47  Generation=  7  Result=0.00006231  Best=0.00002577   Time=0.1  Run Time=232.0
FIRESTARTER_OPTIMIZE: Seed=0  Test=47  Generation=  8 *Result=0.00000211  Best=0.00000211   Time=0.1  Run Time=232.4
FIRESTARTER_OPTIMIZE: Seed=0  Test=47  Generation=  9  Result=0.00008708  Best=0.00000211   Time=0.1  Run Time=232.8
FIRESTARTER_OPTIMIZE: Seed=0  Test=47  Generation= 10  Result=0.00006312  Best=0.00000211   Time=0.1  Run Time=233.3
FIRESTARTER_OPTIMIZE: Seed=0  Test=47  Generation= 11  Result=0.00055370  Best=0.00000211   Time=0.1  Run Time=233.7
FIRESTARTER_OPTIMIZE: Seed=0  Test=47  Generation= 12 *Result=0.00000010  Best=0.00000010   Time=0.1  Run Time=234.2
