CUDA devices = 1
Device 0: NVIDIA GeForce RTX 4090

variations = 1
samples = 15
instructions = 32
registers = 30
opcodes = 2
patternOpcodes = 4

targetMin = 0.000000f
targetMax = 6.283185f
target = 0.000001f

mode = FIRESTARTER_OPTIMIZE
evolveSeed = 123
optimizeSeed = 123
tests = 256
streams = 1
units = 1
states = 1
generations = 0
population = 65536
iterations = 64
passes = 512
candidates = 16
attempts = 0
optimize = 1

scale = 0.300000f
startScale = 2.500000f
startResult = 10.000000f

FIRESTARTER_OPTIMIZE: Seed=123  Test=196  Generation=  2 *Result=0.00670530  Best=0.00670530   Time=0.1  Run Time=655.4
FIRESTARTER_OPTIMIZE: Seed=123  Test=196  Generation=  3 *Result=0.00066178  Best=0.00066178   Time=0.1  Run Time=655.8
FIRESTARTER_OPTIMIZE: Seed=123  Test=196  Generation=  4  Result=0.00123758  Best=0.00066178   Time=0.1  Run Time=656.2
FIRESTARTER_OPTIMIZE: Seed=123  Test=196  Generation=  5 *Result=0.00003408  Best=0.00003408   Time=0.1  Run Time=656.6
FIRESTARTER_OPTIMIZE: Seed=123  Test=196  Generation=  6  Result=0.00021458  Best=0.00003408   Time=0.1  Run Time=656.9
FIRESTARTER_OPTIMIZE: Seed=123  Test=196  Generation=  7 *Result=0.00002047  Best=0.00002047   Time=0.1  Run Time=657.3
FIRESTARTER_OPTIMIZE: Seed=123  Test=196  Generation=  8  Result=0.00024089  Best=0.00002047   Time=0.1  Run Time=657.7
FIRESTARTER_OPTIMIZE: Seed=123  Test=196  Generation=  9 *Result=0.00000011  Best=0.00000011   Time=0.1  Run Time=658.1
