CUDA devices = 1
Device 0: NVIDIA GeForce RTX 4090

variations = 1
instructions = 32
registers = 30
opcodes = 2
patternOpcodes = 4

targetMin = 0.000000f
targetMax = 6.283185f
target = 0.000001f

mode = FIRESTARTER_OPTIMIZE
evolveSeed = 0
optimizeSeed = 0
tests = 256
streams = 1
units = 1
states = 1
generations = 0
population = 65536
passes = 512
attempts = 0
optimize = 1

scale = 0.300000f
startScale = 2.500000f
startResult = 10.000000f

FIRESTARTER_OPTIMIZE: Seed=0  Test=105  Generation=  2 *Result=0.00001883  Best=0.00001883   Time=0.1  Run Time=283.0
FIRESTARTER_OPTIMIZE: Seed=0  Test=105  Generation=  3  Result=0.00044871  Best=0.00001883   Time=0.1  Run Time=283.4
FIRESTARTER_OPTIMIZE: Seed=0  Test=105  Generation=  4  Result=0.00018512  Best=0.00001883   Time=0.1  Run Time=283.7
FIRESTARTER_OPTIMIZE: Seed=0  Test=105  Generation=  5  Result=0.00613921  Best=0.00001883   Time=0.1  Run Time=284.1
FIRESTARTER_OPTIMIZE: Seed=0  Test=105  Generation=  6  Result=0.00003827  Best=0.00001883   Time=0.1  Run Time=284.5
FIRESTARTER_OPTIMIZE: Seed=0  Test=105  Generation=  7  Result=0.00025946  Best=0.00001883   Time=0.1  Run Time=284.9
FIRESTARTER_OPTIMIZE: Seed=0  Test=105  Generation=  8  Result=0.00015729  Best=0.00001883   Time=0.1  Run Time=285.2
FIRESTARTER_OPTIMIZE: Seed=0  Test=105  Generation=  9  Result=0.00228219  Best=0.00001883   Time=0.1  Run Time=285.6
FIRESTARTER_OPTIMIZE: Seed=0  Test=105  Generation= 10 *Result=0.00000042  Best=0.00000042   Time=0.1  Run Time=286.0
