CUDA devices = 1
Device 0: NVIDIA GeForce RTX 4090

variations = 1
samples = 15
instructions = 32
registers = 30
opcodes = 2
patternOpcodes = 4

targetMin = 0.000000f
targetMax = 6.283185f
target = 0.000001f

mode = FIRESTARTER_OPTIMIZE
evolveSeed = 0
optimizeSeed = 0
tests = 256
streams = 1
units = 1
states = 1
generations = 0
population = 65536
iterations = 64
passes = 512
candidates = 16
attempts = 0
optimize = 1

scale = 0.300000f
startScale = 2.500000f
startResult = 10.000000f

FIRESTARTER_OPTIMIZE: Seed=0  Test=197  Generation=  2 *Result=0.00010428  Best=0.00010428   Time=0.1  Run Time=568.9
FIRESTARTER_OPTIMIZE: Seed=0  Test=197  Generation=  3 *Result=0.00000185  Best=0.00000185   Time=0.1  Run Time=569.2
FIRESTARTER_OPTIMIZE: Seed=0  Test=197  Generation=  4  Result=0.00000420  Best=0.00000185   Time=0.1  Run Time=569.6
FIRESTARTER_OPTIMIZE: Seed=0  Test=197  Generation=  5  Result=0.00018264  Best=0.00000185   Time=0.1  Run Time=570.0
FIRESTARTER_OPTIMIZE: Seed=0  Test=197  Generation=  6  Result=0.00000803  Best=0.00000185   Time=0.1  Run Time=570.3
FIRESTARTER_OPTIMIZE: Seed=0  Test=197  Generation=  7 *Result=0.00000133  Best=0.00000133   Time=0.1  Run Time=570.7
FIRESTARTER_OPTIMIZE: Seed=0  Test=197  Generation=  8  Result=0.00018674  Best=0.00000133   Time=0.1  Run Time=571.1
FIRESTARTER_OPTIMIZE: Seed=0  Test=197  Generation=  9  Result=0.00001621  Best=0.00000133   Time=0.1  Run Time=571.6
FIRESTARTER_OPTIMIZE: Seed=0  Test=197  Generation= 10  Result=0.00000849  Best=0.00000133   Time=0.1  Run Time=572.0
FIRESTARTER_OPTIMIZE: Seed=0  Test=197  Generation= 11  Result=0.00003842  Best=0.00000133   Time=0.1  Run Time=572.5
FIRESTARTER_OPTIMIZE: Seed=0  Test=197  Generation= 12  Result=0.00002772  Best=0.00000133   Time=0.1  Run Time=572.9
FIRESTARTER_OPTIMIZE: Seed=0  Test=197  Generation= 13 *Result=0.00000013  Best=0.00000013   Time=0.1  Run Time=573.4
