CUDA devices = 1
Device 0: NVIDIA GeForce RTX 4090

variations = 1
samples = 15
instructions = 32
registers = 30
opcodes = 2
patternOpcodes = 4

targetMin = 0.000000f
targetMax = 6.283185f
target = 0.000001f

mode = FIRESTARTER_OPTIMIZE
evolveSeed = 0
optimizeSeed = 0
tests = 256
streams = 1
units = 1
states = 1
generations = 0
population = 65536
iterations = 64
passes = 512
candidates = 16
attempts = 0
optimize = 1

scale = 0.300000f
startScale = 2.500000f
startResult = 10.000000f

FIRESTARTER_OPTIMIZE: Seed=0  Test=198  Generation=  2 *Result=0.00041884  Best=0.00041884   Time=0.1  Run Time=574.0
FIRESTARTER_OPTIMIZE: Seed=0  Test=198  Generation=  3 *Result=0.00001025  Best=0.00001025   Time=0.1  Run Time=574.4
FIRESTARTER_OPTIMIZE: Seed=0  Test=198  Generation=  4  Result=0.00001556  Best=0.00001025   Time=0.1  Run Time=574.8
FIRESTARTER_OPTIMIZE: Seed=0  Test=198  Generation=  5  Result=0.00005752  Best=0.00001025   Time=0.1  Run Time=575.1
FIRESTARTER_OPTIMIZE: Seed=0  Test=198  Generation=  6 *Result=0.00000155  Best=0.00000155   Time=0.1  Run Time=575.5
FIRESTARTER_OPTIMIZE: Seed=0  Test=198  Generation=  7  Result=0.00000600  Best=0.00000155   Time=0.1  Run Time=575.9
FIRESTARTER_OPTIMIZE: Seed=0  Test=198  Generation=  8 *Result=0.00000011  Best=0.00000011   Time=0.1  Run Time=576.3
