CUDA devices = 1
Device 0: NVIDIA GeForce RTX 4090

variations = 1
samples = 15
instructions = 32
registers = 30
opcodes = 2
patternOpcodes = 4

targetMin = 0.000000f
targetMax = 6.283185f
target = 0.000001f

mode = FIRESTARTER_OPTIMIZE
evolveSeed = 0
optimizeSeed = 0
tests = 256
streams = 1
units = 1
states = 1
generations = 0
population = 65536
iterations = 64
passes = 512
candidates = 16
attempts = 0
optimize = 1

scale = 0.150000f
startScale = 2.500000f
startResult = 10.000000f

FIRESTARTER_OPTIMIZE: Seed=0  Test=145  Generation=  2 *Result=0.00007049  Best=0.00007049   Time=0.1  Run Time=683.5
FIRESTARTER_OPTIMIZE: Seed=0  Test=145  Generation=  3  Result=0.00009200  Best=0.00007049   Time=0.1  Run Time=683.9
FIRESTARTER_OPTIMIZE: Seed=0  Test=145  Generation=  4  Result=0.00043258  Best=0.00007049   Time=0.1  Run Time=684.4
FIRESTARTER_OPTIMIZE: Seed=0  Test=145  Generation=  5  Result=0.00047904  Best=0.00007049   Time=0.1  Run Time=684.9
FIRESTARTER_OPTIMIZE: Seed=0  Test=145  Generation=  6 *Result=0.00000177  Best=0.00000177   Time=0.1  Run Time=685.4
FIRESTARTER_OPTIMIZE: Seed=0  Test=145  Generation=  7  Result=0.00054843  Best=0.00000177   Time=0.1  Run Time=685.8
FIRESTARTER_OPTIMIZE: Seed=0  Test=145  Generation=  8 *Result=0.00000150  Best=0.00000150   Time=0.1  Run Time=686.3
FIRESTARTER_OPTIMIZE: Seed=0  Test=145  Generation=  9  Result=0.00000639  Best=0.00000150   Time=0.1  Run Time=686.8
FIRESTARTER_OPTIMIZE: Seed=0  Test=145  Generation= 10 *Result=0.00000139  Best=0.00000139   Time=0.1  Run Time=687.3
FIRESTARTER_OPTIMIZE: Seed=0  Test=145  Generation= 11  Result=0.00050665  Best=0.00000139   Time=0.1  Run Time=687.7
FIRESTARTER_OPTIMIZE: Seed=0  Test=145  Generation= 12  Result=0.00225310  Best=0.00000139   Time=0.1  Run Time=688.2
FIRESTARTER_OPTIMIZE: Seed=0  Test=145  Generation= 13 *Result=0.00000091  Best=0.00000091   Time=0.1  Run Time=688.7
