CUDA devices = 1
Device 0: NVIDIA GeForce RTX 4090

variations = 1
instructions = 32
registers = 30
opcodes = 2
patternOpcodes = 4

targetMin = 0.000000f
targetMax = 6.283185f
target = 0.000001f

mode = FIRESTARTER_OPTIMIZE
evolveSeed = 0
optimizeSeed = 0
tests = 256
streams = 1
units = 1
states = 1
generations = 0
population = 49152
passes = 384
attempts = 0
optimize = 1

scale = 0.300000f
startScale = 2.500000f
startResult = 10.000000f

FIRESTARTER_OPTIMIZE: Seed=0  Test=114  Generation=  2 *Result=0.00026312  Best=0.00026312   Time=0.1  Run Time=292.4
FIRESTARTER_OPTIMIZE: Seed=0  Test=114  Generation=  3 *Result=0.00005235  Best=0.00005235   Time=0.1  Run Time=292.7
FIRESTARTER_OPTIMIZE: Seed=0  Test=114  Generation=  4  Result=0.00011243  Best=0.00005235   Time=0.1  Run Time=293.0
FIRESTARTER_OPTIMIZE: Seed=0  Test=114  Generation=  5  Result=0.00017171  Best=0.00005235   Time=0.1  Run Time=293.3
FIRESTARTER_OPTIMIZE: Seed=0  Test=114  Generation=  6 *Result=0.00000245  Best=0.00000245   Time=0.1  Run Time=293.6
FIRESTARTER_OPTIMIZE: Seed=0  Test=114  Generation=  7  Result=0.00015292  Best=0.00000245   Time=0.1  Run Time=293.9
FIRESTARTER_OPTIMIZE: Seed=0  Test=114  Generation=  8  Result=0.00001073  Best=0.00000245   Time=0.1  Run Time=294.2
FIRESTARTER_OPTIMIZE: Seed=0  Test=114  Generation=  9  Result=0.00065696  Best=0.00000245   Time=0.1  Run Time=294.5
FIRESTARTER_OPTIMIZE: Seed=0  Test=114  Generation= 10 *Result=0.00000045  Best=0.00000045   Time=0.1  Run Time=294.8
