CUDA devices = 1
Device 0: NVIDIA GeForce RTX 4090

variations = 1
instructions = 32
registers = 30
opcodes = 2
patternOpcodes = 4

targetMin = 0.000000f
targetMax = 6.283185f
target = 0.000001f

mode = FIRESTARTER_OPTIMIZE
evolveSeed = 1
optimizeSeed = 1
tests = 256
streams = 1
units = 1
states = 1
generations = 0
population = 65536
passes = 512
attempts = 0
optimize = 1

scale = 0.300000f
startScale = 2.500000f
startResult = 10.000000f

FIRESTARTER_OPTIMIZE: Seed=1  Test=155  Generation=  2 *Result=0.00003785  Best=0.00003785   Time=0.1  Run Time=493.9
FIRESTARTER_OPTIMIZE: Seed=1  Test=155  Generation=  3  Result=0.00027694  Best=0.00003785   Time=0.1  Run Time=494.3
FIRESTARTER_OPTIMIZE: Seed=1  Test=155  Generation=  4 *Result=0.00001162  Best=0.00001162   Time=0.1  Run Time=494.7
FIRESTARTER_OPTIMIZE: Seed=1  Test=155  Generation=  5  Result=0.00209130  Best=0.00001162   Time=0.1  Run Time=495.2
FIRESTARTER_OPTIMIZE: Seed=1  Test=155  Generation=  6 *Result=0.00000169  Best=0.00000169   Time=0.1  Run Time=495.6
FIRESTARTER_OPTIMIZE: Seed=1  Test=155  Generation=  7  Result=0.00012350  Best=0.00000169   Time=0.1  Run Time=496.0
FIRESTARTER_OPTIMIZE: Seed=1  Test=155  Generation=  8  Result=0.00000276  Best=0.00000169   Time=0.1  Run Time=496.5
FIRESTARTER_OPTIMIZE: Seed=1  Test=155  Generation=  9  Result=0.00011493  Best=0.00000169   Time=0.1  Run Time=496.9
FIRESTARTER_OPTIMIZE: Seed=1  Test=155  Generation= 10  Result=0.00005588  Best=0.00000169   Time=0.1  Run Time=497.3
FIRESTARTER_OPTIMIZE: Seed=1  Test=155  Generation= 11 *Result=0.00000018  Best=0.00000018   Time=0.1  Run Time=497.7
