CUDA devices = 1
Device 0: NVIDIA GeForce RTX 4090

variations = 1
instructions = 32
registers = 30
opcodes = 2
patternOpcodes = 4

targetMin = 0.000000f
targetMax = 6.283185f
target = 0.000001f

mode = FIRESTARTER_OPTIMIZE
evolveSeed = 0
optimizeSeed = 0
tests = 256
streams = 1
units = 1
states = 1
generations = 0
population = 49152
passes = 384
attempts = 0
optimize = 1

scale = 0.300000f
startScale = 2.500000f
startResult = 10.000000f

FIRESTARTER_OPTIMIZE: Seed=0  Test=229  Generation=  2 *Result=0.00016055  Best=0.00016055   Time=0.1  Run Time=578.6
FIRESTARTER_OPTIMIZE: Seed=0  Test=229  Generation=  3  Result=0.00065002  Best=0.00016055   Time=0.1  Run Time=578.9
FIRESTARTER_OPTIMIZE: Seed=0  Test=229  Generation=  4 *Result=0.00005350  Best=0.00005350   Time=0.1  Run Time=579.2
FIRESTARTER_OPTIMIZE: Seed=0  Test=229  Generation=  5  Result=0.00228049  Best=0.00005350   Time=0.1  Run Time=579.5
FIRESTARTER_OPTIMIZE: Seed=0  Test=229  Generation=  6 *Result=0.00002817  Best=0.00002817   Time=0.1  Run Time=579.8
FIRESTARTER_OPTIMIZE: Seed=0  Test=229  Generation=  7 *Result=0.00000061  Best=0.00000061   Time=0.1  Run Time=580.1
