CUDA devices = 1
Device 0: NVIDIA GeForce RTX 4090

variations = 1
instructions = 32
registers = 30
opcodes = 2
patternOpcodes = 4

targetMin = 0.000000f
targetMax = 6.283185f
target = 0.000001f

mode = FIRESTARTER_OPTIMIZE
evolveSeed = 0
optimizeSeed = 0
tests = 256
streams = 1
units = 1
states = 1
generations = 0
population = 65536
passes = 512
attempts = 0
optimize = 1

scale = 0.300000f
startScale = 2.500000f
startResult = 10.000000f

FIRESTARTER_OPTIMIZE: Seed=0  Test=50  Generation=  2 *Result=0.00005206  Best=0.00005206   Time=0.1  Run Time=121.9
FIRESTARTER_OPTIMIZE: Seed=0  Test=50  Generation=  3  Result=0.00027986  Best=0.00005206   Time=0.1  Run Time=122.3
FIRESTARTER_OPTIMIZE: Seed=0  Test=50  Generation=  4 *Result=0.00001520  Best=0.00001520   Time=0.1  Run Time=122.7
FIRESTARTER_OPTIMIZE: Seed=0  Test=50  Generation=  5  Result=0.00006485  Best=0.00001520   Time=0.1  Run Time=123.0
FIRESTARTER_OPTIMIZE: Seed=0  Test=50  Generation=  6  Result=0.00099083  Best=0.00001520   Time=0.1  Run Time=123.4
FIRESTARTER_OPTIMIZE: Seed=0  Test=50  Generation=  7 *Result=0.00000203  Best=0.00000203   Time=0.1  Run Time=123.8
FIRESTARTER_OPTIMIZE: Seed=0  Test=50  Generation=  8  Result=0.00232744  Best=0.00000203   Time=0.1  Run Time=124.2
FIRESTARTER_OPTIMIZE: Seed=0  Test=50  Generation=  9  Result=0.00000334  Best=0.00000203   Time=0.1  Run Time=124.6
FIRESTARTER_OPTIMIZE: Seed=0  Test=50  Generation= 10  Result=0.00025031  Best=0.00000203   Time=0.1  Run Time=124.9
FIRESTARTER_OPTIMIZE: Seed=0  Test=50  Generation= 11  Result=0.00000382  Best=0.00000203   Time=0.1  Run Time=125.3
FIRESTARTER_OPTIMIZE: Seed=0  Test=50  Generation= 12 *Result=0.00000034  Best=0.00000034   Time=0.1  Run Time=125.7
