CUDA devices = 1
Device 0: NVIDIA GeForce RTX 4090

variations = 1
samples = 15
instructions = 32
registers = 30
opcodes = 2
patternOpcodes = 4

targetMin = 0.000000f
targetMax = 6.283185f
target = 0.000001f

mode = FIRESTARTER_OPTIMIZE
evolveSeed = 0
optimizeSeed = 0
tests = 256
streams = 1
units = 1
states = 1
generations = 0
population = 65536
iterations = 64
passes = 512
candidates = 16
attempts = 0
optimize = 1

scale = 0.150000f
startScale = 2.500000f
startResult = 10.000000f

FIRESTARTER_OPTIMIZE: Seed=0  Test=70  Generation=  2 *Result=0.00025370  Best=0.00025370   Time=0.1  Run Time=357.2
FIRESTARTER_OPTIMIZE: Seed=0  Test=70  Generation=  3  Result=0.00163844  Best=0.00025370   Time=0.1  Run Time=357.7
FIRESTARTER_OPTIMIZE: Seed=0  Test=70  Generation=  4  Result=0.00031945  Best=0.00025370   Time=0.1  Run Time=358.2
FIRESTARTER_OPTIMIZE: Seed=0  Test=70  Generation=  5 *Result=0.00015178  Best=0.00015178   Time=0.1  Run Time=358.7
FIRESTARTER_OPTIMIZE: Seed=0  Test=70  Generation=  6  Result=0.00143422  Best=0.00015178   Time=0.1  Run Time=359.1
FIRESTARTER_OPTIMIZE: Seed=0  Test=70  Generation=  7 *Result=0.00011906  Best=0.00011906   Time=0.1  Run Time=359.6
FIRESTARTER_OPTIMIZE: Seed=0  Test=70  Generation=  8  Result=0.00036879  Best=0.00011906   Time=0.1  Run Time=360.1
FIRESTARTER_OPTIMIZE: Seed=0  Test=70  Generation=  9  Result=0.00018650  Best=0.00011906   Time=0.1  Run Time=360.5
FIRESTARTER_OPTIMIZE: Seed=0  Test=70  Generation= 10 *Result=0.00006306  Best=0.00006306   Time=0.1  Run Time=361.0
FIRESTARTER_OPTIMIZE: Seed=0  Test=70  Generation= 11  Result=0.00053360  Best=0.00006306   Time=0.1  Run Time=361.5
FIRESTARTER_OPTIMIZE: Seed=0  Test=70  Generation= 12 *Result=0.00000029  Best=0.00000029   Time=0.1  Run Time=362.0
