CUDA devices = 1
Device 0: NVIDIA GeForce RTX 4090

variations = 1
instructions = 32
registers = 30
opcodes = 2
patternOpcodes = 4

targetMin = 0.000000f
targetMax = 6.283185f
target = 0.000001f

mode = FIRESTARTER_OPTIMIZE
evolveSeed = 1
optimizeSeed = 1
tests = 256
streams = 1
units = 1
states = 1
generations = 0
population = 65536
passes = 512
attempts = 0
optimize = 1

scale = 0.300000f
startScale = 2.500000f
startResult = 10.000000f

FIRESTARTER_OPTIMIZE: Seed=1  Test=83  Generation=  2 *Result=0.00045079  Best=0.00045079   Time=0.1  Run Time=274.8
FIRESTARTER_OPTIMIZE: Seed=1  Test=83  Generation=  3  Result=0.00054190  Best=0.00045079   Time=0.1  Run Time=275.2
FIRESTARTER_OPTIMIZE: Seed=1  Test=83  Generation=  4 *Result=0.00003136  Best=0.00003136   Time=0.1  Run Time=275.7
FIRESTARTER_OPTIMIZE: Seed=1  Test=83  Generation=  5  Result=0.00375668  Best=0.00003136   Time=0.1  Run Time=276.1
FIRESTARTER_OPTIMIZE: Seed=1  Test=83  Generation=  6  Result=0.00226843  Best=0.00003136   Time=0.1  Run Time=276.6
FIRESTARTER_OPTIMIZE: Seed=1  Test=83  Generation=  7 *Result=0.00002849  Best=0.00002849   Time=0.1  Run Time=277.1
FIRESTARTER_OPTIMIZE: Seed=1  Test=83  Generation=  8  Result=0.00071463  Best=0.00002849   Time=0.1  Run Time=277.5
FIRESTARTER_OPTIMIZE: Seed=1  Test=83  Generation=  9  Result=0.00008306  Best=0.00002849   Time=0.1  Run Time=278.0
FIRESTARTER_OPTIMIZE: Seed=1  Test=83  Generation= 10  Result=0.00222342  Best=0.00002849   Time=0.1  Run Time=278.4
FIRESTARTER_OPTIMIZE: Seed=1  Test=83  Generation= 11 *Result=0.00000015  Best=0.00000015   Time=0.1  Run Time=278.8
