CUDA devices = 1
Device 0: NVIDIA GeForce RTX 4090

variations = 1
instructions = 32
registers = 30
opcodes = 2
patternOpcodes = 4

targetMin = 0.000000f
targetMax = 6.283185f
target = 0.000001f

mode = FIRESTARTER_OPTIMIZE
evolveSeed = 1
optimizeSeed = 1
tests = 256
streams = 1
units = 1
states = 1
generations = 0
population = 65536
passes = 512
attempts = 0
optimize = 1

scale = 0.300000f
startScale = 2.500000f
startResult = 10.000000f

FIRESTARTER_OPTIMIZE: Seed=1  Test=84  Generation=  2 *Result=0.00003058  Best=0.00003058   Time=0.1  Run Time=266.2
FIRESTARTER_OPTIMIZE: Seed=1  Test=84  Generation=  3 *Result=0.00000565  Best=0.00000565   Time=0.1  Run Time=266.6
FIRESTARTER_OPTIMIZE: Seed=1  Test=84  Generation=  4  Result=0.00217022  Best=0.00000565   Time=0.1  Run Time=267.0
FIRESTARTER_OPTIMIZE: Seed=1  Test=84  Generation=  5  Result=0.00018503  Best=0.00000565   Time=0.1  Run Time=267.4
FIRESTARTER_OPTIMIZE: Seed=1  Test=84  Generation=  6 *Result=0.00000027  Best=0.00000027   Time=0.1  Run Time=267.8
