CUDA devices = 1
Device 0: NVIDIA GeForce RTX 4090

variations = 1
samples = 15
instructions = 32
registers = 30
opcodes = 2
patternOpcodes = 4

targetMin = 0.000000f
targetMax = 6.283185f
target = 0.000001f

mode = FIRESTARTER_OPTIMIZE
evolveSeed = 123
optimizeSeed = 123
tests = 256
streams = 1
units = 1
states = 1
generations = 0
population = 65536
iterations = 64
passes = 512
candidates = 16
attempts = 0
optimize = 1

scale = 0.300000f
startScale = 2.500000f
startResult = 10.000000f

FIRESTARTER_OPTIMIZE: Seed=123  Test=199  Generation=  2 *Result=0.00221092  Best=0.00221092   Time=0.1  Run Time=597.0
FIRESTARTER_OPTIMIZE: Seed=123  Test=199  Generation=  3 *Result=0.00004776  Best=0.00004776   Time=0.1  Run Time=597.4
FIRESTARTER_OPTIMIZE: Seed=123  Test=199  Generation=  4  Result=0.00333601  Best=0.00004776   Time=0.1  Run Time=597.8
FIRESTARTER_OPTIMIZE: Seed=123  Test=199  Generation=  5  Result=0.00064143  Best=0.00004776   Time=0.1  Run Time=598.3
FIRESTARTER_OPTIMIZE: Seed=123  Test=199  Generation=  6  Result=0.00042504  Best=0.00004776   Time=0.1  Run Time=598.7
FIRESTARTER_OPTIMIZE: Seed=123  Test=199  Generation=  7 *Result=0.00002056  Best=0.00002056   Time=0.1  Run Time=599.1
FIRESTARTER_OPTIMIZE: Seed=123  Test=199  Generation=  8 *Result=0.00000918  Best=0.00000918   Time=0.1  Run Time=599.6
FIRESTARTER_OPTIMIZE: Seed=123  Test=199  Generation=  9 *Result=0.00000069  Best=0.00000069   Time=0.1  Run Time=600.0
