CUDA devices = 1
Device 0: NVIDIA GeForce RTX 4090

variations = 1
instructions = 32
registers = 30
opcodes = 2
patternOpcodes = 4

targetMin = 0.000000f
targetMax = 6.283185f
target = 0.000001f

mode = FIRESTARTER_OPTIMIZE
evolveSeed = 1
optimizeSeed = 1
tests = 256
streams = 1
units = 1
states = 1
generations = 0
population = 65536
passes = 512
attempts = 0
optimize = 1

scale = 0.300000f
startScale = 2.500000f
startResult = 10.000000f

FIRESTARTER_OPTIMIZE: Seed=1  Test=119  Generation=  2 *Result=0.00132231  Best=0.00132231   Time=0.1  Run Time=414.9
FIRESTARTER_OPTIMIZE: Seed=1  Test=119  Generation=  3 *Result=0.00000187  Best=0.00000187   Time=0.1  Run Time=415.2
FIRESTARTER_OPTIMIZE: Seed=1  Test=119  Generation=  4  Result=0.00004571  Best=0.00000187   Time=0.1  Run Time=415.6
FIRESTARTER_OPTIMIZE: Seed=1  Test=119  Generation=  5  Result=0.00010711  Best=0.00000187   Time=0.1  Run Time=416.1
FIRESTARTER_OPTIMIZE: Seed=1  Test=119  Generation=  6 *Result=0.00000093  Best=0.00000093   Time=0.1  Run Time=416.6
