CUDA devices = 1
Device 0: NVIDIA GeForce RTX 4090

variations = 1
samples = 15
instructions = 32
registers = 30
opcodes = 2
patternOpcodes = 4

targetMin = 0.000000f
targetMax = 6.283185f
target = 0.000001f

mode = FIRESTARTER_OPTIMIZE
evolveSeed = 123
optimizeSeed = 123
tests = 256
streams = 1
units = 1
states = 1
generations = 0
population = 65536
iterations = 64
passes = 512
candidates = 16
attempts = 0
optimize = 1

scale = 0.300000f
startScale = 2.500000f
startResult = 10.000000f

FIRESTARTER_OPTIMIZE: Seed=123  Test=41  Generation=  2 *Result=0.00021553  Best=0.00021553   Time=0.1  Run Time=124.1
FIRESTARTER_OPTIMIZE: Seed=123  Test=41  Generation=  3 *Result=0.00018420  Best=0.00018420   Time=0.1  Run Time=124.4
FIRESTARTER_OPTIMIZE: Seed=123  Test=41  Generation=  4 *Result=0.00002067  Best=0.00002067   Time=0.1  Run Time=124.8
FIRESTARTER_OPTIMIZE: Seed=123  Test=41  Generation=  5  Result=0.00006836  Best=0.00002067   Time=0.1  Run Time=125.2
FIRESTARTER_OPTIMIZE: Seed=123  Test=41  Generation=  6  Result=0.00018402  Best=0.00002067   Time=0.1  Run Time=125.6
FIRESTARTER_OPTIMIZE: Seed=123  Test=41  Generation=  7  Result=0.00002186  Best=0.00002067   Time=0.1  Run Time=125.9
FIRESTARTER_OPTIMIZE: Seed=123  Test=41  Generation=  8  Result=0.00017655  Best=0.00002067   Time=0.1  Run Time=126.3
FIRESTARTER_OPTIMIZE: Seed=123  Test=41  Generation=  9  Result=0.00063218  Best=0.00002067   Time=0.1  Run Time=126.7
FIRESTARTER_OPTIMIZE: Seed=123  Test=41  Generation= 10  Result=0.00016203  Best=0.00002067   Time=0.1  Run Time=127.1
FIRESTARTER_OPTIMIZE: Seed=123  Test=41  Generation= 11  Result=0.00010315  Best=0.00002067   Time=0.1  Run Time=127.5
FIRESTARTER_OPTIMIZE: Seed=123  Test=41  Generation= 12 *Result=0.00000017  Best=0.00000017   Time=0.1  Run Time=127.9
