CUDA devices = 1
Device 0: NVIDIA GeForce RTX 4090

variations = 1
instructions = 32
registers = 30
opcodes = 2
patternOpcodes = 4

targetMin = 0.000000f
targetMax = 6.283185f
target = 0.000001f

mode = FIRESTARTER_OPTIMIZE
evolveSeed = 0
optimizeSeed = 0
tests = 256
streams = 1
units = 1
states = 1
generations = 0
population = 65536
passes = 384
attempts = 0
optimize = 1

scale = 0.300000f
startScale = 2.500000f
startResult = 10.000000f

FIRESTARTER_OPTIMIZE: Seed=0  Test=92  Generation=  1 *Result=0.00000669  Best=0.00000669   Time=0.1  Run Time=300.6
FIRESTARTER_OPTIMIZE: Seed=0  Test=92  Generation=  2 *Result=0.00000241  Best=0.00000241   Time=0.1  Run Time=300.7
FIRESTARTER_OPTIMIZE: Seed=0  Test=92  Generation=  3  Result=0.00008391  Best=0.00000241   Time=0.1  Run Time=301.0
FIRESTARTER_OPTIMIZE: Seed=0  Test=92  Generation=  4  Result=0.00006220  Best=0.00000241   Time=0.1  Run Time=301.1
FIRESTARTER_OPTIMIZE: Seed=0  Test=92  Generation=  5  Result=0.00022554  Best=0.00000241   Time=0.1  Run Time=301.3
FIRESTARTER_OPTIMIZE: Seed=0  Test=92  Generation=  6  Result=0.00000388  Best=0.00000241   Time=0.1  Run Time=301.4
FIRESTARTER_OPTIMIZE: Seed=0  Test=92  Generation=  7  Result=0.00034050  Best=0.00000241   Time=0.1  Run Time=301.6
FIRESTARTER_OPTIMIZE: Seed=0  Test=92  Generation=  8 *Result=0.00000109  Best=0.00000109   Time=0.1  Run Time=301.7
FIRESTARTER_OPTIMIZE: Seed=0  Test=92  Generation=  9 *Result=0.00000017  Best=0.00000017   Time=0.1  Run Time=301.9
