CUDA devices = 1
Device 0: NVIDIA GeForce RTX 4090

variations = 1
samples = 15
instructions = 32
registers = 30
opcodes = 2
patternOpcodes = 4

targetMin = 0.000000f
targetMax = 6.283185f
target = 0.000001f

mode = FIRESTARTER_OPTIMIZE
evolveSeed = 0
optimizeSeed = 0
tests = 256
streams = 1
units = 1
states = 1
generations = 0
population = 65536
iterations = 64
passes = 512
candidates = 16
attempts = 0
optimize = 1

scale = 0.100000f
startScale = 2.500000f
startResult = 10.000000f

FIRESTARTER_OPTIMIZE: Seed=0  Test=98  Generation=  2 *Result=0.00018221  Best=0.00018221   Time=0.1  Run Time=576.4
FIRESTARTER_OPTIMIZE: Seed=0  Test=98  Generation=  3  Result=0.00232685  Best=0.00018221   Time=0.1  Run Time=576.8
FIRESTARTER_OPTIMIZE: Seed=0  Test=98  Generation=  4  Result=0.00021739  Best=0.00018221   Time=0.1  Run Time=577.2
FIRESTARTER_OPTIMIZE: Seed=0  Test=98  Generation=  5  Result=0.00223559  Best=0.00018221   Time=0.1  Run Time=577.7
FIRESTARTER_OPTIMIZE: Seed=0  Test=98  Generation=  6 *Result=0.00000759  Best=0.00000759   Time=0.1  Run Time=578.1
FIRESTARTER_OPTIMIZE: Seed=0  Test=98  Generation=  7  Result=0.00615600  Best=0.00000759   Time=0.1  Run Time=578.6
FIRESTARTER_OPTIMIZE: Seed=0  Test=98  Generation=  8  Result=0.00021229  Best=0.00000759   Time=0.1  Run Time=579.0
FIRESTARTER_OPTIMIZE: Seed=0  Test=98  Generation=  9  Result=0.00004385  Best=0.00000759   Time=0.1  Run Time=579.5
FIRESTARTER_OPTIMIZE: Seed=0  Test=98  Generation= 10  Result=0.00018721  Best=0.00000759   Time=0.1  Run Time=579.9
FIRESTARTER_OPTIMIZE: Seed=0  Test=98  Generation= 11 *Result=0.00000017  Best=0.00000017   Time=0.1  Run Time=580.4
