CUDA devices = 1
Device 0: NVIDIA GeForce RTX 4090

variations = 1
samples = 15
instructions = 30
registers = 30
opcodes = 2
patternOpcodes = 4

targetMin = 0.000000f
targetMax = 6.283185f
target = 0.000001f

mode = FIRESTARTER_OPTIMIZE
evolveSeed = 0
optimizeSeed = 0
tests = 256
streams = 1
units = 1
states = 1
generations = 0
population = 65536
iterations = 64
passes = 512
candidates = 16
attempts = 0
optimize = 1

scale = 0.300000f
startScale = 2.500000f
startResult = 10.000000f

FIRESTARTER_OPTIMIZE: Seed=0  Test=148  Generation=  2 *Result=0.00018257  Best=0.00018257   Time=0.1  Run Time=500.9
FIRESTARTER_OPTIMIZE: Seed=0  Test=148  Generation=  3 *Result=0.00000437  Best=0.00000437   Time=0.1  Run Time=501.3
FIRESTARTER_OPTIMIZE: Seed=0  Test=148  Generation=  4  Result=0.00018215  Best=0.00000437   Time=0.1  Run Time=501.8
FIRESTARTER_OPTIMIZE: Seed=0  Test=148  Generation=  5  Result=0.00000780  Best=0.00000437   Time=0.1  Run Time=502.2
FIRESTARTER_OPTIMIZE: Seed=0  Test=148  Generation=  6 *Result=0.00000010  Best=0.00000010   Time=0.1  Run Time=502.6
