CUDA devices = 1
Device 0: NVIDIA GeForce RTX 4090

variations = 1
samples = 15
instructions = 32
registers = 30
opcodes = 2
patternOpcodes = 4

targetMin = 0.000000f
targetMax = 6.283185f
target = 0.000001f

mode = FIRESTARTER_OPTIMIZE
evolveSeed = 0
optimizeSeed = 0
tests = 256
streams = 1
units = 1
states = 1
generations = 0
population = 65536
iterations = 64
passes = 512
candidates = 16
attempts = 0
optimize = 1

scale = 0.150000f
startScale = 2.500000f
startResult = 10.000000f

FIRESTARTER_OPTIMIZE: Seed=0  Test=51  Generation=  2 *Result=0.00003782  Best=0.00003782   Time=0.1  Run Time=249.8
FIRESTARTER_OPTIMIZE: Seed=0  Test=51  Generation=  3  Result=0.00614607  Best=0.00003782   Time=0.1  Run Time=250.2
FIRESTARTER_OPTIMIZE: Seed=0  Test=51  Generation=  4  Result=0.00072646  Best=0.00003782   Time=0.1  Run Time=250.7
FIRESTARTER_OPTIMIZE: Seed=0  Test=51  Generation=  5  Result=0.00237322  Best=0.00003782   Time=0.1  Run Time=251.2
FIRESTARTER_OPTIMIZE: Seed=0  Test=51  Generation=  6  Result=0.00046927  Best=0.00003782   Time=0.1  Run Time=251.7
FIRESTARTER_OPTIMIZE: Seed=0  Test=51  Generation=  7  Result=0.00015908  Best=0.00003782   Time=0.1  Run Time=252.1
FIRESTARTER_OPTIMIZE: Seed=0  Test=51  Generation=  8 *Result=0.00000073  Best=0.00000073   Time=0.1  Run Time=252.6
