CUDA devices = 1
Device 0: NVIDIA GeForce RTX 4090

variations = 1
instructions = 32
registers = 30
opcodes = 2
patternOpcodes = 4

targetMin = 0.000000f
targetMax = 6.283185f
target = 0.000001f

mode = FIRESTARTER_OPTIMIZE
evolveSeed = 0
optimizeSeed = 0
tests = 256
streams = 1
units = 1
states = 1
generations = 0
population = 65536
passes = 384
attempts = 0
optimize = 1

scale = 0.300000f
startScale = 2.500000f
startResult = 10.000000f

FIRESTARTER_OPTIMIZE: Seed=0  Test=249  Generation=  1 *Result=0.00005577  Best=0.00005577   Time=0.1  Run Time=876.9
FIRESTARTER_OPTIMIZE: Seed=0  Test=249  Generation=  2  Result=0.00019729  Best=0.00005577   Time=0.1  Run Time=877.0
FIRESTARTER_OPTIMIZE: Seed=0  Test=249  Generation=  3 *Result=0.00003749  Best=0.00003749   Time=0.1  Run Time=877.2
FIRESTARTER_OPTIMIZE: Seed=0  Test=249  Generation=  4  Result=0.00007534  Best=0.00003749   Time=0.1  Run Time=877.3
FIRESTARTER_OPTIMIZE: Seed=0  Test=249  Generation=  5  Result=0.00289524  Best=0.00003749   Time=0.1  Run Time=877.5
FIRESTARTER_OPTIMIZE: Seed=0  Test=249  Generation=  6 *Result=0.00000194  Best=0.00000194   Time=0.1  Run Time=877.6
FIRESTARTER_OPTIMIZE: Seed=0  Test=249  Generation=  7  Result=0.00007422  Best=0.00000194   Time=0.1  Run Time=877.8
FIRESTARTER_OPTIMIZE: Seed=0  Test=249  Generation=  8 *Result=0.00000034  Best=0.00000034   Time=0.1  Run Time=877.9
