CUDA devices = 1
Device 0: NVIDIA GeForce RTX 4090

variations = 1
samples = 15
instructions = 32
registers = 30
opcodes = 2
patternOpcodes = 4

targetMin = 0.000000f
targetMax = 6.283185f
target = 0.000001f

mode = FIRESTARTER_OPTIMIZE
evolveSeed = 0
optimizeSeed = 0
tests = 256
streams = 1
units = 1
states = 1
generations = 0
population = 65536
iterations = 64
passes = 512
candidates = 16
attempts = 0
optimize = 1

scale = 0.100000f
startScale = 4.000000f
startResult = 10.000000f

FIRESTARTER_OPTIMIZE: Seed=0  Test=134  Generation=  2 *Result=0.00007292  Best=0.00007292   Time=0.1  Run Time=1044.6
FIRESTARTER_OPTIMIZE: Seed=0  Test=134  Generation=  3  Result=0.00092667  Best=0.00007292   Time=0.1  Run Time=1045.0
FIRESTARTER_OPTIMIZE: Seed=0  Test=134  Generation=  4  Result=0.00035900  Best=0.00007292   Time=0.1  Run Time=1045.5
FIRESTARTER_OPTIMIZE: Seed=0  Test=134  Generation=  5 *Result=0.00002098  Best=0.00002098   Time=0.1  Run Time=1046.0
FIRESTARTER_OPTIMIZE: Seed=0  Test=134  Generation=  6  Result=0.00100225  Best=0.00002098   Time=0.1  Run Time=1046.4
FIRESTARTER_OPTIMIZE: Seed=0  Test=134  Generation=  7  Result=0.00107238  Best=0.00002098   Time=0.1  Run Time=1046.9
FIRESTARTER_OPTIMIZE: Seed=0  Test=134  Generation=  8  Result=0.00018275  Best=0.00002098   Time=0.1  Run Time=1047.4
FIRESTARTER_OPTIMIZE: Seed=0  Test=134  Generation=  9  Result=0.00143530  Best=0.00002098   Time=0.1  Run Time=1047.9
FIRESTARTER_OPTIMIZE: Seed=0  Test=134  Generation= 10 *Result=0.00000032  Best=0.00000032   Time=0.1  Run Time=1048.3
