CUDA devices = 1
Device 0: NVIDIA GeForce RTX 4090

variations = 1
instructions = 32
registers = 30
opcodes = 2
patternOpcodes = 4

targetMin = 0.000000f
targetMax = 6.283185f
target = 0.000001f

mode = FIRESTARTER_OPTIMIZE
evolveSeed = 1
optimizeSeed = 1
tests = 256
streams = 1
units = 1
states = 1
generations = 0
population = 65536
passes = 512
attempts = 0
optimize = 1

scale = 0.300000f
startScale = 2.500000f
startResult = 10.000000f

FIRESTARTER_OPTIMIZE: Seed=1  Test=16  Generation=  2 *Result=0.00003296  Best=0.00003296   Time=0.1  Run Time=42.2
FIRESTARTER_OPTIMIZE: Seed=1  Test=16  Generation=  3  Result=0.00007370  Best=0.00003296   Time=0.1  Run Time=42.6
FIRESTARTER_OPTIMIZE: Seed=1  Test=16  Generation=  4  Result=0.00057300  Best=0.00003296   Time=0.1  Run Time=42.9
FIRESTARTER_OPTIMIZE: Seed=1  Test=16  Generation=  5 *Result=0.00001406  Best=0.00001406   Time=0.1  Run Time=43.3
FIRESTARTER_OPTIMIZE: Seed=1  Test=16  Generation=  6  Result=0.00014750  Best=0.00001406   Time=0.1  Run Time=43.7
FIRESTARTER_OPTIMIZE: Seed=1  Test=16  Generation=  7  Result=0.00022292  Best=0.00001406   Time=0.1  Run Time=44.0
FIRESTARTER_OPTIMIZE: Seed=1  Test=16  Generation=  8  Result=0.00013396  Best=0.00001406   Time=0.1  Run Time=44.4
FIRESTARTER_OPTIMIZE: Seed=1  Test=16  Generation=  9  Result=0.00225204  Best=0.00001406   Time=0.1  Run Time=44.8
FIRESTARTER_OPTIMIZE: Seed=1  Test=16  Generation= 10  Result=0.00001887  Best=0.00001406   Time=0.1  Run Time=45.2
FIRESTARTER_OPTIMIZE: Seed=1  Test=16  Generation= 11 *Result=0.00000044  Best=0.00000044   Time=0.1  Run Time=45.6
