CUDA devices = 1
Device 0: NVIDIA GeForce RTX 4090

variations = 1
samples = 15
instructions = 32
registers = 30
opcodes = 2
patternOpcodes = 4

targetMin = 0.000000f
targetMax = 6.283185f
target = 0.000001f

mode = FIRESTARTER_OPTIMIZE
evolveSeed = 0
optimizeSeed = 0
tests = 256
streams = 1
units = 1
states = 1
generations = 0
population = 65536
iterations = 64
passes = 512
candidates = 16
attempts = 0
optimize = 1

scale = 0.100000f
startScale = 2.500000f
startResult = 10.000000f

FIRESTARTER_OPTIMIZE: Seed=0  Test=229  Generation=  2 *Result=0.00614043  Best=0.00614043   Time=0.1  Run Time=1227.6
FIRESTARTER_OPTIMIZE: Seed=0  Test=229  Generation=  3 *Result=0.00122016  Best=0.00122016   Time=0.1  Run Time=1228.0
FIRESTARTER_OPTIMIZE: Seed=0  Test=229  Generation=  4 *Result=0.00020605  Best=0.00020605   Time=0.1  Run Time=1228.5
FIRESTARTER_OPTIMIZE: Seed=0  Test=229  Generation=  5 *Result=0.00000930  Best=0.00000930   Time=0.1  Run Time=1228.9
FIRESTARTER_OPTIMIZE: Seed=0  Test=229  Generation=  6  Result=0.00029754  Best=0.00000930   Time=0.1  Run Time=1229.4
FIRESTARTER_OPTIMIZE: Seed=0  Test=229  Generation=  7 *Result=0.00000691  Best=0.00000691   Time=0.1  Run Time=1229.8
FIRESTARTER_OPTIMIZE: Seed=0  Test=229  Generation=  8  Result=0.00191913  Best=0.00000691   Time=0.1  Run Time=1230.3
FIRESTARTER_OPTIMIZE: Seed=0  Test=229  Generation=  9 *Result=0.00000052  Best=0.00000052   Time=0.1  Run Time=1230.7
