CUDA devices = 1
Device 0: NVIDIA GeForce RTX 4090

variations = 1
samples = 15
instructions = 32
registers = 30
opcodes = 2
patternOpcodes = 4

targetMin = 0.000000f
targetMax = 6.283185f
target = 0.000001f

mode = FIRESTARTER_OPTIMIZE
evolveSeed = 0
optimizeSeed = 0
tests = 256
streams = 1
units = 1
states = 1
generations = 0
population = 65536
iterations = 64
passes = 512
candidates = 16
attempts = 0
optimize = 1

scale = 0.300000f
startScale = 2.500000f
startResult = 10.000000f

FIRESTARTER_OPTIMIZE: Seed=0  Test=241  Generation=  2 *Result=0.00001768  Best=0.00001768   Time=0.1  Run Time=980.6
FIRESTARTER_OPTIMIZE: Seed=0  Test=241  Generation=  3 *Result=0.00000610  Best=0.00000610   Time=0.1  Run Time=981.0
FIRESTARTER_OPTIMIZE: Seed=0  Test=241  Generation=  4  Result=0.00001919  Best=0.00000610   Time=0.1  Run Time=981.5
FIRESTARTER_OPTIMIZE: Seed=0  Test=241  Generation=  5  Result=0.00063964  Best=0.00000610   Time=0.1  Run Time=981.9
FIRESTARTER_OPTIMIZE: Seed=0  Test=241  Generation=  6  Result=0.00013331  Best=0.00000610   Time=0.1  Run Time=982.3
FIRESTARTER_OPTIMIZE: Seed=0  Test=241  Generation=  7  Result=0.00009865  Best=0.00000610   Time=0.1  Run Time=982.8
FIRESTARTER_OPTIMIZE: Seed=0  Test=241  Generation=  8 *Result=0.00000025  Best=0.00000025   Time=0.1  Run Time=983.2
