CUDA devices = 1
Device 0: NVIDIA GeForce RTX 4090

variations = 1
samples = 15
instructions = 32
registers = 30
opcodes = 2
patternOpcodes = 4

targetMin = 0.000000f
targetMax = 6.283185f
target = 0.000001f

mode = FIRESTARTER_OPTIMIZE
evolveSeed = 0
optimizeSeed = 0
tests = 256
streams = 1
units = 1
states = 1
generations = 0
population = 65536
iterations = 64
passes = 512
candidates = 16
attempts = 0
optimize = 1

scale = 0.200000f
startScale = 2.500000f
startResult = 10.000000f

FIRESTARTER_OPTIMIZE: Seed=0  Test=178  Generation=  2 *Result=0.00027692  Best=0.00027692   Time=0.1  Run Time=770.4
FIRESTARTER_OPTIMIZE: Seed=0  Test=178  Generation=  3 *Result=0.00001983  Best=0.00001983   Time=0.1  Run Time=770.9
FIRESTARTER_OPTIMIZE: Seed=0  Test=178  Generation=  4  Result=0.00023401  Best=0.00001983   Time=0.1  Run Time=771.3
FIRESTARTER_OPTIMIZE: Seed=0  Test=178  Generation=  5  Result=0.00008215  Best=0.00001983   Time=0.1  Run Time=771.8
FIRESTARTER_OPTIMIZE: Seed=0  Test=178  Generation=  6  Result=0.00024825  Best=0.00001983   Time=0.1  Run Time=772.2
FIRESTARTER_OPTIMIZE: Seed=0  Test=178  Generation=  7  Result=0.00002044  Best=0.00001983   Time=0.1  Run Time=772.6
FIRESTARTER_OPTIMIZE: Seed=0  Test=178  Generation=  8  Result=0.00249150  Best=0.00001983   Time=0.1  Run Time=773.1
FIRESTARTER_OPTIMIZE: Seed=0  Test=178  Generation=  9  Result=0.00019309  Best=0.00001983   Time=0.1  Run Time=773.5
FIRESTARTER_OPTIMIZE: Seed=0  Test=178  Generation= 10  Result=0.00008380  Best=0.00001983   Time=0.1  Run Time=774.0
FIRESTARTER_OPTIMIZE: Seed=0  Test=178  Generation= 11 *Result=0.00000017  Best=0.00000017   Time=0.1  Run Time=774.4
