CUDA devices = 1
Device 0: NVIDIA GeForce RTX 4090

variations = 1
instructions = 32
registers = 30
opcodes = 2
patternOpcodes = 4

targetMin = 0.000000f
targetMax = 6.283185f
target = 0.000001f

mode = FIRESTARTER_OPTIMIZE
evolveSeed = 0
optimizeSeed = 0
tests = 256
streams = 1
units = 1
states = 1
generations = 0
population = 49152
passes = 384
attempts = 0
optimize = 1

scale = 0.300000f
startScale = 2.500000f
startResult = 10.000000f

FIRESTARTER_OPTIMIZE: Seed=0  Test=52  Generation=  2 *Result=0.00005215  Best=0.00005215   Time=0.1  Run Time=134.6
FIRESTARTER_OPTIMIZE: Seed=0  Test=52  Generation=  3  Result=0.00013679  Best=0.00005215   Time=0.1  Run Time=134.9
FIRESTARTER_OPTIMIZE: Seed=0  Test=52  Generation=  4  Result=0.00009130  Best=0.00005215   Time=0.1  Run Time=135.2
FIRESTARTER_OPTIMIZE: Seed=0  Test=52  Generation=  5 *Result=0.00001353  Best=0.00001353   Time=0.1  Run Time=135.5
FIRESTARTER_OPTIMIZE: Seed=0  Test=52  Generation=  6 *Result=0.00000225  Best=0.00000225   Time=0.1  Run Time=135.8
FIRESTARTER_OPTIMIZE: Seed=0  Test=52  Generation=  7  Result=0.00018422  Best=0.00000225   Time=0.1  Run Time=136.1
FIRESTARTER_OPTIMIZE: Seed=0  Test=52  Generation=  8  Result=0.00023487  Best=0.00000225   Time=0.1  Run Time=136.4
FIRESTARTER_OPTIMIZE: Seed=0  Test=52  Generation=  9  Result=0.00143325  Best=0.00000225   Time=0.1  Run Time=136.7
FIRESTARTER_OPTIMIZE: Seed=0  Test=52  Generation= 10  Result=0.00007468  Best=0.00000225   Time=0.1  Run Time=137.0
FIRESTARTER_OPTIMIZE: Seed=0  Test=52  Generation= 11 *Result=0.00000045  Best=0.00000045   Time=0.1  Run Time=137.3
