CUDA devices = 1
Device 0: NVIDIA GeForce RTX 4090

variations = 1
instructions = 32
registers = 30
opcodes = 2
patternOpcodes = 4

targetMin = 0.000000f
targetMax = 6.283185f
target = 0.000001f

mode = FIRESTARTER_OPTIMIZE
evolveSeed = 0
optimizeSeed = 0
tests = 256
streams = 1
units = 1
states = 1
generations = 0
population = 49152
passes = 384
attempts = 0
optimize = 1

scale = 0.300000f
startScale = 2.500000f
startResult = 10.000000f

FIRESTARTER_OPTIMIZE: Seed=0  Test=251  Generation=  2 *Result=0.00143570  Best=0.00143570   Time=0.1  Run Time=645.9
FIRESTARTER_OPTIMIZE: Seed=0  Test=251  Generation=  3 *Result=0.00053884  Best=0.00053884   Time=0.1  Run Time=646.2
FIRESTARTER_OPTIMIZE: Seed=0  Test=251  Generation=  4  Result=0.00238416  Best=0.00053884   Time=0.1  Run Time=646.5
FIRESTARTER_OPTIMIZE: Seed=0  Test=251  Generation=  5  Result=0.00058740  Best=0.00053884   Time=0.1  Run Time=646.9
FIRESTARTER_OPTIMIZE: Seed=0  Test=251  Generation=  6 *Result=0.00018200  Best=0.00018200   Time=0.1  Run Time=647.2
FIRESTARTER_OPTIMIZE: Seed=0  Test=251  Generation=  7 *Result=0.00016138  Best=0.00016138   Time=0.1  Run Time=647.5
FIRESTARTER_OPTIMIZE: Seed=0  Test=251  Generation=  8 *Result=0.00002050  Best=0.00002050   Time=0.1  Run Time=647.8
FIRESTARTER_OPTIMIZE: Seed=0  Test=251  Generation=  9 *Result=0.00000012  Best=0.00000012   Time=0.1  Run Time=648.1
