CUDA devices = 1
Device 0: NVIDIA GeForce RTX 4090

variations = 1
instructions = 32
registers = 30
opcodes = 2
patternOpcodes = 4

targetMin = 0.000000f
targetMax = 6.283185f
target = 0.000001f

mode = FIRESTARTER_OPTIMIZE
evolveSeed = 1
optimizeSeed = 1
tests = 256
streams = 1
units = 1
states = 1
generations = 0
population = 65536
passes = 384
attempts = 0
optimize = 1

scale = 0.300000f
startScale = 2.500000f
startResult = 10.000000f

FIRESTARTER_OPTIMIZE: Seed=1  Test=140  Generation=  2 *Result=0.00063425  Best=0.00063425   Time=0.1  Run Time=328.9
FIRESTARTER_OPTIMIZE: Seed=1  Test=140  Generation=  3  Result=0.00182314  Best=0.00063425   Time=0.1  Run Time=329.2
FIRESTARTER_OPTIMIZE: Seed=1  Test=140  Generation=  4 *Result=0.00005224  Best=0.00005224   Time=0.1  Run Time=329.5
FIRESTARTER_OPTIMIZE: Seed=1  Test=140  Generation=  5  Result=0.00143621  Best=0.00005224   Time=0.1  Run Time=329.8
FIRESTARTER_OPTIMIZE: Seed=1  Test=140  Generation=  6 *Result=0.00000523  Best=0.00000523   Time=0.1  Run Time=330.1
FIRESTARTER_OPTIMIZE: Seed=1  Test=140  Generation=  7  Result=0.00019470  Best=0.00000523   Time=0.1  Run Time=330.4
FIRESTARTER_OPTIMIZE: Seed=1  Test=140  Generation=  8  Result=0.00002856  Best=0.00000523   Time=0.1  Run Time=330.7
FIRESTARTER_OPTIMIZE: Seed=1  Test=140  Generation=  9 *Result=0.00000031  Best=0.00000031   Time=0.1  Run Time=331.0
