CUDA devices = 1
Device 0: NVIDIA GeForce RTX 4090

variations = 1
instructions = 32
registers = 30
opcodes = 2
patternOpcodes = 4

targetMin = 0.000000f
targetMax = 6.283185f
target = 0.000001f

mode = FIRESTARTER_OPTIMIZE
evolveSeed = 1
optimizeSeed = 1
tests = 256
streams = 1
units = 1
states = 1
generations = 0
population = 65536
passes = 384
attempts = 0
optimize = 1

scale = 0.300000f
startScale = 2.500000f
startResult = 10.000000f

FIRESTARTER_OPTIMIZE: Seed=1  Test=246  Generation=  2 *Result=0.00007319  Best=0.00007319   Time=0.1  Run Time=634.9
FIRESTARTER_OPTIMIZE: Seed=1  Test=246  Generation=  3  Result=0.00018236  Best=0.00007319   Time=0.1  Run Time=635.2
FIRESTARTER_OPTIMIZE: Seed=1  Test=246  Generation=  4 *Result=0.00006388  Best=0.00006388   Time=0.1  Run Time=635.5
FIRESTARTER_OPTIMIZE: Seed=1  Test=246  Generation=  5  Result=0.00006974  Best=0.00006388   Time=0.1  Run Time=635.8
FIRESTARTER_OPTIMIZE: Seed=1  Test=246  Generation=  6 *Result=0.00000588  Best=0.00000588   Time=0.1  Run Time=636.1
FIRESTARTER_OPTIMIZE: Seed=1  Test=246  Generation=  7  Result=0.00018257  Best=0.00000588   Time=0.1  Run Time=636.5
FIRESTARTER_OPTIMIZE: Seed=1  Test=246  Generation=  8  Result=0.00006506  Best=0.00000588   Time=0.1  Run Time=636.9
FIRESTARTER_OPTIMIZE: Seed=1  Test=246  Generation=  9  Result=0.00054521  Best=0.00000588   Time=0.1  Run Time=637.2
FIRESTARTER_OPTIMIZE: Seed=1  Test=246  Generation= 10 *Result=0.00000027  Best=0.00000027   Time=0.1  Run Time=637.6
