CUDA devices = 1
Device 0: NVIDIA GeForce RTX 4090

variations = 1
instructions = 32
registers = 30
opcodes = 2
patternOpcodes = 4

targetMin = 0.000000f
targetMax = 6.283185f
target = 0.000001f

mode = FIRESTARTER_OPTIMIZE
evolveSeed = 0
optimizeSeed = 0
tests = 256
streams = 1
units = 1
states = 1
generations = 0
population = 49152
passes = 512
attempts = 0
optimize = 1

scale = 0.300000f
startScale = 2.500000f
startResult = 10.000000f

FIRESTARTER_OPTIMIZE: Seed=0  Test=146  Generation=  2 *Result=0.00000302  Best=0.00000302   Time=0.1  Run Time=398.9
FIRESTARTER_OPTIMIZE: Seed=0  Test=146  Generation=  3  Result=0.00021711  Best=0.00000302   Time=0.1  Run Time=399.2
FIRESTARTER_OPTIMIZE: Seed=0  Test=146  Generation=  4  Result=0.00009963  Best=0.00000302   Time=0.1  Run Time=399.6
FIRESTARTER_OPTIMIZE: Seed=0  Test=146  Generation=  5  Result=0.00045273  Best=0.00000302   Time=0.1  Run Time=399.9
FIRESTARTER_OPTIMIZE: Seed=0  Test=146  Generation=  6  Result=0.00149781  Best=0.00000302   Time=0.1  Run Time=400.2
FIRESTARTER_OPTIMIZE: Seed=0  Test=146  Generation=  7  Result=0.00009386  Best=0.00000302   Time=0.1  Run Time=400.6
FIRESTARTER_OPTIMIZE: Seed=0  Test=146  Generation=  8  Result=0.00317400  Best=0.00000302   Time=0.1  Run Time=400.9
FIRESTARTER_OPTIMIZE: Seed=0  Test=146  Generation=  9  Result=0.00004942  Best=0.00000302   Time=0.1  Run Time=401.3
FIRESTARTER_OPTIMIZE: Seed=0  Test=146  Generation= 10  Result=0.00008827  Best=0.00000302   Time=0.1  Run Time=401.6
FIRESTARTER_OPTIMIZE: Seed=0  Test=146  Generation= 11  Result=0.00246900  Best=0.00000302   Time=0.1  Run Time=401.9
FIRESTARTER_OPTIMIZE: Seed=0  Test=146  Generation= 12 *Result=0.00000018  Best=0.00000018   Time=0.1  Run Time=402.3
