CUDA devices = 1
Device 0: NVIDIA GeForce RTX 4090

variations = 1
samples = 15
instructions = 30
registers = 30
opcodes = 2
patternOpcodes = 4

targetMin = 0.000000f
targetMax = 6.283185f
target = 0.000001f

mode = FIRESTARTER_OPTIMIZE
evolveSeed = 0
optimizeSeed = 0
tests = 256
streams = 1
units = 1
states = 1
generations = 0
population = 65536
iterations = 64
passes = 512
candidates = 16
attempts = 0
optimize = 1

scale = 0.300000f
startScale = 2.500000f
startResult = 10.000000f

FIRESTARTER_OPTIMIZE: Seed=0  Test=45  Generation=  2 *Result=0.00005875  Best=0.00005875   Time=0.1  Run Time=141.4
FIRESTARTER_OPTIMIZE: Seed=0  Test=45  Generation=  3 *Result=0.00002347  Best=0.00002347   Time=0.1  Run Time=141.8
FIRESTARTER_OPTIMIZE: Seed=0  Test=45  Generation=  4 *Result=0.00001368  Best=0.00001368   Time=0.1  Run Time=142.3
FIRESTARTER_OPTIMIZE: Seed=0  Test=45  Generation=  5  Result=0.00039768  Best=0.00001368   Time=0.1  Run Time=142.7
FIRESTARTER_OPTIMIZE: Seed=0  Test=45  Generation=  6  Result=0.00050075  Best=0.00001368   Time=0.1  Run Time=143.2
FIRESTARTER_OPTIMIZE: Seed=0  Test=45  Generation=  7  Result=0.00050551  Best=0.00001368   Time=0.1  Run Time=143.6
FIRESTARTER_OPTIMIZE: Seed=0  Test=45  Generation=  8  Result=0.00007279  Best=0.00001368   Time=0.1  Run Time=144.0
FIRESTARTER_OPTIMIZE: Seed=0  Test=45  Generation=  9  Result=0.00221381  Best=0.00001368   Time=0.1  Run Time=144.4
FIRESTARTER_OPTIMIZE: Seed=0  Test=45  Generation= 10  Result=0.00018251  Best=0.00001368   Time=0.1  Run Time=144.9
FIRESTARTER_OPTIMIZE: Seed=0  Test=45  Generation= 11 *Result=0.00000033  Best=0.00000033   Time=0.1  Run Time=145.3
