CUDA devices = 1
Device 0: NVIDIA GeForce RTX 4090

variations = 1
instructions = 32
registers = 30
opcodes = 2
patternOpcodes = 4

targetMin = 0.000000f
targetMax = 6.283185f
target = 0.000001f

mode = FIRESTARTER_OPTIMIZE
evolveSeed = 1
optimizeSeed = 1
tests = 256
streams = 1
units = 1
states = 1
generations = 0
population = 49152
passes = 384
attempts = 0
optimize = 1

scale = 0.300000f
startScale = 2.500000f
startResult = 10.000000f

FIRESTARTER_OPTIMIZE: Seed=1  Test=108  Generation=  2 *Result=0.00101969  Best=0.00101969   Time=0.1  Run Time=312.4
FIRESTARTER_OPTIMIZE: Seed=1  Test=108  Generation=  3  Result=0.00178329  Best=0.00101969   Time=0.1  Run Time=312.8
FIRESTARTER_OPTIMIZE: Seed=1  Test=108  Generation=  4 *Result=0.00000266  Best=0.00000266   Time=0.1  Run Time=313.1
FIRESTARTER_OPTIMIZE: Seed=1  Test=108  Generation=  5 *Result=0.00000229  Best=0.00000229   Time=0.1  Run Time=313.5
FIRESTARTER_OPTIMIZE: Seed=1  Test=108  Generation=  6  Result=0.00011286  Best=0.00000229   Time=0.1  Run Time=313.8
FIRESTARTER_OPTIMIZE: Seed=1  Test=108  Generation=  7  Result=0.00016455  Best=0.00000229   Time=0.1  Run Time=314.1
FIRESTARTER_OPTIMIZE: Seed=1  Test=108  Generation=  8  Result=0.00019601  Best=0.00000229   Time=0.1  Run Time=314.5
FIRESTARTER_OPTIMIZE: Seed=1  Test=108  Generation=  9  Result=0.00007311  Best=0.00000229   Time=0.1  Run Time=314.8
FIRESTARTER_OPTIMIZE: Seed=1  Test=108  Generation= 10  Result=0.00000660  Best=0.00000229   Time=0.1  Run Time=315.2
FIRESTARTER_OPTIMIZE: Seed=1  Test=108  Generation= 11 *Result=0.00000015  Best=0.00000015   Time=0.1  Run Time=315.5
