CUDA devices = 1
Device 0: NVIDIA GeForce RTX 4090

variations = 1
samples = 15
instructions = 32
registers = 30
opcodes = 2
patternOpcodes = 4

targetMin = 0.000000f
targetMax = 6.283185f
target = 0.000001f

mode = FIRESTARTER_OPTIMIZE
evolveSeed = 0
optimizeSeed = 0
tests = 256
streams = 1
units = 1
states = 1
generations = 0
population = 65536
iterations = 64
passes = 512
candidates = 16
attempts = 0
optimize = 1

scale = 0.300000f
startScale = 2.500000f
startResult = 10.000000f

FIRESTARTER_OPTIMIZE: Seed=0  Test=50  Generation=  2 *Result=0.00004057  Best=0.00004057   Time=0.1  Run Time=143.8
FIRESTARTER_OPTIMIZE: Seed=0  Test=50  Generation=  3  Result=0.00027986  Best=0.00004057   Time=0.1  Run Time=144.2
FIRESTARTER_OPTIMIZE: Seed=0  Test=50  Generation=  4  Result=0.00004315  Best=0.00004057   Time=0.1  Run Time=144.7
FIRESTARTER_OPTIMIZE: Seed=0  Test=50  Generation=  5 *Result=0.00001615  Best=0.00001615   Time=0.1  Run Time=145.1
FIRESTARTER_OPTIMIZE: Seed=0  Test=50  Generation=  6 *Result=0.00000185  Best=0.00000185   Time=0.1  Run Time=145.6
FIRESTARTER_OPTIMIZE: Seed=0  Test=50  Generation=  7  Result=0.00005268  Best=0.00000185   Time=0.1  Run Time=146.1
FIRESTARTER_OPTIMIZE: Seed=0  Test=50  Generation=  8  Result=0.00232744  Best=0.00000185   Time=0.1  Run Time=146.5
FIRESTARTER_OPTIMIZE: Seed=0  Test=50  Generation=  9  Result=0.00005734  Best=0.00000185   Time=0.1  Run Time=147.0
FIRESTARTER_OPTIMIZE: Seed=0  Test=50  Generation= 10  Result=0.00025031  Best=0.00000185   Time=0.1  Run Time=147.4
FIRESTARTER_OPTIMIZE: Seed=0  Test=50  Generation= 11  Result=0.00000852  Best=0.00000185   Time=0.1  Run Time=147.9
FIRESTARTER_OPTIMIZE: Seed=0  Test=50  Generation= 12 *Result=0.00000027  Best=0.00000027   Time=0.1  Run Time=148.3
