CUDA devices = 1
Device 0: NVIDIA GeForce RTX 4090

variations = 1
instructions = 32
registers = 30
opcodes = 2
patternOpcodes = 4

targetMin = 0.000000f
targetMax = 6.283185f
target = 0.000001f

mode = FIRESTARTER_OPTIMIZE
evolveSeed = 0
optimizeSeed = 0
tests = 256
streams = 1
units = 1
states = 1
generations = 0
population = 32768
passes = 512
attempts = 0
optimize = 1

scale = 0.300000f
startScale = 2.500000f
startResult = 10.000000f

FIRESTARTER_OPTIMIZE: Seed=0  Test=24  Generation=  2 *Result=0.00024315  Best=0.00024315   Time=0.1  Run Time=77.4
FIRESTARTER_OPTIMIZE: Seed=0  Test=24  Generation=  3 *Result=0.00012746  Best=0.00012746   Time=0.1  Run Time=77.7
FIRESTARTER_OPTIMIZE: Seed=0  Test=24  Generation=  4  Result=0.00024214  Best=0.00012746   Time=0.1  Run Time=78.1
FIRESTARTER_OPTIMIZE: Seed=0  Test=24  Generation=  5  Result=0.00023663  Best=0.00012746   Time=0.1  Run Time=78.4
FIRESTARTER_OPTIMIZE: Seed=0  Test=24  Generation=  6  Result=0.00321463  Best=0.00012746   Time=0.1  Run Time=78.7
FIRESTARTER_OPTIMIZE: Seed=0  Test=24  Generation=  7 *Result=0.00000250  Best=0.00000250   Time=0.1  Run Time=79.0
FIRESTARTER_OPTIMIZE: Seed=0  Test=24  Generation=  8  Result=0.00011122  Best=0.00000250   Time=0.1  Run Time=79.4
FIRESTARTER_OPTIMIZE: Seed=0  Test=24  Generation=  9  Result=0.00051008  Best=0.00000250   Time=0.1  Run Time=79.7
FIRESTARTER_OPTIMIZE: Seed=0  Test=24  Generation= 10 *Result=0.00000040  Best=0.00000040   Time=0.1  Run Time=80.0
