CUDA devices = 1
Device 0: NVIDIA GeForce RTX 4090

variations = 1
samples = 15
instructions = 32
registers = 30
opcodes = 2
patternOpcodes = 4

targetMin = 0.000000f
targetMax = 6.283185f
evolveTarget = 0.000001f

mode = FIRESTARTER_EVOLVE_GPU
evolveSeed = 0
optimizeSeed = 0
tests = 16
streams = 1
units = 1
states = 1
generations = 0
population = 8192
iterations = 64
passes = 500
candidates = 16
attempts = 0
optimize = 1

scale = 0.100000f
startScale = 2.000000f
startResult = 10.000000f

FIRESTARTER_EVOLVE_GPU: Seed=0  Test=13  Generation=  0  Age=  1  Evolution= 0  Weight=0.00000000  Old Result=10.00000000 *New Result=0.00198549  Index=5594  EvolveAge1=0  EvolveAge2=145  Best=0.00198549   BestAge=1  Time=1.9 Seconds  Run Time=1900.1 Seconds
FIRESTARTER_EVOLVE_GPU: Seed=0  Test=13  Generation=  1  Age=  1  Evolution= 0  Weight=0.00000000  Old Result=0.00198549 *New Result=0.00107417  Index=5636  EvolveAge1=0  EvolveAge2=233  Best=0.00107417   BestAge=1  Time=1.2 Seconds  Run Time=1901.3 Seconds
FIRESTARTER_EVOLVE_GPU: Seed=0  Test=13  Generation=  2  Age=  1  Evolution= 0  Weight=0.00000000  Old Result=0.00107417 *New Result=0.00101283  Index=5636  EvolveAge1=477  EvolveAge2=233  Best=0.00101283   BestAge=1  Time=1.5 Seconds  Run Time=1902.8 Seconds
FIRESTARTER_EVOLVE_GPU: Seed=0  Test=13  Generation=  3  Age=  1  Evolution= 0  Weight=0.00000000  Old Result=0.00101283 *New Result=0.00055379  Index=6853  EvolveAge1=0  EvolveAge2=359  Best=0.00055379   BestAge=1  Time=1.5 Seconds  Run Time=1904.3 Seconds
FIRESTARTER_EVOLVE_GPU: Seed=0  Test=13  Generation=  4  Age=  1  Evolution= 0  Weight=0.00000000  Old Result=0.00055379 *New Result=0.00040461  Index=4142  EvolveAge1=2  EvolveAge2=0  Best=0.00040461   BestAge=1  Time=1.5 Seconds  Run Time=1905.8 Seconds
FIRESTARTER_EVOLVE_GPU: Seed=0  Test=13  Generation=  5  Age=  1  Evolution= 0  Weight=0.00000000  Old Result=0.00040461 *New Result=0.00040445  Index=4142  EvolveAge1=488  EvolveAge2=12  Best=0.00040445   BestAge=1  Time=1.5 Seconds  Run Time=1907.4 Seconds
FIRESTARTER_EVOLVE_GPU: Seed=0  Test=13  Generation=  6  Age=  1  Evolution= 0  Weight=0.00000000  Old Result=0.00040445 *New Result=0.00028097  Index=3110  EvolveAge1=66  EvolveAge2=506  Best=0.00028097   BestAge=1  Time=1.5 Seconds  Run Time=1908.9 Seconds
FIRESTARTER_EVOLVE_GPU: Seed=0  Test=13  Generation=  7  Age=  1  Evolution= 0  Weight=0.00000000  Old Result=0.00028097 *New Result=0.00013977  Index=7176  EvolveAge1=0  EvolveAge2=239  Best=0.00013977   BestAge=1  Time=1.6 Seconds  Run Time=1910.4 Seconds
FIRESTARTER_EVOLVE_GPU: Seed=0  Test=13  Generation=  8  Age=  1  Evolution= 0  Weight=0.00000000  Old Result=0.00013977 *New Result=0.00007492  Index=7176  EvolveAge1=192  EvolveAge2=316  Best=0.00007492   BestAge=1  Time=1.5 Seconds  Run Time=1912.0 Seconds
FIRESTARTER_EVOLVE_GPU: Seed=0  Test=13  Generation=  9  Age=  1  Evolution= 0  Weight=0.00000000  Old Result=0.00007492 *New Result=0.00005755  Index=5379  EvolveAge1=0  EvolveAge2=1760  Best=0.00005755   BestAge=1  Time=1.6 Seconds  Run Time=1913.5 Seconds
FIRESTARTER_EVOLVE_GPU: Seed=0  Test=13  Generation= 10  Age=  1  Evolution= 0  Weight=0.00000000  Old Result=0.00005755 *New Result=0.00005102  Index=5379  EvolveAge1=364  EvolveAge2=1870  Best=0.00005102   BestAge=1  Time=1.6 Seconds  Run Time=1915.1 Seconds
FIRESTARTER_EVOLVE_GPU: Seed=0  Test=13  Generation= 11  Age=  1  Evolution= 0  Weight=0.00000000  Old Result=0.00005102  Bad Result=0.00005102  Index=5379  EvolveAge1=864  EvolveAge2=1870  Best=0.00005102   BestAge=2  Time=1.6 Seconds  Run Time=1916.6 Seconds
FIRESTARTER_OPTIMIZE_GPU: Seed=0  Test=13  Optimize=0  Generation= 10 *Result=0.00000012  Best=0.00000012   Time=2.3 Seconds  Run Time=1919.0 Seconds
