CUDA devices = 1
Device 0: NVIDIA GeForce RTX 4090

variations = 1
samples = 15
instructions = 32
registers = 30
opcodes = 2
patternOpcodes = 4

targetMin = 0.000000f
targetMax = 6.283185f
target = 0.000001f

mode = FIRESTARTER_OPTIMIZE
evolveSeed = 0
optimizeSeed = 0
tests = 256
streams = 1
units = 1
states = 1
generations = 0
population = 65536
iterations = 64
passes = 512
candidates = 16
attempts = 0
optimize = 1

scale = 0.100000f
startScale = 2.500000f
startResult = 10.000000f

FIRESTARTER_OPTIMIZE: Seed=0  Test=10  Generation=  2 *Result=0.00011125  Best=0.00011125   Time=0.1  Run Time=42.3
FIRESTARTER_OPTIMIZE: Seed=0  Test=10  Generation=  3 *Result=0.00001401  Best=0.00001401   Time=0.1  Run Time=42.7
FIRESTARTER_OPTIMIZE: Seed=0  Test=10  Generation=  4  Result=0.00221038  Best=0.00001401   Time=0.1  Run Time=43.2
FIRESTARTER_OPTIMIZE: Seed=0  Test=10  Generation=  5  Result=0.00018233  Best=0.00001401   Time=0.1  Run Time=43.7
FIRESTARTER_OPTIMIZE: Seed=0  Test=10  Generation=  6  Result=0.00288636  Best=0.00001401   Time=0.1  Run Time=44.2
FIRESTARTER_OPTIMIZE: Seed=0  Test=10  Generation=  7  Result=0.00001670  Best=0.00001401   Time=0.1  Run Time=44.6
FIRESTARTER_OPTIMIZE: Seed=0  Test=10  Generation=  8  Result=0.00005218  Best=0.00001401   Time=0.1  Run Time=45.1
FIRESTARTER_OPTIMIZE: Seed=0  Test=10  Generation=  9  Result=0.00019324  Best=0.00001401   Time=0.1  Run Time=45.6
FIRESTARTER_OPTIMIZE: Seed=0  Test=10  Generation= 10  Result=0.00615594  Best=0.00001401   Time=0.1  Run Time=46.1
FIRESTARTER_OPTIMIZE: Seed=0  Test=10  Generation= 11  Result=0.00614154  Best=0.00001401   Time=0.1  Run Time=46.5
FIRESTARTER_OPTIMIZE: Seed=0  Test=10  Generation= 12  Result=0.00015332  Best=0.00001401   Time=0.1  Run Time=46.9
FIRESTARTER_OPTIMIZE: Seed=0  Test=10  Generation= 13  Result=0.00014720  Best=0.00001401   Time=0.1  Run Time=47.4
FIRESTARTER_OPTIMIZE: Seed=0  Test=10  Generation= 14 *Result=0.00000051  Best=0.00000051   Time=0.1  Run Time=47.9
