CUDA devices = 1
Device 0: NVIDIA GeForce RTX 4090

variations = 1
instructions = 32
registers = 30
opcodes = 2
patternOpcodes = 4

targetMin = 0.000000f
targetMax = 6.283185f
target = 0.000001f

mode = FIRESTARTER_OPTIMIZE
evolveSeed = 1
optimizeSeed = 1
tests = 256
streams = 1
units = 1
states = 1
generations = 0
population = 49152
passes = 512
attempts = 0
optimize = 1

scale = 0.300000f
startScale = 2.500000f
startResult = 10.000000f

FIRESTARTER_OPTIMIZE: Seed=1  Test=58  Generation=  2 *Result=0.00126326  Best=0.00126326   Time=0.1  Run Time=171.8
FIRESTARTER_OPTIMIZE: Seed=1  Test=58  Generation=  3 *Result=0.00001065  Best=0.00001065   Time=0.1  Run Time=172.2
FIRESTARTER_OPTIMIZE: Seed=1  Test=58  Generation=  4 *Result=0.00000137  Best=0.00000137   Time=0.1  Run Time=172.5
FIRESTARTER_OPTIMIZE: Seed=1  Test=58  Generation=  5  Result=0.00005233  Best=0.00000137   Time=0.1  Run Time=172.9
FIRESTARTER_OPTIMIZE: Seed=1  Test=58  Generation=  6  Result=0.00009304  Best=0.00000137   Time=0.1  Run Time=173.2
FIRESTARTER_OPTIMIZE: Seed=1  Test=58  Generation=  7 *Result=0.00000007  Best=0.00000007   Time=0.1  Run Time=173.6
