CUDA devices = 1
Device 0: NVIDIA GeForce RTX 4090

variations = 1
samples = 15
instructions = 32
registers = 30
opcodes = 2
patternOpcodes = 4

targetMin = 0.000000f
targetMax = 6.283185f
target = 0.000001f

mode = FIRESTARTER_OPTIMIZE
evolveSeed = 0
optimizeSeed = 0
tests = 256
streams = 1
units = 1
states = 1
generations = 0
population = 65536
iterations = 64
passes = 512
candidates = 16
attempts = 0
optimize = 1

scale = 0.200000f
startScale = 2.500000f
startResult = 10.000000f

FIRESTARTER_OPTIMIZE: Seed=0  Test=185  Generation=  2 *Result=0.00006217  Best=0.00006217   Time=0.1  Run Time=801.4
FIRESTARTER_OPTIMIZE: Seed=0  Test=185  Generation=  3 *Result=0.00002625  Best=0.00002625   Time=0.1  Run Time=801.8
FIRESTARTER_OPTIMIZE: Seed=0  Test=185  Generation=  4  Result=0.00614031  Best=0.00002625   Time=0.1  Run Time=802.3
FIRESTARTER_OPTIMIZE: Seed=0  Test=185  Generation=  5  Result=0.00614446  Best=0.00002625   Time=0.1  Run Time=802.8
FIRESTARTER_OPTIMIZE: Seed=0  Test=185  Generation=  6  Result=0.00031033  Best=0.00002625   Time=0.1  Run Time=803.2
FIRESTARTER_OPTIMIZE: Seed=0  Test=185  Generation=  7 *Result=0.00000256  Best=0.00000256   Time=0.1  Run Time=803.7
FIRESTARTER_OPTIMIZE: Seed=0  Test=185  Generation=  8  Result=0.00000366  Best=0.00000256   Time=0.1  Run Time=804.1
FIRESTARTER_OPTIMIZE: Seed=0  Test=185  Generation=  9  Result=0.00054491  Best=0.00000256   Time=0.1  Run Time=804.6
FIRESTARTER_OPTIMIZE: Seed=0  Test=185  Generation= 10  Result=0.00018239  Best=0.00000256   Time=0.1  Run Time=805.0
FIRESTARTER_OPTIMIZE: Seed=0  Test=185  Generation= 11 *Result=0.00000022  Best=0.00000022   Time=0.1  Run Time=805.4
