CUDA devices = 1
Device 0: NVIDIA GeForce RTX 4090

variations = 1
samples = 15
instructions = 32
registers = 30
opcodes = 2
patternOpcodes = 4

targetMin = 0.000000f
targetMax = 6.283185f
target = 0.000001f

mode = FIRESTARTER_OPTIMIZE
evolveSeed = 0
optimizeSeed = 0
tests = 256
streams = 1
units = 1
states = 1
generations = 0
population = 65536
iterations = 64
passes = 512
candidates = 16
attempts = 0
optimize = 1

scale = 0.100000f
startScale = 2.500000f
startResult = 10.000000f

FIRESTARTER_OPTIMIZE: Seed=0  Test=228  Generation=  2 *Result=0.00060955  Best=0.00060955   Time=0.1  Run Time=1222.4
FIRESTARTER_OPTIMIZE: Seed=0  Test=228  Generation=  3 *Result=0.00053696  Best=0.00053696   Time=0.1  Run Time=1222.9
FIRESTARTER_OPTIMIZE: Seed=0  Test=228  Generation=  4  Result=0.00613961  Best=0.00053696   Time=0.1  Run Time=1223.3
FIRESTARTER_OPTIMIZE: Seed=0  Test=228  Generation=  5 *Result=0.00007486  Best=0.00007486   Time=0.1  Run Time=1223.8
FIRESTARTER_OPTIMIZE: Seed=0  Test=228  Generation=  6 *Result=0.00000377  Best=0.00000377   Time=0.1  Run Time=1224.2
FIRESTARTER_OPTIMIZE: Seed=0  Test=228  Generation=  7  Result=0.00042772  Best=0.00000377   Time=0.1  Run Time=1224.7
FIRESTARTER_OPTIMIZE: Seed=0  Test=228  Generation=  8  Result=0.00614261  Best=0.00000377   Time=0.1  Run Time=1225.1
FIRESTARTER_OPTIMIZE: Seed=0  Test=228  Generation=  9  Result=0.00066084  Best=0.00000377   Time=0.1  Run Time=1225.5
FIRESTARTER_OPTIMIZE: Seed=0  Test=228  Generation= 10  Result=0.00001723  Best=0.00000377   Time=0.1  Run Time=1226.0
FIRESTARTER_OPTIMIZE: Seed=0  Test=228  Generation= 11  Result=0.00001699  Best=0.00000377   Time=0.1  Run Time=1226.4
FIRESTARTER_OPTIMIZE: Seed=0  Test=228  Generation= 12 *Result=0.00000036  Best=0.00000036   Time=0.1  Run Time=1226.9
