CUDA devices = 1
Device 0: NVIDIA GeForce RTX 4090

variations = 1
instructions = 32
registers = 30
opcodes = 2
patternOpcodes = 4

targetMin = 0.000000f
targetMax = 6.283185f
target = 0.000001f

mode = FIRESTARTER_OPTIMIZE
evolveSeed = 0
optimizeSeed = 0
tests = 256
streams = 1
units = 1
states = 1
generations = 0
population = 32768
passes = 512
attempts = 0
optimize = 1

scale = 0.300000f
startScale = 2.500000f
startResult = 10.000000f

FIRESTARTER_OPTIMIZE: Seed=0  Test=80  Generation=  2 *Result=0.00090120  Best=0.00090120   Time=0.1  Run Time=225.4
FIRESTARTER_OPTIMIZE: Seed=0  Test=80  Generation=  3 *Result=0.00048566  Best=0.00048566   Time=0.1  Run Time=225.7
FIRESTARTER_OPTIMIZE: Seed=0  Test=80  Generation=  4 *Result=0.00002442  Best=0.00002442   Time=0.1  Run Time=226.1
FIRESTARTER_OPTIMIZE: Seed=0  Test=80  Generation=  5  Result=0.00018289  Best=0.00002442   Time=0.1  Run Time=226.4
FIRESTARTER_OPTIMIZE: Seed=0  Test=80  Generation=  6 *Result=0.00000135  Best=0.00000135   Time=0.1  Run Time=226.7
FIRESTARTER_OPTIMIZE: Seed=0  Test=80  Generation=  7  Result=0.00036657  Best=0.00000135   Time=0.1  Run Time=227.1
FIRESTARTER_OPTIMIZE: Seed=0  Test=80  Generation=  8  Result=0.00136090  Best=0.00000135   Time=0.1  Run Time=227.4
FIRESTARTER_OPTIMIZE: Seed=0  Test=80  Generation=  9 *Result=0.00000012  Best=0.00000012   Time=0.1  Run Time=227.7
