CUDA devices = 1
Device 0: NVIDIA GeForce RTX 4090

variations = 1
instructions = 32
registers = 30
opcodes = 2
patternOpcodes = 4

targetMin = 0.000000f
targetMax = 6.283185f
target = 0.000001f

mode = FIRESTARTER_OPTIMIZE
evolveSeed = 1
optimizeSeed = 1
tests = 256
streams = 1
units = 1
states = 1
generations = 0
population = 49152
passes = 384
attempts = 0
optimize = 1

scale = 0.300000f
startScale = 2.500000f
startResult = 10.000000f

FIRESTARTER_OPTIMIZE: Seed=1  Test=192  Generation=  2 *Result=0.00006464  Best=0.00006464   Time=0.1  Run Time=566.7
FIRESTARTER_OPTIMIZE: Seed=1  Test=192  Generation=  3 *Result=0.00000999  Best=0.00000999   Time=0.1  Run Time=567.0
FIRESTARTER_OPTIMIZE: Seed=1  Test=192  Generation=  4  Result=0.00003922  Best=0.00000999   Time=0.1  Run Time=567.4
FIRESTARTER_OPTIMIZE: Seed=1  Test=192  Generation=  5 *Result=0.00000302  Best=0.00000302   Time=0.1  Run Time=567.7
FIRESTARTER_OPTIMIZE: Seed=1  Test=192  Generation=  6  Result=0.00003141  Best=0.00000302   Time=0.1  Run Time=568.0
FIRESTARTER_OPTIMIZE: Seed=1  Test=192  Generation=  7  Result=0.00006238  Best=0.00000302   Time=0.1  Run Time=568.2
FIRESTARTER_OPTIMIZE: Seed=1  Test=192  Generation=  8  Result=0.00014852  Best=0.00000302   Time=0.1  Run Time=568.6
FIRESTARTER_OPTIMIZE: Seed=1  Test=192  Generation=  9  Result=0.00002652  Best=0.00000302   Time=0.1  Run Time=568.8
FIRESTARTER_OPTIMIZE: Seed=1  Test=192  Generation= 10 *Result=0.00000037  Best=0.00000037   Time=0.1  Run Time=569.2
