CUDA devices = 1
Device 0: NVIDIA GeForce RTX 4090

variations = 3
samples = 15
instructions = 32
registers = 29
opcodes = 2
patternOpcodes = 4

targetMin = 0.000000f
targetMax = 6.283185f
evolveTarget = 0.000001f

mode = FIRESTARTER_EVOLVE
evolveSeed = 1
optimizeSeed = 0
tests = 256
streams = 8
units = 1
states = 1
generations = 128
population = 278528
iterations = 64
passes = 500
precision = 0
candidates = 16
attempts = 0
optimize = 8

scale = 0.100000f
startScale = 2.000000f
startResult = 10.000000f

FIRESTARTER_EVOLVE: Seed=1  Test=228  Index=   0  CopyIndex=   0  Id=   0  Generation=  0  Age=  0  Evolution= 0  Children0= 0  Children1= 0  EvolveWeight=-1.00000000  Old Result=10.00000000 *New Result=0.00278723  Best=0.00278723  BestError=0.00000083  BestAge=0
FIRESTARTER_EVOLVE: Seed=1  Test=228  Index=   0  CopyIndex=   0  Id=   0  Generation=  1  Age=  1  Evolution= 1  Children0= 1  Children1= 1  EvolveWeight=0.00000000  Old Result=0.00278723  Bad Result=0.00464737  Best=0.00278723  BestError=0.00000083  BestAge=1
FIRESTARTER_EVOLVE: Seed=1  Test=228  Index=   0  CopyIndex=   0  Id=   0  Generation=  2  Age=  2  Evolution= 1  Children0= 2  Children1= 2  EvolveWeight=0.09803922  Old Result=0.00278723 *New Result=0.00055520  Best=0.00055520  BestError=0.00000083  BestAge=0
FIRESTARTER_EVOLVE: Seed=1  Test=228  Index=   0  CopyIndex=   0  Id=   0  Generation=  3  Age=  1  Evolution= 2  Children0= 3  Children1= 1  EvolveWeight=0.00000000  Old Result=0.00055520 *New Result=0.00054979  Best=0.00054979  BestError=0.00000083  BestAge=0
