CUDA devices = 1
Device 0: NVIDIA GeForce RTX 4090

variations = 1
samples = 15
instructions = 32
registers = 30
opcodes = 2
patternOpcodes = 4

targetMin = 0.000000f
targetMax = 6.283185f
target = 0.000001f

mode = FIRESTARTER_OPTIMIZE
evolveSeed = 0
optimizeSeed = 0
tests = 256
streams = 1
units = 1
states = 1
generations = 0
population = 65536
iterations = 64
passes = 512
candidates = 16
attempts = 0
optimize = 1

scale = 0.200000f
startScale = 2.500000f
startResult = 10.000000f

FIRESTARTER_OPTIMIZE: Seed=0  Test=165  Generation=  2 *Result=0.00004867  Best=0.00004867   Time=0.1  Run Time=724.5
FIRESTARTER_OPTIMIZE: Seed=0  Test=165  Generation=  3  Result=0.00019729  Best=0.00004867   Time=0.1  Run Time=725.0
FIRESTARTER_OPTIMIZE: Seed=0  Test=165  Generation=  4 *Result=0.00002731  Best=0.00002731   Time=0.1  Run Time=725.4
FIRESTARTER_OPTIMIZE: Seed=0  Test=165  Generation=  5  Result=0.00003040  Best=0.00002731   Time=0.1  Run Time=725.8
FIRESTARTER_OPTIMIZE: Seed=0  Test=165  Generation=  6  Result=0.00069050  Best=0.00002731   Time=0.1  Run Time=726.3
FIRESTARTER_OPTIMIZE: Seed=0  Test=165  Generation=  7 *Result=0.00001169  Best=0.00001169   Time=0.1  Run Time=726.8
FIRESTARTER_OPTIMIZE: Seed=0  Test=165  Generation=  8 *Result=0.00000010  Best=0.00000010   Time=0.1  Run Time=727.2
