CUDA devices = 1
Device 0: NVIDIA GeForce RTX 4090

variations = 1
instructions = 32
registers = 30
opcodes = 2
patternOpcodes = 4

targetMin = 0.000000f
targetMax = 6.283185f
target = 0.000001f

mode = FIRESTARTER_OPTIMIZE
evolveSeed = 0
optimizeSeed = 0
tests = 256
streams = 1
units = 1
states = 1
generations = 0
population = 49152
passes = 512
attempts = 0
optimize = 1

scale = 0.300000f
startScale = 2.500000f
startResult = 10.000000f

FIRESTARTER_OPTIMIZE: Seed=0  Test=215  Generation=  2 *Result=0.00032642  Best=0.00032642   Time=0.1  Run Time=583.2
FIRESTARTER_OPTIMIZE: Seed=0  Test=215  Generation=  3 *Result=0.00030655  Best=0.00030655   Time=0.1  Run Time=583.6
FIRESTARTER_OPTIMIZE: Seed=0  Test=215  Generation=  4  Result=0.00058579  Best=0.00030655   Time=0.1  Run Time=583.9
FIRESTARTER_OPTIMIZE: Seed=0  Test=215  Generation=  5  Result=0.00037998  Best=0.00030655   Time=0.1  Run Time=584.3
FIRESTARTER_OPTIMIZE: Seed=0  Test=215  Generation=  6 *Result=0.00001232  Best=0.00001232   Time=0.1  Run Time=584.6
FIRESTARTER_OPTIMIZE: Seed=0  Test=215  Generation=  7  Result=0.00030571  Best=0.00001232   Time=0.1  Run Time=584.9
FIRESTARTER_OPTIMIZE: Seed=0  Test=215  Generation=  8  Result=0.00002299  Best=0.00001232   Time=0.1  Run Time=585.3
FIRESTARTER_OPTIMIZE: Seed=0  Test=215  Generation=  9  Result=0.00021977  Best=0.00001232   Time=0.1  Run Time=585.6
FIRESTARTER_OPTIMIZE: Seed=0  Test=215  Generation= 10  Result=0.00009649  Best=0.00001232   Time=0.1  Run Time=586.0
FIRESTARTER_OPTIMIZE: Seed=0  Test=215  Generation= 11  Result=0.00008184  Best=0.00001232   Time=0.1  Run Time=586.3
FIRESTARTER_OPTIMIZE: Seed=0  Test=215  Generation= 12 *Result=0.00000041  Best=0.00000041   Time=0.1  Run Time=586.7
