CUDA devices = 1
Device 0: NVIDIA GeForce RTX 4090

variations = 1
instructions = 32
registers = 30
opcodes = 2
patternOpcodes = 4

targetMin = 0.000000f
targetMax = 6.283185f
target = 0.000001f

mode = FIRESTARTER_OPTIMIZE
evolveSeed = 1
optimizeSeed = 1
tests = 256
streams = 1
units = 1
states = 1
generations = 0
population = 49152
passes = 384
attempts = 0
optimize = 1

scale = 0.300000f
startScale = 2.500000f
startResult = 10.000000f

FIRESTARTER_OPTIMIZE: Seed=1  Test=243  Generation=  2 *Result=0.00026569  Best=0.00026569   Time=0.1  Run Time=717.5
FIRESTARTER_OPTIMIZE: Seed=1  Test=243  Generation=  3 *Result=0.00013936  Best=0.00013936   Time=0.1  Run Time=717.8
FIRESTARTER_OPTIMIZE: Seed=1  Test=243  Generation=  4 *Result=0.00013602  Best=0.00013602   Time=0.1  Run Time=718.1
FIRESTARTER_OPTIMIZE: Seed=1  Test=243  Generation=  5  Result=0.00055766  Best=0.00013602   Time=0.1  Run Time=718.4
FIRESTARTER_OPTIMIZE: Seed=1  Test=243  Generation=  6 *Result=0.00000012  Best=0.00000012   Time=0.1  Run Time=718.7
