CUDA devices = 1
Device 0: NVIDIA GeForce RTX 4090

variations = 1
samples = 15
instructions = 32
registers = 30
opcodes = 2
patternOpcodes = 2

targetMin = 0.000000f
targetMax = 6.283185f
target = 0.000001f

mode = FIRESTARTER_EVOLVE_GPU
evolveSeed = 0
optimizeSeed = 0
tests = 16
streams = 1
units = 1
states = 1
generations = 0
population = 262144
iterations = 64
passes = 100
candidates = 16
attempts = 0
optimize = 1

scale = 0.100000f
startScale = 2.000000f
startResult = 10.000000f

FIRESTARTER_EVOLVE_GPU: Seed=0  Test= 6  Generation=  0  Age=  1  Evolution= 0  Weight=0.00000000  Old Result=10.00000000 *New Result=0.00541806  Index=203069  EvolveAge1=7  EvolveAge2=41  Best=0.00541806   BestAge=0  Time=0.5 Seconds  Run Time=230.6 Seconds
FIRESTARTER_EVOLVE_GPU: Seed=0  Test= 6  Generation=  1  Age=  1  Evolution= 0  Weight=0.00000000  Old Result=0.00541806 *New Result=0.00071126  Index=260643  EvolveAge1=2  EvolveAge2=59  Best=0.00071126   BestAge=0  Time=0.6 Seconds  Run Time=231.2 Seconds
FIRESTARTER_EVOLVE_GPU: Seed=0  Test= 6  Generation=  2  Age=  1  Evolution= 0  Weight=0.00000000  Old Result=0.00071126  Bad Result=0.00339126  Index=86593  EvolveAge1=0  EvolveAge2=101  Best=0.00071126   BestAge=1  Time=0.7 Seconds  Run Time=231.9 Seconds
FIRESTARTER_EVOLVE_GPU: Seed=0  Test= 6  Generation=  3  Age=  1  Evolution= 0  Weight=0.00000000  Old Result=0.00339126  Bad Result=0.00342538  Index=179125  EvolveAge1=4  EvolveAge2=103  Best=0.00071126   BestAge=2  Time=0.7 Seconds  Run Time=232.6 Seconds
FIRESTARTER_EVOLVE_GPU: Seed=0  Test= 6  Generation=  4  Age=  1  Evolution= 0  Weight=0.00000000  Old Result=0.00342538 >New Result=0.00262767  Index=42801  EvolveAge1=9  EvolveAge2=47  Best=0.00071126   BestAge=3  Time=0.7 Seconds  Run Time=233.3 Seconds
FIRESTARTER_EVOLVE_GPU: Seed=0  Test= 6  Generation=  5  Age=  1  Evolution= 0  Weight=0.00000000  Old Result=0.00262767 >New Result=0.00144765  Index=131748  EvolveAge1=1  EvolveAge2=74  Best=0.00071126   BestAge=4  Time=0.7 Seconds  Run Time=233.9 Seconds
FIRESTARTER_OPTIMIZE_CPU: Seed=0  Test= 6  Optimize=0  Generation=  0 *Result=0.00011390  Best=0.00011390   Time=4.2 Seconds  Run Time=234.3 Seconds
FIRESTARTER_EVOLVE_GPU: Seed=0  Test= 6  Generation=  6  Age=  1  Evolution= 0  Weight=0.00000000  Old Result=0.00144765  Bad Result=0.00253066  Index=113416  EvolveAge1=0  EvolveAge2=177  Best=0.00011390   BestAge=1  Time=0.6 Seconds  Run Time=234.5 Seconds
FIRESTARTER_EVOLVE_GPU: Seed=0  Test= 6  Generation=  7  Age=  1  Evolution= 0  Weight=0.00000000  Old Result=0.00253066  Bad Result=0.00352553  Index=206670  EvolveAge1=5  EvolveAge2=188  Best=0.00011390   BestAge=2  Time=0.7 Seconds  Run Time=235.2 Seconds
FIRESTARTER_EVOLVE_GPU: Seed=0  Test= 6  Generation=  8  Age=  1  Evolution= 0  Weight=0.00000000  Old Result=0.00352553 >New Result=0.00280321  Index=69437  EvolveAge1=0  EvolveAge2=255  Best=0.00011390   BestAge=3  Time=0.7 Seconds  Run Time=235.9 Seconds
FIRESTARTER_EVOLVE_GPU: Seed=0  Test= 6  Generation=  9  Age=  1  Evolution= 0  Weight=0.00000000  Old Result=0.00280321 >New Result=0.00175631  Index=69437  EvolveAge1=1  EvolveAge2=291  Best=0.00011390   BestAge=4  Time=0.7 Seconds  Run Time=236.6 Seconds
FIRESTARTER_EVOLVE_GPU: Seed=0  Test= 6  Generation= 10  Age=  1  Evolution= 0  Weight=0.00000000  Old Result=0.00175631  Bad Result=0.00213957  Index=91507  EvolveAge1=0  EvolveAge2=228  Best=0.00011390   BestAge=5  Time=0.7 Seconds  Run Time=237.3 Seconds
FIRESTARTER_OPTIMIZE_CPU: Seed=0  Test= 6  Optimize=0  Generation=  1 *Result=0.00000025  Best=0.00000025   Time=7.3 Seconds  Run Time=237.9 Seconds
