CUDA devices = 1
Device 0: NVIDIA GeForce RTX 4090

variations = 1
instructions = 32
registers = 30
opcodes = 2
patternOpcodes = 4

targetMin = 0.000000f
targetMax = 6.283185f
target = 0.000001f

mode = FIRESTARTER_OPTIMIZE
evolveSeed = 1
optimizeSeed = 1
tests = 256
streams = 1
units = 1
states = 1
generations = 0
population = 49152
passes = 512
attempts = 0
optimize = 1

scale = 0.300000f
startScale = 2.500000f
startResult = 10.000000f

FIRESTARTER_OPTIMIZE: Seed=1  Test=205  Generation=  2 *Result=0.00022659  Best=0.00022659   Time=0.1  Run Time=588.1
FIRESTARTER_OPTIMIZE: Seed=1  Test=205  Generation=  3 *Result=0.00007172  Best=0.00007172   Time=0.1  Run Time=588.5
FIRESTARTER_OPTIMIZE: Seed=1  Test=205  Generation=  4 *Result=0.00003827  Best=0.00003827   Time=0.1  Run Time=588.9
FIRESTARTER_OPTIMIZE: Seed=1  Test=205  Generation=  5 *Result=0.00001763  Best=0.00001763   Time=0.1  Run Time=589.2
FIRESTARTER_OPTIMIZE: Seed=1  Test=205  Generation=  6  Result=0.00005276  Best=0.00001763   Time=0.1  Run Time=589.6
FIRESTARTER_OPTIMIZE: Seed=1  Test=205  Generation=  7 *Result=0.00000140  Best=0.00000140   Time=0.1  Run Time=590.0
FIRESTARTER_OPTIMIZE: Seed=1  Test=205  Generation=  8  Result=0.00019014  Best=0.00000140   Time=0.1  Run Time=590.4
FIRESTARTER_OPTIMIZE: Seed=1  Test=205  Generation=  9  Result=0.00004892  Best=0.00000140   Time=0.1  Run Time=590.7
FIRESTARTER_OPTIMIZE: Seed=1  Test=205  Generation= 10  Result=0.00022805  Best=0.00000140   Time=0.1  Run Time=591.1
FIRESTARTER_OPTIMIZE: Seed=1  Test=205  Generation= 11  Result=0.00019783  Best=0.00000140   Time=0.1  Run Time=591.5
FIRESTARTER_OPTIMIZE: Seed=1  Test=205  Generation= 12 *Result=0.00000014  Best=0.00000014   Time=0.1  Run Time=591.9
