CUDA devices = 1
Device 0: NVIDIA GeForce RTX 4090

variations = 1
instructions = 32
registers = 30
opcodes = 2
patternOpcodes = 4

targetMin = 0.000000f
targetMax = 6.283185f
target = 0.000001f

mode = FIRESTARTER_OPTIMIZE
evolveSeed = 0
optimizeSeed = 0
tests = 256
streams = 1
units = 1
states = 1
generations = 0
population = 65536
passes = 512
attempts = 0
optimize = 1

scale = 0.300000f
startScale = 2.500000f
startResult = 10.000000f

FIRESTARTER_OPTIMIZE: Seed=0  Test=178  Generation=  2 *Result=0.00008592  Best=0.00008592   Time=0.1  Run Time=472.1
FIRESTARTER_OPTIMIZE: Seed=0  Test=178  Generation=  3  Result=0.00017399  Best=0.00008592   Time=0.1  Run Time=472.4
FIRESTARTER_OPTIMIZE: Seed=0  Test=178  Generation=  4  Result=0.00026889  Best=0.00008592   Time=0.1  Run Time=472.8
FIRESTARTER_OPTIMIZE: Seed=0  Test=178  Generation=  5 *Result=0.00003442  Best=0.00003442   Time=0.1  Run Time=473.2
FIRESTARTER_OPTIMIZE: Seed=0  Test=178  Generation=  6  Result=0.00005793  Best=0.00003442   Time=0.1  Run Time=473.6
FIRESTARTER_OPTIMIZE: Seed=0  Test=178  Generation=  7 *Result=0.00000211  Best=0.00000211   Time=0.1  Run Time=473.9
FIRESTARTER_OPTIMIZE: Seed=0  Test=178  Generation=  8 *Result=0.00000125  Best=0.00000125   Time=0.1  Run Time=474.3
FIRESTARTER_OPTIMIZE: Seed=0  Test=178  Generation=  9 *Result=0.00000009  Best=0.00000009   Time=0.1  Run Time=474.7
