CUDA devices = 1
Device 0: NVIDIA GeForce RTX 4090

variations = 1
instructions = 32
registers = 30
opcodes = 2
patternOpcodes = 4

targetMin = 0.000000f
targetMax = 6.283185f
target = 0.000001f

mode = FIRESTARTER_OPTIMIZE
evolveSeed = 0
optimizeSeed = 0
tests = 256
streams = 1
units = 1
states = 1
generations = 0
population = 65536
passes = 384
attempts = 0
optimize = 1

scale = 0.300000f
startScale = 2.500000f
startResult = 10.000000f

FIRESTARTER_OPTIMIZE: Seed=0  Test=182  Generation=  1 *Result=0.00000282  Best=0.00000282   Time=0.1  Run Time=662.8
FIRESTARTER_OPTIMIZE: Seed=0  Test=182  Generation=  2  Result=0.00000418  Best=0.00000282   Time=0.1  Run Time=662.9
FIRESTARTER_OPTIMIZE: Seed=0  Test=182  Generation=  3  Result=0.00018292  Best=0.00000282   Time=0.1  Run Time=663.1
FIRESTARTER_OPTIMIZE: Seed=0  Test=182  Generation=  4  Result=0.00018680  Best=0.00000282   Time=0.1  Run Time=663.2
FIRESTARTER_OPTIMIZE: Seed=0  Test=182  Generation=  5  Result=0.00004937  Best=0.00000282   Time=0.1  Run Time=663.4
FIRESTARTER_OPTIMIZE: Seed=0  Test=182  Generation=  6  Result=0.00026596  Best=0.00000282   Time=0.1  Run Time=663.5
FIRESTARTER_OPTIMIZE: Seed=0  Test=182  Generation=  7  Result=0.00005290  Best=0.00000282   Time=0.1  Run Time=663.7
FIRESTARTER_OPTIMIZE: Seed=0  Test=182  Generation=  8 *Result=0.00000006  Best=0.00000006   Time=0.1  Run Time=663.8
