CUDA devices = 1
Device 0: NVIDIA GeForce RTX 4090

variations = 1
instructions = 32
registers = 30
opcodes = 2
patternOpcodes = 4

targetMin = 0.000000f
targetMax = 6.283185f
target = 0.000001f

mode = FIRESTARTER_OPTIMIZE
evolveSeed = 1
optimizeSeed = 1
tests = 256
streams = 1
units = 1
states = 1
generations = 0
population = 49152
passes = 512
attempts = 0
optimize = 1

scale = 0.300000f
startScale = 2.500000f
startResult = 10.000000f

FIRESTARTER_OPTIMIZE: Seed=1  Test=234  Generation=  2 *Result=0.00004014  Best=0.00004014   Time=0.1  Run Time=677.2
FIRESTARTER_OPTIMIZE: Seed=1  Test=234  Generation=  3  Result=0.00614238  Best=0.00004014   Time=0.1  Run Time=677.6
FIRESTARTER_OPTIMIZE: Seed=1  Test=234  Generation=  4  Result=0.00013224  Best=0.00004014   Time=0.1  Run Time=678.0
FIRESTARTER_OPTIMIZE: Seed=1  Test=234  Generation=  5  Result=0.00004947  Best=0.00004014   Time=0.1  Run Time=678.3
FIRESTARTER_OPTIMIZE: Seed=1  Test=234  Generation=  6  Result=0.00050310  Best=0.00004014   Time=0.1  Run Time=678.7
FIRESTARTER_OPTIMIZE: Seed=1  Test=234  Generation=  7  Result=0.00049187  Best=0.00004014   Time=0.1  Run Time=679.1
FIRESTARTER_OPTIMIZE: Seed=1  Test=234  Generation=  8  Result=0.00019329  Best=0.00004014   Time=0.1  Run Time=679.4
FIRESTARTER_OPTIMIZE: Seed=1  Test=234  Generation=  9 *Result=0.00002552  Best=0.00002552   Time=0.1  Run Time=679.8
FIRESTARTER_OPTIMIZE: Seed=1  Test=234  Generation= 10 *Result=0.00000081  Best=0.00000081   Time=0.1  Run Time=680.1
