CUDA devices = 1
Device 0: NVIDIA GeForce RTX 4090

variations = 1
samples = 15
instructions = 30
registers = 30
opcodes = 2
patternOpcodes = 4

targetMin = 0.000000f
targetMax = 6.283185f
target = 0.000001f

mode = FIRESTARTER_OPTIMIZE
evolveSeed = 0
optimizeSeed = 0
tests = 256
streams = 1
units = 1
states = 1
generations = 0
population = 65536
iterations = 64
passes = 512
candidates = 16
attempts = 0
optimize = 1

scale = 0.300000f
startScale = 2.500000f
startResult = 10.000000f

FIRESTARTER_OPTIMIZE: Seed=0  Test=55  Generation=  2 *Result=0.00007254  Best=0.00007254   Time=0.1  Run Time=182.4
FIRESTARTER_OPTIMIZE: Seed=0  Test=55  Generation=  3 *Result=0.00000370  Best=0.00000370   Time=0.1  Run Time=182.8
FIRESTARTER_OPTIMIZE: Seed=0  Test=55  Generation=  4  Result=0.00018234  Best=0.00000370   Time=0.1  Run Time=183.3
FIRESTARTER_OPTIMIZE: Seed=0  Test=55  Generation=  5 *Result=0.00000100  Best=0.00000100   Time=0.1  Run Time=183.7
FIRESTARTER_OPTIMIZE: Seed=0  Test=55  Generation=  6  Result=0.00000501  Best=0.00000100   Time=0.1  Run Time=184.1
FIRESTARTER_OPTIMIZE: Seed=0  Test=55  Generation=  7  Result=0.00005985  Best=0.00000100   Time=0.1  Run Time=184.6
FIRESTARTER_OPTIMIZE: Seed=0  Test=55  Generation=  8  Result=0.00001732  Best=0.00000100   Time=0.1  Run Time=185.0
FIRESTARTER_OPTIMIZE: Seed=0  Test=55  Generation=  9  Result=0.00002397  Best=0.00000100   Time=0.1  Run Time=185.4
FIRESTARTER_OPTIMIZE: Seed=0  Test=55  Generation= 10 *Result=0.00000038  Best=0.00000038   Time=0.1  Run Time=185.9
