CUDA devices = 1
Device 0: NVIDIA GeForce RTX 4090

variations = 1
samples = 15
instructions = 32
registers = 30
opcodes = 2
patternOpcodes = 4

targetMin = 0.000000f
targetMax = 6.283185f
target = 0.000001f

mode = FIRESTARTER_OPTIMIZE
evolveSeed = 0
optimizeSeed = 0
tests = 256
streams = 1
units = 1
states = 1
generations = 0
population = 65536
iterations = 64
passes = 512
candidates = 16
attempts = 0
optimize = 1

scale = 0.300000f
startScale = 2.500000f
startResult = 10.000000f

FIRESTARTER_OPTIMIZE: Seed=0  Test=111  Generation=  2 *Result=0.00615235  Best=0.00615235   Time=0.1  Run Time=460.3
FIRESTARTER_OPTIMIZE: Seed=0  Test=111  Generation=  3 *Result=0.00000742  Best=0.00000742   Time=0.1  Run Time=460.8
FIRESTARTER_OPTIMIZE: Seed=0  Test=111  Generation=  4  Result=0.00018898  Best=0.00000742   Time=0.1  Run Time=461.2
FIRESTARTER_OPTIMIZE: Seed=0  Test=111  Generation=  5  Result=0.00005762  Best=0.00000742   Time=0.1  Run Time=461.7
FIRESTARTER_OPTIMIZE: Seed=0  Test=111  Generation=  6  Result=0.00025495  Best=0.00000742   Time=0.1  Run Time=462.1
FIRESTARTER_OPTIMIZE: Seed=0  Test=111  Generation=  7  Result=0.00006221  Best=0.00000742   Time=0.1  Run Time=462.6
FIRESTARTER_OPTIMIZE: Seed=0  Test=111  Generation=  8  Result=0.00018125  Best=0.00000742   Time=0.1  Run Time=463.1
FIRESTARTER_OPTIMIZE: Seed=0  Test=111  Generation=  9  Result=0.00029033  Best=0.00000742   Time=0.1  Run Time=463.6
FIRESTARTER_OPTIMIZE: Seed=0  Test=111  Generation= 10  Result=0.00044164  Best=0.00000742   Time=0.1  Run Time=464.1
FIRESTARTER_OPTIMIZE: Seed=0  Test=111  Generation= 11  Result=0.00000980  Best=0.00000742   Time=0.1  Run Time=464.6
FIRESTARTER_OPTIMIZE: Seed=0  Test=111  Generation= 12 *Result=0.00000011  Best=0.00000011   Time=0.1  Run Time=465.0
