CUDA devices = 1
Device 0: NVIDIA GeForce RTX 4090

variations = 1
instructions = 32
registers = 30
opcodes = 2
patternOpcodes = 4

targetMin = 0.000000f
targetMax = 6.283185f
target = 0.000001f

mode = FIRESTARTER_OPTIMIZE
evolveSeed = 1
optimizeSeed = 1
tests = 256
streams = 1
units = 1
states = 1
generations = 0
population = 49152
passes = 384
attempts = 0
optimize = 1

scale = 0.300000f
startScale = 2.500000f
startResult = 10.000000f

FIRESTARTER_OPTIMIZE: Seed=1  Test=74  Generation=  2 *Result=0.00023584  Best=0.00023584   Time=0.1  Run Time=203.4
FIRESTARTER_OPTIMIZE: Seed=1  Test=74  Generation=  3 *Result=0.00005236  Best=0.00005236   Time=0.1  Run Time=203.8
FIRESTARTER_OPTIMIZE: Seed=1  Test=74  Generation=  4  Result=0.00122547  Best=0.00005236   Time=0.1  Run Time=204.1
FIRESTARTER_OPTIMIZE: Seed=1  Test=74  Generation=  5  Result=0.00171148  Best=0.00005236   Time=0.1  Run Time=204.4
FIRESTARTER_OPTIMIZE: Seed=1  Test=74  Generation=  6 *Result=0.00000027  Best=0.00000027   Time=0.1  Run Time=204.8
