CUDA devices = 1
Device 0: NVIDIA GeForce RTX 4090

variations = 1
samples = 15
instructions = 30
registers = 30
opcodes = 2
patternOpcodes = 4

targetMin = 0.000000f
targetMax = 6.283185f
target = 0.000001f

mode = FIRESTARTER_OPTIMIZE
evolveSeed = 0
optimizeSeed = 0
tests = 256
streams = 1
units = 1
states = 1
generations = 0
population = 65536
iterations = 64
passes = 512
candidates = 16
attempts = 0
optimize = 1

scale = 0.300000f
startScale = 2.500000f
startResult = 10.000000f

FIRESTARTER_OPTIMIZE: Seed=0  Test=227  Generation=  2 *Result=0.00000249  Best=0.00000249   Time=0.1  Run Time=792.5
FIRESTARTER_OPTIMIZE: Seed=0  Test=227  Generation=  3  Result=0.00018238  Best=0.00000249   Time=0.1  Run Time=792.9
FIRESTARTER_OPTIMIZE: Seed=0  Test=227  Generation=  4  Result=0.00035038  Best=0.00000249   Time=0.1  Run Time=793.4
FIRESTARTER_OPTIMIZE: Seed=0  Test=227  Generation=  5  Result=0.00007015  Best=0.00000249   Time=0.1  Run Time=793.8
FIRESTARTER_OPTIMIZE: Seed=0  Test=227  Generation=  6  Result=0.00000440  Best=0.00000249   Time=0.1  Run Time=794.2
FIRESTARTER_OPTIMIZE: Seed=0  Test=227  Generation=  7  Result=0.00001479  Best=0.00000249   Time=0.1  Run Time=794.7
FIRESTARTER_OPTIMIZE: Seed=0  Test=227  Generation=  8  Result=0.00021047  Best=0.00000249   Time=0.1  Run Time=795.1
FIRESTARTER_OPTIMIZE: Seed=0  Test=227  Generation=  9 *Result=0.00000020  Best=0.00000020   Time=0.1  Run Time=795.6
