CUDA devices = 1
Device 0: NVIDIA GeForce RTX 4090

variations = 1
samples = 15
instructions = 32
registers = 30
opcodes = 2
patternOpcodes = 4

targetMin = 0.000000f
targetMax = 6.283185f
target = 0.000001f

mode = FIRESTARTER_OPTIMIZE
evolveSeed = 0
optimizeSeed = 0
tests = 256
streams = 1
units = 1
states = 1
generations = 0
population = 65536
iterations = 64
passes = 512
candidates = 16
attempts = 0
optimize = 1

scale = 0.200000f
startScale = 2.500000f
startResult = 10.000000f

FIRESTARTER_OPTIMIZE: Seed=0  Test=33  Generation=  2 *Result=0.00000183  Best=0.00000183   Time=0.1  Run Time=154.6
FIRESTARTER_OPTIMIZE: Seed=0  Test=33  Generation=  3  Result=0.00001094  Best=0.00000183   Time=0.1  Run Time=155.1
FIRESTARTER_OPTIMIZE: Seed=0  Test=33  Generation=  4  Result=0.00026804  Best=0.00000183   Time=0.1  Run Time=155.5
FIRESTARTER_OPTIMIZE: Seed=0  Test=33  Generation=  5  Result=0.00614348  Best=0.00000183   Time=0.1  Run Time=155.9
FIRESTARTER_OPTIMIZE: Seed=0  Test=33  Generation=  6  Result=0.00181657  Best=0.00000183   Time=0.1  Run Time=156.4
FIRESTARTER_OPTIMIZE: Seed=0  Test=33  Generation=  7  Result=0.00012293  Best=0.00000183   Time=0.1  Run Time=156.8
FIRESTARTER_OPTIMIZE: Seed=0  Test=33  Generation=  8  Result=0.00615137  Best=0.00000183   Time=0.1  Run Time=157.3
FIRESTARTER_OPTIMIZE: Seed=0  Test=33  Generation=  9  Result=0.00017347  Best=0.00000183   Time=0.1  Run Time=157.7
FIRESTARTER_OPTIMIZE: Seed=0  Test=33  Generation= 10  Result=0.00005218  Best=0.00000183   Time=0.1  Run Time=158.2
FIRESTARTER_OPTIMIZE: Seed=0  Test=33  Generation= 11  Result=0.00002253  Best=0.00000183   Time=0.1  Run Time=158.6
FIRESTARTER_OPTIMIZE: Seed=0  Test=33  Generation= 12  Result=0.00034904  Best=0.00000183   Time=0.1  Run Time=159.1
FIRESTARTER_OPTIMIZE: Seed=0  Test=33  Generation= 13 *Result=0.00000014  Best=0.00000014   Time=0.1  Run Time=159.5
