CUDA devices = 1
Device 0: NVIDIA GeForce RTX 4090

variations = 1
samples = 15
instructions = 32
registers = 30
opcodes = 2
patternOpcodes = 4

targetMin = 0.000000f
targetMax = 6.283185f
target = 0.000001f

mode = FIRESTARTER_OPTIMIZE
evolveSeed = 0
optimizeSeed = 0
tests = 256
streams = 1
units = 1
states = 1
generations = 0
population = 65536
iterations = 64
passes = 512
candidates = 16
attempts = 0
optimize = 1

scale = 0.300000f
startScale = 2.500000f
startResult = 10.000000f

FIRESTARTER_OPTIMIZE: Seed=0  Test=10  Generation=  2 *Result=0.00072785  Best=0.00072785   Time=0.1  Run Time=45.8
FIRESTARTER_OPTIMIZE: Seed=0  Test=10  Generation=  3 *Result=0.00018042  Best=0.00018042   Time=0.1  Run Time=46.3
FIRESTARTER_OPTIMIZE: Seed=0  Test=10  Generation=  4  Result=0.00018230  Best=0.00018042   Time=0.1  Run Time=46.8
FIRESTARTER_OPTIMIZE: Seed=0  Test=10  Generation=  5 *Result=0.00011747  Best=0.00011747   Time=0.1  Run Time=47.3
FIRESTARTER_OPTIMIZE: Seed=0  Test=10  Generation=  6  Result=0.00024505  Best=0.00011747   Time=0.1  Run Time=47.8
FIRESTARTER_OPTIMIZE: Seed=0  Test=10  Generation=  7  Result=0.00030857  Best=0.00011747   Time=0.1  Run Time=48.2
FIRESTARTER_OPTIMIZE: Seed=0  Test=10  Generation=  8  Result=0.00012062  Best=0.00011747   Time=0.1  Run Time=48.7
FIRESTARTER_OPTIMIZE: Seed=0  Test=10  Generation=  9 *Result=0.00000024  Best=0.00000024   Time=0.1  Run Time=49.2
