CUDA devices = 1
Device 0: NVIDIA GeForce RTX 4090

variations = 1
samples = 15
instructions = 32
registers = 30
opcodes = 2
patternOpcodes = 4

targetMin = 0.000000f
targetMax = 6.283185f
target = 0.000001f

mode = FIRESTARTER_OPTIMIZE
evolveSeed = 0
optimizeSeed = 0
tests = 256
streams = 1
units = 1
states = 1
generations = 0
population = 65536
iterations = 64
passes = 512
candidates = 16
attempts = 0
optimize = 1

scale = 0.150000f
startScale = 2.500000f
startResult = 10.000000f

FIRESTARTER_OPTIMIZE: Seed=0  Test=106  Generation=  2 *Result=0.00007820  Best=0.00007820   Time=0.1  Run Time=494.7
FIRESTARTER_OPTIMIZE: Seed=0  Test=106  Generation=  3  Result=0.00016238  Best=0.00007820   Time=0.1  Run Time=495.2
FIRESTARTER_OPTIMIZE: Seed=0  Test=106  Generation=  4  Result=0.00014105  Best=0.00007820   Time=0.1  Run Time=495.6
FIRESTARTER_OPTIMIZE: Seed=0  Test=106  Generation=  5  Result=0.00075600  Best=0.00007820   Time=0.1  Run Time=496.1
FIRESTARTER_OPTIMIZE: Seed=0  Test=106  Generation=  6  Result=0.00018802  Best=0.00007820   Time=0.1  Run Time=496.6
FIRESTARTER_OPTIMIZE: Seed=0  Test=106  Generation=  7 *Result=0.00000105  Best=0.00000105   Time=0.1  Run Time=497.0
FIRESTARTER_OPTIMIZE: Seed=0  Test=106  Generation=  8 *Result=0.00000020  Best=0.00000020   Time=0.1  Run Time=497.5
