CUDA devices = 1
Device 0: NVIDIA GeForce RTX 4090

variations = 1
samples = 15
instructions = 32
registers = 30
opcodes = 2
patternOpcodes = 4

targetMin = 0.000000f
targetMax = 6.283185f
target = 0.000001f

mode = FIRESTARTER_OPTIMIZE
evolveSeed = 0
optimizeSeed = 0
tests = 256
streams = 1
units = 1
states = 1
generations = 0
population = 65536
iterations = 64
passes = 512
candidates = 16
attempts = 0
optimize = 1

scale = 0.200000f
startScale = 2.500000f
startResult = 10.000000f

FIRESTARTER_OPTIMIZE: Seed=0  Test=25  Generation=  2 *Result=0.00001530  Best=0.00001530   Time=0.1  Run Time=114.3
FIRESTARTER_OPTIMIZE: Seed=0  Test=25  Generation=  3  Result=0.00019085  Best=0.00001530   Time=0.1  Run Time=114.7
FIRESTARTER_OPTIMIZE: Seed=0  Test=25  Generation=  4  Result=0.00009813  Best=0.00001530   Time=0.1  Run Time=115.2
FIRESTARTER_OPTIMIZE: Seed=0  Test=25  Generation=  5  Result=0.00224388  Best=0.00001530   Time=0.1  Run Time=115.6
FIRESTARTER_OPTIMIZE: Seed=0  Test=25  Generation=  6  Result=0.00598308  Best=0.00001530   Time=0.1  Run Time=116.1
FIRESTARTER_OPTIMIZE: Seed=0  Test=25  Generation=  7 *Result=0.00000237  Best=0.00000237   Time=0.1  Run Time=116.5
FIRESTARTER_OPTIMIZE: Seed=0  Test=25  Generation=  8  Result=0.00018336  Best=0.00000237   Time=0.1  Run Time=116.9
FIRESTARTER_OPTIMIZE: Seed=0  Test=25  Generation=  9 *Result=0.00000045  Best=0.00000045   Time=0.1  Run Time=117.4
