CUDA devices = 1
Device 0: NVIDIA GeForce RTX 4090

variations = 1
instructions = 32
registers = 30
opcodes = 2
patternOpcodes = 4

targetMin = 0.000000f
targetMax = 6.283185f
target = 0.000001f

mode = FIRESTARTER_OPTIMIZE
evolveSeed = 1
optimizeSeed = 1
tests = 256
streams = 1
units = 1
states = 1
generations = 0
population = 49152
passes = 512
attempts = 0
optimize = 1

scale = 0.300000f
startScale = 2.500000f
startResult = 10.000000f

FIRESTARTER_OPTIMIZE: Seed=1  Test=230  Generation=  2 *Result=0.00015038  Best=0.00015038   Time=0.1  Run Time=665.4
FIRESTARTER_OPTIMIZE: Seed=1  Test=230  Generation=  3  Result=0.00019228  Best=0.00015038   Time=0.1  Run Time=665.7
FIRESTARTER_OPTIMIZE: Seed=1  Test=230  Generation=  4 *Result=0.00000188  Best=0.00000188   Time=0.1  Run Time=666.1
FIRESTARTER_OPTIMIZE: Seed=1  Test=230  Generation=  5  Result=0.00064020  Best=0.00000188   Time=0.1  Run Time=666.4
FIRESTARTER_OPTIMIZE: Seed=1  Test=230  Generation=  6  Result=0.00012948  Best=0.00000188   Time=0.1  Run Time=666.8
FIRESTARTER_OPTIMIZE: Seed=1  Test=230  Generation=  7  Result=0.00005216  Best=0.00000188   Time=0.1  Run Time=667.2
FIRESTARTER_OPTIMIZE: Seed=1  Test=230  Generation=  8  Result=0.00005496  Best=0.00000188   Time=0.1  Run Time=667.5
FIRESTARTER_OPTIMIZE: Seed=1  Test=230  Generation=  9  Result=0.00061386  Best=0.00000188   Time=0.1  Run Time=667.9
FIRESTARTER_OPTIMIZE: Seed=1  Test=230  Generation= 10 *Result=0.00000007  Best=0.00000007   Time=0.1  Run Time=668.3
