CUDA devices = 1
Device 0: NVIDIA GeForce RTX 4090

variations = 1
samples = 15
instructions = 32
registers = 30
opcodes = 2
patternOpcodes = 4

targetMin = 0.000000f
targetMax = 6.283185f
target = 0.000001f

mode = FIRESTARTER_OPTIMIZE
evolveSeed = 0
optimizeSeed = 0
tests = 256
streams = 1
units = 1
states = 1
generations = 0
population = 65536
iterations = 64
passes = 512
candidates = 16
attempts = 0
optimize = 1

scale = 0.100000f
startScale = 2.500000f
startResult = 10.000000f

FIRESTARTER_OPTIMIZE: Seed=0  Test=169  Generation=  2 *Result=0.00022137  Best=0.00022137   Time=0.1  Run Time=919.5
FIRESTARTER_OPTIMIZE: Seed=0  Test=169  Generation=  3 *Result=0.00000674  Best=0.00000674   Time=0.1  Run Time=920.0
FIRESTARTER_OPTIMIZE: Seed=0  Test=169  Generation=  4 *Result=0.00000225  Best=0.00000225   Time=0.1  Run Time=920.4
FIRESTARTER_OPTIMIZE: Seed=0  Test=169  Generation=  5  Result=0.00072543  Best=0.00000225   Time=0.1  Run Time=920.9
FIRESTARTER_OPTIMIZE: Seed=0  Test=169  Generation=  6  Result=0.00002599  Best=0.00000225   Time=0.1  Run Time=921.3
FIRESTARTER_OPTIMIZE: Seed=0  Test=169  Generation=  7  Result=0.00023124  Best=0.00000225   Time=0.1  Run Time=921.8
FIRESTARTER_OPTIMIZE: Seed=0  Test=169  Generation=  8  Result=0.00018321  Best=0.00000225   Time=0.1  Run Time=922.2
FIRESTARTER_OPTIMIZE: Seed=0  Test=169  Generation=  9  Result=0.00047127  Best=0.00000225   Time=0.1  Run Time=922.6
FIRESTARTER_OPTIMIZE: Seed=0  Test=169  Generation= 10  Result=0.00010568  Best=0.00000225   Time=0.1  Run Time=923.1
FIRESTARTER_OPTIMIZE: Seed=0  Test=169  Generation= 11  Result=0.00130921  Best=0.00000225   Time=0.1  Run Time=923.5
FIRESTARTER_OPTIMIZE: Seed=0  Test=169  Generation= 12  Result=0.00002002  Best=0.00000225   Time=0.1  Run Time=924.0
FIRESTARTER_OPTIMIZE: Seed=0  Test=169  Generation= 13  Result=0.00060123  Best=0.00000225   Time=0.1  Run Time=924.4
FIRESTARTER_OPTIMIZE: Seed=0  Test=169  Generation= 14 *Result=0.00000012  Best=0.00000012   Time=0.1  Run Time=924.9
