CUDA devices = 1
Device 0: NVIDIA GeForce RTX 4090

variations = 1
instructions = 32
registers = 30
opcodes = 2
patternOpcodes = 4

targetMin = 0.000000f
targetMax = 6.283185f
target = 0.000001f

mode = FIRESTARTER_OPTIMIZE
evolveSeed = 0
optimizeSeed = 0
tests = 256
streams = 1
units = 1
states = 1
generations = 0
population = 65536
passes = 512
attempts = 0
optimize = 1

scale = 0.300000f
startScale = 2.500000f
startResult = 10.000000f

FIRESTARTER_OPTIMIZE: Seed=0  Test=138  Generation=  2 *Result=0.00006689  Best=0.00006689   Time=0.1  Run Time=380.5
FIRESTARTER_OPTIMIZE: Seed=0  Test=138  Generation=  3 *Result=0.00004023  Best=0.00004023   Time=0.1  Run Time=380.9
FIRESTARTER_OPTIMIZE: Seed=0  Test=138  Generation=  4  Result=0.00005757  Best=0.00004023   Time=0.1  Run Time=381.3
FIRESTARTER_OPTIMIZE: Seed=0  Test=138  Generation=  5 *Result=0.00000114  Best=0.00000114   Time=0.1  Run Time=381.6
FIRESTARTER_OPTIMIZE: Seed=0  Test=138  Generation=  6 *Result=0.00000108  Best=0.00000108   Time=0.1  Run Time=382.0
FIRESTARTER_OPTIMIZE: Seed=0  Test=138  Generation=  7  Result=0.00003433  Best=0.00000108   Time=0.1  Run Time=382.4
FIRESTARTER_OPTIMIZE: Seed=0  Test=138  Generation=  8  Result=0.00003719  Best=0.00000108   Time=0.1  Run Time=382.7
FIRESTARTER_OPTIMIZE: Seed=0  Test=138  Generation=  9 *Result=0.00000009  Best=0.00000009   Time=0.1  Run Time=383.1
