CUDA devices = 1
Device 0: NVIDIA GeForce RTX 4090

variations = 1
samples = 15
instructions = 30
registers = 30
opcodes = 2
patternOpcodes = 4

targetMin = 0.000000f
targetMax = 6.283185f
target = 0.000001f

mode = FIRESTARTER_OPTIMIZE
evolveSeed = 0
optimizeSeed = 0
tests = 256
streams = 1
units = 1
states = 1
generations = 0
population = 65536
iterations = 64
passes = 512
candidates = 16
attempts = 0
optimize = 1

scale = 0.300000f
startScale = 2.500000f
startResult = 10.000000f

FIRESTARTER_OPTIMIZE: Seed=0  Test=140  Generation=  2 *Result=0.00073261  Best=0.00073261   Time=0.1  Run Time=460.8
FIRESTARTER_OPTIMIZE: Seed=0  Test=140  Generation=  3  Result=0.00153267  Best=0.00073261   Time=0.1  Run Time=461.3
FIRESTARTER_OPTIMIZE: Seed=0  Test=140  Generation=  4 *Result=0.00003315  Best=0.00003315   Time=0.1  Run Time=461.8
FIRESTARTER_OPTIMIZE: Seed=0  Test=140  Generation=  5  Result=0.00007457  Best=0.00003315   Time=0.1  Run Time=462.2
FIRESTARTER_OPTIMIZE: Seed=0  Test=140  Generation=  6  Result=0.00018811  Best=0.00003315   Time=0.1  Run Time=462.7
FIRESTARTER_OPTIMIZE: Seed=0  Test=140  Generation=  7 *Result=0.00000355  Best=0.00000355   Time=0.1  Run Time=463.1
FIRESTARTER_OPTIMIZE: Seed=0  Test=140  Generation=  8  Result=0.00221501  Best=0.00000355   Time=0.1  Run Time=463.6
FIRESTARTER_OPTIMIZE: Seed=0  Test=140  Generation=  9  Result=0.00232277  Best=0.00000355   Time=0.1  Run Time=464.0
FIRESTARTER_OPTIMIZE: Seed=0  Test=140  Generation= 10  Result=0.00303788  Best=0.00000355   Time=0.1  Run Time=464.5
FIRESTARTER_OPTIMIZE: Seed=0  Test=140  Generation= 11  Result=0.00018231  Best=0.00000355   Time=0.1  Run Time=464.9
FIRESTARTER_OPTIMIZE: Seed=0  Test=140  Generation= 12 *Result=0.00000233  Best=0.00000233   Time=0.1  Run Time=465.3
FIRESTARTER_OPTIMIZE: Seed=0  Test=140  Generation= 13 *Result=0.00000064  Best=0.00000064   Time=0.1  Run Time=465.8
