CUDA devices = 1
Device 0: NVIDIA GeForce RTX 4090

variations = 1
instructions = 32
registers = 30
opcodes = 2
patternOpcodes = 4

targetMin = 0.000000f
targetMax = 6.283185f
target = 0.000001f

mode = FIRESTARTER_OPTIMIZE
evolveSeed = 2
optimizeSeed = 2
tests = 256
streams = 1
units = 1
states = 1
generations = 0
population = 65536
passes = 384
attempts = 0
optimize = 1

scale = 0.300000f
startScale = 2.500000f
startResult = 10.000000f

FIRESTARTER_OPTIMIZE: Seed=2  Test=105  Generation=  2 *Result=0.00007861  Best=0.00007861   Time=0.1  Run Time=242.2
FIRESTARTER_OPTIMIZE: Seed=2  Test=105  Generation=  3  Result=0.00150002  Best=0.00007861   Time=0.1  Run Time=242.5
FIRESTARTER_OPTIMIZE: Seed=2  Test=105  Generation=  4 *Result=0.00000191  Best=0.00000191   Time=0.1  Run Time=242.8
FIRESTARTER_OPTIMIZE: Seed=2  Test=105  Generation=  5  Result=0.00006768  Best=0.00000191   Time=0.1  Run Time=243.1
FIRESTARTER_OPTIMIZE: Seed=2  Test=105  Generation=  6  Result=0.00034723  Best=0.00000191   Time=0.1  Run Time=243.4
FIRESTARTER_OPTIMIZE: Seed=2  Test=105  Generation=  7  Result=0.00065793  Best=0.00000191   Time=0.1  Run Time=243.7
FIRESTARTER_OPTIMIZE: Seed=2  Test=105  Generation=  8 *Result=0.00000009  Best=0.00000009   Time=0.1  Run Time=244.0
