CUDA devices = 1
Device 0: NVIDIA GeForce RTX 4090

variations = 1
samples = 15
instructions = 32
registers = 30
opcodes = 2
patternOpcodes = 4

targetMin = 0.000000f
targetMax = 6.283185f
target = 0.000001f

mode = FIRESTARTER_OPTIMIZE
evolveSeed = 0
optimizeSeed = 0
tests = 256
streams = 1
units = 1
states = 1
generations = 0
population = 65536
iterations = 64
passes = 512
candidates = 16
attempts = 0
optimize = 1

scale = 0.300000f
startScale = 2.500000f
startResult = 10.000000f

FIRESTARTER_OPTIMIZE: Seed=0  Test=215  Generation=  2 *Result=0.00670846  Best=0.00670846   Time=0.1  Run Time=903.1
FIRESTARTER_OPTIMIZE: Seed=0  Test=215  Generation=  3 *Result=0.00023883  Best=0.00023883   Time=0.1  Run Time=903.5
FIRESTARTER_OPTIMIZE: Seed=0  Test=215  Generation=  4 *Result=0.00008383  Best=0.00008383   Time=0.1  Run Time=904.0
FIRESTARTER_OPTIMIZE: Seed=0  Test=215  Generation=  5  Result=0.00018722  Best=0.00008383   Time=0.1  Run Time=904.5
FIRESTARTER_OPTIMIZE: Seed=0  Test=215  Generation=  6 *Result=0.00002953  Best=0.00002953   Time=0.1  Run Time=904.9
FIRESTARTER_OPTIMIZE: Seed=0  Test=215  Generation=  7 *Result=0.00000017  Best=0.00000017   Time=0.1  Run Time=905.4
