CUDA devices = 1
Device 0: NVIDIA GeForce RTX 4090

variations = 1
samples = 15
instructions = 32
registers = 30
opcodes = 2
patternOpcodes = 4

targetMin = 0.000000f
targetMax = 6.283185f
target = 0.000001f

mode = FIRESTARTER_OPTIMIZE
evolveSeed = 123
optimizeSeed = 123
tests = 256
streams = 1
units = 1
states = 1
generations = 0
population = 65536
iterations = 64
passes = 512
candidates = 16
attempts = 0
optimize = 1

scale = 0.300000f
startScale = 2.500000f
startResult = 10.000000f

FIRESTARTER_OPTIMIZE: Seed=123  Test=130  Generation=  2 *Result=0.00003684  Best=0.00003684   Time=0.1  Run Time=422.4
FIRESTARTER_OPTIMIZE: Seed=123  Test=130  Generation=  3  Result=0.00025981  Best=0.00003684   Time=0.1  Run Time=422.8
FIRESTARTER_OPTIMIZE: Seed=123  Test=130  Generation=  4  Result=0.00018281  Best=0.00003684   Time=0.1  Run Time=423.2
FIRESTARTER_OPTIMIZE: Seed=123  Test=130  Generation=  5  Result=0.00016903  Best=0.00003684   Time=0.1  Run Time=423.5
FIRESTARTER_OPTIMIZE: Seed=123  Test=130  Generation=  6 *Result=0.00000104  Best=0.00000104   Time=0.1  Run Time=423.9
FIRESTARTER_OPTIMIZE: Seed=123  Test=130  Generation=  7  Result=0.00072763  Best=0.00000104   Time=0.1  Run Time=424.3
FIRESTARTER_OPTIMIZE: Seed=123  Test=130  Generation=  8  Result=0.00005269  Best=0.00000104   Time=0.1  Run Time=424.7
FIRESTARTER_OPTIMIZE: Seed=123  Test=130  Generation=  9 *Result=0.00000022  Best=0.00000022   Time=0.1  Run Time=425.1
