CUDA devices = 1
Device 0: NVIDIA GeForce RTX 4090

variations = 1
samples = 15
instructions = 28
registers = 28
opcodes = 2
patternOpcodes = 4

targetMin = 0.000000f
targetMax = 6.283185f
target = 0.000001f

mode = FIRESTARTER_OPTIMIZE
evolveSeed = 0
optimizeSeed = 0
tests = 256
streams = 1
units = 1
states = 1
generations = 0
population = 65536
iterations = 64
passes = 512
candidates = 16
attempts = 0
optimize = 1

scale = 0.300000f
startScale = 2.500000f
startResult = 10.000000f

FIRESTARTER_OPTIMIZE: Seed=0  Test=196  Generation=  2 *Result=0.00006115  Best=0.00006115   Time=0.1  Run Time=722.2
FIRESTARTER_OPTIMIZE: Seed=0  Test=196  Generation=  3  Result=0.00030950  Best=0.00006115   Time=0.1  Run Time=722.7
FIRESTARTER_OPTIMIZE: Seed=0  Test=196  Generation=  4  Result=0.00018263  Best=0.00006115   Time=0.1  Run Time=723.1
FIRESTARTER_OPTIMIZE: Seed=0  Test=196  Generation=  5  Result=0.00011509  Best=0.00006115   Time=0.1  Run Time=723.5
FIRESTARTER_OPTIMIZE: Seed=0  Test=196  Generation=  6 *Result=0.00003642  Best=0.00003642   Time=0.1  Run Time=723.9
FIRESTARTER_OPTIMIZE: Seed=0  Test=196  Generation=  7 *Result=0.00000197  Best=0.00000197   Time=0.1  Run Time=724.3
FIRESTARTER_OPTIMIZE: Seed=0  Test=196  Generation=  8  Result=0.00000814  Best=0.00000197   Time=0.1  Run Time=724.7
FIRESTARTER_OPTIMIZE: Seed=0  Test=196  Generation=  9  Result=0.00143376  Best=0.00000197   Time=0.1  Run Time=725.2
FIRESTARTER_OPTIMIZE: Seed=0  Test=196  Generation= 10 *Result=0.00000088  Best=0.00000088   Time=0.1  Run Time=725.6
