CUDA devices = 1
Device 0: NVIDIA GeForce RTX 4090

variations = 1
instructions = 32
registers = 30
opcodes = 2
patternOpcodes = 4

targetMin = 0.000000f
targetMax = 6.283185f
target = 0.000001f

mode = FIRESTARTER_OPTIMIZE
evolveSeed = 2
optimizeSeed = 2
tests = 256
streams = 1
units = 1
states = 1
generations = 0
population = 65536
passes = 384
attempts = 0
optimize = 1

scale = 0.300000f
startScale = 2.500000f
startResult = 10.000000f

FIRESTARTER_OPTIMIZE: Seed=2  Test=72  Generation=  2 *Result=0.00002843  Best=0.00002843   Time=0.1  Run Time=153.0
FIRESTARTER_OPTIMIZE: Seed=2  Test=72  Generation=  3  Result=0.00064015  Best=0.00002843   Time=0.1  Run Time=153.3
FIRESTARTER_OPTIMIZE: Seed=2  Test=72  Generation=  4  Result=0.00006819  Best=0.00002843   Time=0.1  Run Time=153.6
FIRESTARTER_OPTIMIZE: Seed=2  Test=72  Generation=  5  Result=0.00018287  Best=0.00002843   Time=0.1  Run Time=153.9
FIRESTARTER_OPTIMIZE: Seed=2  Test=72  Generation=  6  Result=0.00016445  Best=0.00002843   Time=0.1  Run Time=154.2
FIRESTARTER_OPTIMIZE: Seed=2  Test=72  Generation=  7  Result=0.00005281  Best=0.00002843   Time=0.1  Run Time=154.5
FIRESTARTER_OPTIMIZE: Seed=2  Test=72  Generation=  8 *Result=0.00000028  Best=0.00000028   Time=0.1  Run Time=154.8
