CUDA devices = 1
Device 0: NVIDIA GeForce RTX 4090

variations = 1
samples = 15
instructions = 32
registers = 30
opcodes = 2
patternOpcodes = 4

targetMin = 0.000000f
targetMax = 6.283185f
target = 0.000001f

mode = FIRESTARTER_OPTIMIZE
evolveSeed = 0
optimizeSeed = 0
tests = 256
streams = 1
units = 1
states = 1
generations = 0
population = 65536
iterations = 64
passes = 512
candidates = 16
attempts = 0
optimize = 1

scale = 0.100000f
startScale = 2.500000f
startResult = 10.000000f

FIRESTARTER_OPTIMIZE: Seed=0  Test=86  Generation=  2 *Result=0.00115548  Best=0.00115548   Time=0.1  Run Time=511.4
FIRESTARTER_OPTIMIZE: Seed=0  Test=86  Generation=  3 *Result=0.00002713  Best=0.00002713   Time=0.1  Run Time=511.8
FIRESTARTER_OPTIMIZE: Seed=0  Test=86  Generation=  4 *Result=0.00000123  Best=0.00000123   Time=0.1  Run Time=512.3
FIRESTARTER_OPTIMIZE: Seed=0  Test=86  Generation=  5  Result=0.00060502  Best=0.00000123   Time=0.1  Run Time=512.7
FIRESTARTER_OPTIMIZE: Seed=0  Test=86  Generation=  6  Result=0.00016970  Best=0.00000123   Time=0.1  Run Time=513.2
FIRESTARTER_OPTIMIZE: Seed=0  Test=86  Generation=  7  Result=0.00019921  Best=0.00000123   Time=0.1  Run Time=513.6
FIRESTARTER_OPTIMIZE: Seed=0  Test=86  Generation=  8  Result=0.00034017  Best=0.00000123   Time=0.1  Run Time=514.1
FIRESTARTER_OPTIMIZE: Seed=0  Test=86  Generation=  9  Result=0.00009648  Best=0.00000123   Time=0.1  Run Time=514.5
FIRESTARTER_OPTIMIZE: Seed=0  Test=86  Generation= 10  Result=0.00048901  Best=0.00000123   Time=0.1  Run Time=514.9
FIRESTARTER_OPTIMIZE: Seed=0  Test=86  Generation= 11 *Result=0.00000013  Best=0.00000013   Time=0.1  Run Time=515.4
