CUDA devices = 1
Device 0: NVIDIA GeForce RTX 4090

variations = 1
instructions = 32
registers = 30
opcodes = 2
patternOpcodes = 4

targetMin = 0.000000f
targetMax = 6.283185f
target = 0.000001f

mode = FIRESTARTER_OPTIMIZE
evolveSeed = 1
optimizeSeed = 1
tests = 256
streams = 1
units = 1
states = 1
generations = 0
population = 49152
passes = 384
attempts = 0
optimize = 1

scale = 0.300000f
startScale = 2.500000f
startResult = 10.000000f

FIRESTARTER_OPTIMIZE: Seed=1  Test=218  Generation=  2 *Result=0.00004840  Best=0.00004840   Time=0.1  Run Time=637.3
FIRESTARTER_OPTIMIZE: Seed=1  Test=218  Generation=  3 *Result=0.00001043  Best=0.00001043   Time=0.1  Run Time=637.6
FIRESTARTER_OPTIMIZE: Seed=1  Test=218  Generation=  4 *Result=0.00000748  Best=0.00000748   Time=0.1  Run Time=637.9
FIRESTARTER_OPTIMIZE: Seed=1  Test=218  Generation=  5  Result=0.00023283  Best=0.00000748   Time=0.1  Run Time=638.2
FIRESTARTER_OPTIMIZE: Seed=1  Test=218  Generation=  6  Result=0.00008190  Best=0.00000748   Time=0.1  Run Time=638.5
FIRESTARTER_OPTIMIZE: Seed=1  Test=218  Generation=  7 *Result=0.00000024  Best=0.00000024   Time=0.1  Run Time=638.8
