CUDA devices = 1
Device 0: NVIDIA GeForce RTX 4090

variations = 1
samples = 15
instructions = 32
registers = 30
opcodes = 2
patternOpcodes = 4

targetMin = 0.000000f
targetMax = 6.283185f
target = 0.000001f

mode = FIRESTARTER_OPTIMIZE
evolveSeed = 0
optimizeSeed = 0
tests = 256
streams = 1
units = 1
states = 1
generations = 0
population = 65536
iterations = 64
passes = 512
candidates = 16
attempts = 0
optimize = 1

scale = 0.150000f
startScale = 2.500000f
startResult = 10.000000f

FIRESTARTER_OPTIMIZE: Seed=0  Test=249  Generation=  2 *Result=0.00024278  Best=0.00024278   Time=0.1  Run Time=1266.0
FIRESTARTER_OPTIMIZE: Seed=0  Test=249  Generation=  3 *Result=0.00001743  Best=0.00001743   Time=0.1  Run Time=1266.4
FIRESTARTER_OPTIMIZE: Seed=0  Test=249  Generation=  4  Result=0.00042990  Best=0.00001743   Time=0.1  Run Time=1266.8
FIRESTARTER_OPTIMIZE: Seed=0  Test=249  Generation=  5  Result=0.00070260  Best=0.00001743   Time=0.1  Run Time=1267.3
FIRESTARTER_OPTIMIZE: Seed=0  Test=249  Generation=  6  Result=0.00193501  Best=0.00001743   Time=0.1  Run Time=1267.7
FIRESTARTER_OPTIMIZE: Seed=0  Test=249  Generation=  7  Result=0.00614446  Best=0.00001743   Time=0.1  Run Time=1268.1
FIRESTARTER_OPTIMIZE: Seed=0  Test=249  Generation=  8  Result=0.00024533  Best=0.00001743   Time=0.1  Run Time=1268.6
FIRESTARTER_OPTIMIZE: Seed=0  Test=249  Generation=  9  Result=0.00222443  Best=0.00001743   Time=0.1  Run Time=1269.0
FIRESTARTER_OPTIMIZE: Seed=0  Test=249  Generation= 10 *Result=0.00000350  Best=0.00000350   Time=0.1  Run Time=1269.5
FIRESTARTER_OPTIMIZE: Seed=0  Test=249  Generation= 11 *Result=0.00000039  Best=0.00000039   Time=0.1  Run Time=1269.9
