CUDA devices = 1
Device 0: NVIDIA GeForce RTX 4090

variations = 1
instructions = 32
registers = 30
opcodes = 2
patternOpcodes = 4

targetMin = 0.000000f
targetMax = 6.283185f
target = 0.000001f

mode = FIRESTARTER_OPTIMIZE
evolveSeed = 0
optimizeSeed = 0
tests = 256
streams = 1
units = 1
states = 1
generations = 0
population = 49152
passes = 512
attempts = 0
optimize = 1

scale = 0.300000f
startScale = 2.500000f
startResult = 10.000000f

FIRESTARTER_OPTIMIZE: Seed=0  Test=109  Generation=  2 *Result=0.00000224  Best=0.00000224   Time=0.1  Run Time=293.0
FIRESTARTER_OPTIMIZE: Seed=0  Test=109  Generation=  3  Result=0.00094539  Best=0.00000224   Time=0.1  Run Time=293.4
FIRESTARTER_OPTIMIZE: Seed=0  Test=109  Generation=  4  Result=0.00002135  Best=0.00000224   Time=0.1  Run Time=293.7
FIRESTARTER_OPTIMIZE: Seed=0  Test=109  Generation=  5  Result=0.00011469  Best=0.00000224   Time=0.1  Run Time=294.1
FIRESTARTER_OPTIMIZE: Seed=0  Test=109  Generation=  6  Result=0.00004095  Best=0.00000224   Time=0.1  Run Time=294.4
FIRESTARTER_OPTIMIZE: Seed=0  Test=109  Generation=  7  Result=0.00037817  Best=0.00000224   Time=0.1  Run Time=294.8
FIRESTARTER_OPTIMIZE: Seed=0  Test=109  Generation=  8  Result=0.00018746  Best=0.00000224   Time=0.1  Run Time=295.1
FIRESTARTER_OPTIMIZE: Seed=0  Test=109  Generation=  9 *Result=0.00000036  Best=0.00000036   Time=0.1  Run Time=295.5
