CUDA devices = 1
Device 0: NVIDIA GeForce RTX 4090

variations = 1
instructions = 32
registers = 30
opcodes = 2
patternOpcodes = 4

targetMin = 0.000000f
targetMax = 6.283185f
target = 0.000001f

mode = FIRESTARTER_OPTIMIZE
evolveSeed = 1
optimizeSeed = 1
tests = 256
streams = 1
units = 1
states = 1
generations = 0
population = 49152
passes = 512
attempts = 0
optimize = 1

scale = 0.300000f
startScale = 2.500000f
startResult = 10.000000f

FIRESTARTER_OPTIMIZE: Seed=1  Test=143  Generation=  2 *Result=0.00615007  Best=0.00615007   Time=0.1  Run Time=408.3
FIRESTARTER_OPTIMIZE: Seed=1  Test=143  Generation=  3 *Result=0.00005617  Best=0.00005617   Time=0.1  Run Time=408.7
FIRESTARTER_OPTIMIZE: Seed=1  Test=143  Generation=  4  Result=0.00038367  Best=0.00005617   Time=0.1  Run Time=409.0
FIRESTARTER_OPTIMIZE: Seed=1  Test=143  Generation=  5  Result=0.00128941  Best=0.00005617   Time=0.1  Run Time=409.4
FIRESTARTER_OPTIMIZE: Seed=1  Test=143  Generation=  6  Result=0.00006646  Best=0.00005617   Time=0.1  Run Time=409.7
FIRESTARTER_OPTIMIZE: Seed=1  Test=143  Generation=  7 *Result=0.00001214  Best=0.00001214   Time=0.1  Run Time=410.1
FIRESTARTER_OPTIMIZE: Seed=1  Test=143  Generation=  8  Result=0.00009263  Best=0.00001214   Time=0.1  Run Time=410.5
FIRESTARTER_OPTIMIZE: Seed=1  Test=143  Generation=  9 *Result=0.00000029  Best=0.00000029   Time=0.1  Run Time=410.9
