CUDA devices = 1
Device 0: NVIDIA GeForce RTX 4090

variations = 1
instructions = 32
registers = 30
opcodes = 2
patternOpcodes = 4

targetMin = 0.000000f
targetMax = 6.283185f
target = 0.000001f

mode = FIRESTARTER_OPTIMIZE
evolveSeed = 0
optimizeSeed = 0
tests = 256
streams = 1
units = 1
states = 1
generations = 0
population = 49152
passes = 256
attempts = 0
optimize = 1

scale = 0.300000f
startScale = 2.500000f
startResult = 10.000000f

FIRESTARTER_OPTIMIZE: Seed=0  Test=90  Generation=  2 *Result=0.00096487  Best=0.00096487   Time=0.1  Run Time=250.1
FIRESTARTER_OPTIMIZE: Seed=0  Test=90  Generation=  3  Result=0.00103739  Best=0.00096487   Time=0.1  Run Time=250.4
FIRESTARTER_OPTIMIZE: Seed=0  Test=90  Generation=  4 *Result=0.00005919  Best=0.00005919   Time=0.1  Run Time=250.7
FIRESTARTER_OPTIMIZE: Seed=0  Test=90  Generation=  5  Result=0.00015026  Best=0.00005919   Time=0.0  Run Time=251.0
FIRESTARTER_OPTIMIZE: Seed=0  Test=90  Generation=  6  Result=0.00014329  Best=0.00005919   Time=0.1  Run Time=251.3
FIRESTARTER_OPTIMIZE: Seed=0  Test=90  Generation=  7  Result=0.00064957  Best=0.00005919   Time=0.1  Run Time=251.6
FIRESTARTER_OPTIMIZE: Seed=0  Test=90  Generation=  8 *Result=0.00001174  Best=0.00001174   Time=0.1  Run Time=251.9
FIRESTARTER_OPTIMIZE: Seed=0  Test=90  Generation=  9 *Result=0.00000097  Best=0.00000097   Time=0.1  Run Time=252.2
