CUDA devices = 1
Device 0: NVIDIA GeForce RTX 4090

variations = 1
samples = 15
instructions = 32
registers = 30
opcodes = 2
patternOpcodes = 4

targetMin = 0.000000f
targetMax = 6.283185f
target = 0.000001f

mode = FIRESTARTER_OPTIMIZE
evolveSeed = 0
optimizeSeed = 0
tests = 256
streams = 1
units = 1
states = 1
generations = 0
population = 65536
iterations = 64
passes = 512
candidates = 16
attempts = 0
optimize = 1

scale = 0.100000f
startScale = 2.500000f
startResult = 10.000000f

FIRESTARTER_OPTIMIZE: Seed=0  Test=252  Generation=  2 *Result=0.00614059  Best=0.00614059   Time=0.1  Run Time=1357.2
FIRESTARTER_OPTIMIZE: Seed=0  Test=252  Generation=  3 *Result=0.00014431  Best=0.00014431   Time=0.1  Run Time=1357.6
FIRESTARTER_OPTIMIZE: Seed=0  Test=252  Generation=  4 *Result=0.00007469  Best=0.00007469   Time=0.1  Run Time=1358.0
FIRESTARTER_OPTIMIZE: Seed=0  Test=252  Generation=  5  Result=0.00106406  Best=0.00007469   Time=0.1  Run Time=1358.5
FIRESTARTER_OPTIMIZE: Seed=0  Test=252  Generation=  6  Result=0.00053295  Best=0.00007469   Time=0.1  Run Time=1358.9
FIRESTARTER_OPTIMIZE: Seed=0  Test=252  Generation=  7  Result=0.00015068  Best=0.00007469   Time=0.1  Run Time=1359.4
FIRESTARTER_OPTIMIZE: Seed=0  Test=252  Generation=  8 *Result=0.00003415  Best=0.00003415   Time=0.1  Run Time=1359.8
FIRESTARTER_OPTIMIZE: Seed=0  Test=252  Generation=  9 *Result=0.00000039  Best=0.00000039   Time=0.1  Run Time=1360.3
