CUDA devices = 1
Device 0: NVIDIA GeForce RTX 4090

variations = 1
instructions = 32
registers = 30
opcodes = 2
patternOpcodes = 4

targetMin = 0.000000f
targetMax = 6.283185f
target = 0.000001f

mode = FIRESTARTER_OPTIMIZE
evolveSeed = 1
optimizeSeed = 1
tests = 256
streams = 1
units = 1
states = 1
generations = 0
population = 49152
passes = 384
attempts = 0
optimize = 1

scale = 0.300000f
startScale = 2.500000f
startResult = 10.000000f

FIRESTARTER_OPTIMIZE: Seed=1  Test=189  Generation=  2 *Result=0.00004283  Best=0.00004283   Time=0.1  Run Time=555.4
FIRESTARTER_OPTIMIZE: Seed=1  Test=189  Generation=  3  Result=0.00030214  Best=0.00004283   Time=0.1  Run Time=555.8
FIRESTARTER_OPTIMIZE: Seed=1  Test=189  Generation=  4  Result=0.00005635  Best=0.00004283   Time=0.1  Run Time=556.1
FIRESTARTER_OPTIMIZE: Seed=1  Test=189  Generation=  5  Result=0.00352006  Best=0.00004283   Time=0.1  Run Time=556.4
FIRESTARTER_OPTIMIZE: Seed=1  Test=189  Generation=  6  Result=0.00137736  Best=0.00004283   Time=0.1  Run Time=556.7
FIRESTARTER_OPTIMIZE: Seed=1  Test=189  Generation=  7 *Result=0.00000056  Best=0.00000056   Time=0.1  Run Time=557.0
