CUDA devices = 1
Device 0: NVIDIA GeForce RTX 4090

variations = 1
instructions = 32
registers = 30
opcodes = 2
patternOpcodes = 4

targetMin = 0.000000f
targetMax = 6.283185f
target = 0.000001f

mode = FIRESTARTER_OPTIMIZE
evolveSeed = 1
optimizeSeed = 1
tests = 256
streams = 1
units = 1
states = 1
generations = 0
population = 49152
passes = 512
attempts = 0
optimize = 1

scale = 0.300000f
startScale = 2.500000f
startResult = 10.000000f

FIRESTARTER_OPTIMIZE: Seed=1  Test=107  Generation=  2 *Result=0.00000256  Best=0.00000256   Time=0.1  Run Time=296.3
FIRESTARTER_OPTIMIZE: Seed=1  Test=107  Generation=  3  Result=0.00014335  Best=0.00000256   Time=0.1  Run Time=296.6
FIRESTARTER_OPTIMIZE: Seed=1  Test=107  Generation=  4  Result=0.00059670  Best=0.00000256   Time=0.1  Run Time=297.0
FIRESTARTER_OPTIMIZE: Seed=1  Test=107  Generation=  5  Result=0.00020093  Best=0.00000256   Time=0.1  Run Time=297.4
FIRESTARTER_OPTIMIZE: Seed=1  Test=107  Generation=  6  Result=0.00019127  Best=0.00000256   Time=0.1  Run Time=297.7
FIRESTARTER_OPTIMIZE: Seed=1  Test=107  Generation=  7  Result=0.00042013  Best=0.00000256   Time=0.1  Run Time=298.1
FIRESTARTER_OPTIMIZE: Seed=1  Test=107  Generation=  8  Result=0.00001407  Best=0.00000256   Time=0.1  Run Time=298.4
FIRESTARTER_OPTIMIZE: Seed=1  Test=107  Generation=  9  Result=0.00030878  Best=0.00000256   Time=0.1  Run Time=298.8
FIRESTARTER_OPTIMIZE: Seed=1  Test=107  Generation= 10  Result=0.00005056  Best=0.00000256   Time=0.1  Run Time=299.2
FIRESTARTER_OPTIMIZE: Seed=1  Test=107  Generation= 11  Result=0.00030923  Best=0.00000256   Time=0.1  Run Time=299.5
FIRESTARTER_OPTIMIZE: Seed=1  Test=107  Generation= 12 *Result=0.00000011  Best=0.00000011   Time=0.1  Run Time=299.9
