CUDA devices = 1
Device 0: NVIDIA GeForce RTX 4090

variations = 1
samples = 15
instructions = 32
registers = 30
opcodes = 2
patternOpcodes = 4

targetMin = 0.000000f
targetMax = 6.283185f
target = 0.000001f

mode = FIRESTARTER_OPTIMIZE
evolveSeed = 0
optimizeSeed = 0
tests = 256
streams = 1
units = 1
states = 1
generations = 0
population = 65536
iterations = 64
passes = 512
candidates = 16
attempts = 0
optimize = 1

scale = 0.100000f
startScale = 4.000000f
startResult = 10.000000f

FIRESTARTER_OPTIMIZE: Seed=0  Test=150  Generation=  2 *Result=0.00046729  Best=0.00046729   Time=0.1  Run Time=1179.8
FIRESTARTER_OPTIMIZE: Seed=0  Test=150  Generation=  3 *Result=0.00028013  Best=0.00028013   Time=0.1  Run Time=1180.3
FIRESTARTER_OPTIMIZE: Seed=0  Test=150  Generation=  4  Result=0.00143844  Best=0.00028013   Time=0.1  Run Time=1180.8
FIRESTARTER_OPTIMIZE: Seed=0  Test=150  Generation=  5  Result=0.00658141  Best=0.00028013   Time=0.1  Run Time=1181.2
FIRESTARTER_OPTIMIZE: Seed=0  Test=150  Generation=  6  Result=0.00247687  Best=0.00028013   Time=0.1  Run Time=1181.7
FIRESTARTER_OPTIMIZE: Seed=0  Test=150  Generation=  7 *Result=0.00027836  Best=0.00027836   Time=0.1  Run Time=1182.2
FIRESTARTER_OPTIMIZE: Seed=0  Test=150  Generation=  8  Result=0.00060885  Best=0.00027836   Time=0.1  Run Time=1182.7
FIRESTARTER_OPTIMIZE: Seed=0  Test=150  Generation=  9 *Result=0.00018108  Best=0.00018108   Time=0.1  Run Time=1183.1
FIRESTARTER_OPTIMIZE: Seed=0  Test=150  Generation= 10 *Result=0.00000044  Best=0.00000044   Time=0.1  Run Time=1183.6
