CUDA devices = 1
Device 0: NVIDIA GeForce RTX 4090

variations = 1
instructions = 32
registers = 30
opcodes = 2
patternOpcodes = 4

targetMin = 0.000000f
targetMax = 6.283185f
target = 0.000001f

mode = FIRESTARTER_OPTIMIZE
evolveSeed = 0
optimizeSeed = 0
tests = 256
streams = 1
units = 1
states = 1
generations = 0
population = 65536
passes = 512
attempts = 0
optimize = 1

scale = 0.300000f
startScale = 2.500000f
startResult = 10.000000f

FIRESTARTER_OPTIMIZE: Seed=0  Test=182  Generation=  2 *Result=0.00007398  Best=0.00007398   Time=0.1  Run Time=478.5
FIRESTARTER_OPTIMIZE: Seed=0  Test=182  Generation=  3  Result=0.00018829  Best=0.00007398   Time=0.1  Run Time=479.0
FIRESTARTER_OPTIMIZE: Seed=0  Test=182  Generation=  4 *Result=0.00000179  Best=0.00000179   Time=0.1  Run Time=479.3
FIRESTARTER_OPTIMIZE: Seed=0  Test=182  Generation=  5  Result=0.00008180  Best=0.00000179   Time=0.1  Run Time=479.7
FIRESTARTER_OPTIMIZE: Seed=0  Test=182  Generation=  6  Result=0.00007334  Best=0.00000179   Time=0.1  Run Time=480.1
FIRESTARTER_OPTIMIZE: Seed=0  Test=182  Generation=  7  Result=0.00007812  Best=0.00000179   Time=0.1  Run Time=480.5
FIRESTARTER_OPTIMIZE: Seed=0  Test=182  Generation=  8  Result=0.00018832  Best=0.00000179   Time=0.1  Run Time=480.8
FIRESTARTER_OPTIMIZE: Seed=0  Test=182  Generation=  9  Result=0.00221093  Best=0.00000179   Time=0.1  Run Time=481.2
FIRESTARTER_OPTIMIZE: Seed=0  Test=182  Generation= 10  Result=0.00018581  Best=0.00000179   Time=0.1  Run Time=481.6
FIRESTARTER_OPTIMIZE: Seed=0  Test=182  Generation= 11 *Result=0.00000056  Best=0.00000056   Time=0.1  Run Time=482.0
