CUDA devices = 1
Device 0: NVIDIA GeForce RTX 4090

variations = 1
instructions = 32
registers = 30
opcodes = 2
patternOpcodes = 4

targetMin = 0.000000f
targetMax = 6.283185f
target = 0.000001f

mode = FIRESTARTER_OPTIMIZE
evolveSeed = 1
optimizeSeed = 1
tests = 256
streams = 1
units = 1
states = 1
generations = 0
population = 65536
passes = 384
attempts = 0
optimize = 1

scale = 0.300000f
startScale = 2.500000f
startResult = 10.000000f

FIRESTARTER_OPTIMIZE: Seed=1  Test=176  Generation=  2 *Result=0.00022817  Best=0.00022817   Time=0.1  Run Time=440.1
FIRESTARTER_OPTIMIZE: Seed=1  Test=176  Generation=  3  Result=0.00023615  Best=0.00022817   Time=0.1  Run Time=440.4
FIRESTARTER_OPTIMIZE: Seed=1  Test=176  Generation=  4 *Result=0.00006992  Best=0.00006992   Time=0.1  Run Time=440.7
FIRESTARTER_OPTIMIZE: Seed=1  Test=176  Generation=  5  Result=0.00009543  Best=0.00006992   Time=0.1  Run Time=441.0
FIRESTARTER_OPTIMIZE: Seed=1  Test=176  Generation=  6 *Result=0.00000247  Best=0.00000247   Time=0.1  Run Time=441.3
FIRESTARTER_OPTIMIZE: Seed=1  Test=176  Generation=  7  Result=0.00003553  Best=0.00000247   Time=0.1  Run Time=441.6
FIRESTARTER_OPTIMIZE: Seed=1  Test=176  Generation=  8  Result=0.00122807  Best=0.00000247   Time=0.1  Run Time=441.9
FIRESTARTER_OPTIMIZE: Seed=1  Test=176  Generation=  9 *Result=0.00000176  Best=0.00000176   Time=0.1  Run Time=442.2
FIRESTARTER_OPTIMIZE: Seed=1  Test=176  Generation= 10 *Result=0.00000016  Best=0.00000016   Time=0.1  Run Time=442.5
