CUDA devices = 1
Device 0: NVIDIA GeForce RTX 4090

variations = 1
samples = 15
instructions = 32
registers = 30
opcodes = 2
patternOpcodes = 4

targetMin = 0.000000f
targetMax = 6.283185f
target = 0.000001f

mode = FIRESTARTER_OPTIMIZE
evolveSeed = 0
optimizeSeed = 0
tests = 256
streams = 1
units = 1
states = 1
generations = 0
population = 65536
iterations = 64
passes = 512
candidates = 16
attempts = 0
optimize = 1

scale = 0.300000f
startScale = 2.500000f
startResult = 10.000000f

FIRESTARTER_OPTIMIZE: Seed=0  Test= 8  Generation=  2 *Result=0.00073692  Best=0.00073692   Time=0.1  Run Time=22.6
FIRESTARTER_OPTIMIZE: Seed=0  Test= 8  Generation=  3 *Result=0.00004125  Best=0.00004125   Time=0.1  Run Time=23.1
FIRESTARTER_OPTIMIZE: Seed=0  Test= 8  Generation=  4 *Result=0.00003774  Best=0.00003774   Time=0.1  Run Time=23.4
FIRESTARTER_OPTIMIZE: Seed=0  Test= 8  Generation=  5  Result=0.00012476  Best=0.00003774   Time=0.1  Run Time=23.8
FIRESTARTER_OPTIMIZE: Seed=0  Test= 8  Generation=  6 *Result=0.00002664  Best=0.00002664   Time=0.1  Run Time=24.2
FIRESTARTER_OPTIMIZE: Seed=0  Test= 8  Generation=  7  Result=0.00038588  Best=0.00002664   Time=0.1  Run Time=24.6
FIRESTARTER_OPTIMIZE: Seed=0  Test= 8  Generation=  8  Result=0.00048061  Best=0.00002664   Time=0.1  Run Time=25.0
FIRESTARTER_OPTIMIZE: Seed=0  Test= 8  Generation=  9  Result=0.00018501  Best=0.00002664   Time=0.1  Run Time=25.4
FIRESTARTER_OPTIMIZE: Seed=0  Test= 8  Generation= 10 *Result=0.00000854  Best=0.00000854   Time=0.1  Run Time=25.8
FIRESTARTER_OPTIMIZE: Seed=0  Test= 8  Generation= 11  Result=0.00076765  Best=0.00000854   Time=0.1  Run Time=26.2
FIRESTARTER_OPTIMIZE: Seed=0  Test= 8  Generation= 12  Result=0.00002784  Best=0.00000854   Time=0.1  Run Time=26.6
FIRESTARTER_OPTIMIZE: Seed=0  Test= 8  Generation= 13  Result=0.00006244  Best=0.00000854   Time=0.1  Run Time=26.9
FIRESTARTER_OPTIMIZE: Seed=0  Test= 8  Generation= 14 *Result=0.00000014  Best=0.00000014   Time=0.1  Run Time=27.3
