CUDA devices = 1
Device 0: NVIDIA GeForce RTX 4090

variations = 1
samples = 15
instructions = 32
registers = 30
opcodes = 2
patternOpcodes = 4

targetMin = 0.000000f
targetMax = 6.283185f
target = 0.000001f

mode = FIRESTARTER_OPTIMIZE
evolveSeed = 0
optimizeSeed = 0
tests = 256
streams = 1
units = 1
states = 1
generations = 0
population = 65536
iterations = 64
passes = 512
candidates = 16
attempts = 0
optimize = 1

scale = 0.100000f
startScale = 2.500000f
startResult = 10.000000f

FIRESTARTER_OPTIMIZE: Seed=0  Test=139  Generation=  2 *Result=0.00154284  Best=0.00154284   Time=0.1  Run Time=785.5
FIRESTARTER_OPTIMIZE: Seed=0  Test=139  Generation=  3 *Result=0.00001466  Best=0.00001466   Time=0.1  Run Time=786.0
FIRESTARTER_OPTIMIZE: Seed=0  Test=139  Generation=  4  Result=0.00221136  Best=0.00001466   Time=0.1  Run Time=786.4
FIRESTARTER_OPTIMIZE: Seed=0  Test=139  Generation=  5 *Result=0.00000235  Best=0.00000235   Time=0.1  Run Time=786.9
FIRESTARTER_OPTIMIZE: Seed=0  Test=139  Generation=  6  Result=0.00009501  Best=0.00000235   Time=0.1  Run Time=787.3
FIRESTARTER_OPTIMIZE: Seed=0  Test=139  Generation=  7  Result=0.00003424  Best=0.00000235   Time=0.1  Run Time=787.8
FIRESTARTER_OPTIMIZE: Seed=0  Test=139  Generation=  8  Result=0.00018871  Best=0.00000235   Time=0.1  Run Time=788.2
FIRESTARTER_OPTIMIZE: Seed=0  Test=139  Generation=  9 *Result=0.00000034  Best=0.00000034   Time=0.1  Run Time=788.7
