CUDA devices = 1
Device 0: NVIDIA GeForce RTX 4090

variations = 1
samples = 15
instructions = 28
registers = 28
opcodes = 2
patternOpcodes = 4

targetMin = 0.000000f
targetMax = 6.283185f
target = 0.000001f

mode = FIRESTARTER_OPTIMIZE
evolveSeed = 0
optimizeSeed = 0
tests = 256
streams = 1
units = 1
states = 1
generations = 0
population = 65536
iterations = 64
passes = 512
candidates = 16
attempts = 0
optimize = 1

scale = 0.300000f
startScale = 2.500000f
startResult = 10.000000f

FIRESTARTER_OPTIMIZE: Seed=0  Test=48  Generation=  2 *Result=0.00006151  Best=0.00006151   Time=0.1  Run Time=128.7
FIRESTARTER_OPTIMIZE: Seed=0  Test=48  Generation=  3 *Result=0.00000715  Best=0.00000715   Time=0.1  Run Time=129.1
FIRESTARTER_OPTIMIZE: Seed=0  Test=48  Generation=  4  Result=0.00221076  Best=0.00000715   Time=0.1  Run Time=129.5
FIRESTARTER_OPTIMIZE: Seed=0  Test=48  Generation=  5  Result=0.00022310  Best=0.00000715   Time=0.1  Run Time=130.0
FIRESTARTER_OPTIMIZE: Seed=0  Test=48  Generation=  6  Result=0.00008136  Best=0.00000715   Time=0.1  Run Time=130.4
FIRESTARTER_OPTIMIZE: Seed=0  Test=48  Generation=  7 *Result=0.00000232  Best=0.00000232   Time=0.1  Run Time=130.8
FIRESTARTER_OPTIMIZE: Seed=0  Test=48  Generation=  8  Result=0.00000244  Best=0.00000232   Time=0.1  Run Time=131.2
FIRESTARTER_OPTIMIZE: Seed=0  Test=48  Generation=  9  Result=0.00002040  Best=0.00000232   Time=0.1  Run Time=131.6
FIRESTARTER_OPTIMIZE: Seed=0  Test=48  Generation= 10  Result=0.00000250  Best=0.00000232   Time=0.1  Run Time=132.1
FIRESTARTER_OPTIMIZE: Seed=0  Test=48  Generation= 11  Result=0.00002378  Best=0.00000232   Time=0.1  Run Time=132.5
FIRESTARTER_OPTIMIZE: Seed=0  Test=48  Generation= 12 *Result=0.00000204  Best=0.00000204   Time=0.1  Run Time=132.9
FIRESTARTER_OPTIMIZE: Seed=0  Test=48  Generation= 13 *Result=0.00000011  Best=0.00000011   Time=0.1  Run Time=133.3
