CUDA devices = 1
Device 0: NVIDIA GeForce RTX 4090

variations = 1
samples = 15
instructions = 32
registers = 30
opcodes = 2
patternOpcodes = 4

targetMin = 0.000000f
targetMax = 6.283185f
target = 0.000001f

mode = FIRESTARTER_OPTIMIZE
evolveSeed = 0
optimizeSeed = 0
tests = 256
streams = 1
units = 1
states = 1
generations = 0
population = 65536
iterations = 64
passes = 512
candidates = 16
attempts = 0
optimize = 1

scale = 0.100000f
startScale = 4.000000f
startResult = 10.000000f

FIRESTARTER_OPTIMIZE: Seed=0  Test=117  Generation=  2 *Result=0.00088394  Best=0.00088394   Time=0.1  Run Time=861.9
FIRESTARTER_OPTIMIZE: Seed=0  Test=117  Generation=  3  Result=0.00496233  Best=0.00088394   Time=0.1  Run Time=862.3
FIRESTARTER_OPTIMIZE: Seed=0  Test=117  Generation=  4  Result=0.00109932  Best=0.00088394   Time=0.1  Run Time=862.8
FIRESTARTER_OPTIMIZE: Seed=0  Test=117  Generation=  5 *Result=0.00025263  Best=0.00025263   Time=0.1  Run Time=863.3
FIRESTARTER_OPTIMIZE: Seed=0  Test=117  Generation=  6  Result=0.00614804  Best=0.00025263   Time=0.1  Run Time=863.8
FIRESTARTER_OPTIMIZE: Seed=0  Test=117  Generation=  7 *Result=0.00018477  Best=0.00018477   Time=0.1  Run Time=864.2
FIRESTARTER_OPTIMIZE: Seed=0  Test=117  Generation=  8 *Result=0.00012781  Best=0.00012781   Time=0.1  Run Time=864.7
FIRESTARTER_OPTIMIZE: Seed=0  Test=117  Generation=  9  Result=0.00615358  Best=0.00012781   Time=0.1  Run Time=865.2
FIRESTARTER_OPTIMIZE: Seed=0  Test=117  Generation= 10 *Result=0.00000059  Best=0.00000059   Time=0.1  Run Time=865.6
