CUDA devices = 1
Device 0: NVIDIA GeForce RTX 4090

variations = 1
instructions = 32
registers = 30
opcodes = 2
patternOpcodes = 4

targetMin = 0.000000f
targetMax = 6.283185f
target = 0.000001f

mode = FIRESTARTER_OPTIMIZE
evolveSeed = 1
optimizeSeed = 1
tests = 256
streams = 1
units = 1
states = 1
generations = 0
population = 65536
passes = 512
attempts = 0
optimize = 1

scale = 0.300000f
startScale = 2.500000f
startResult = 10.000000f

FIRESTARTER_OPTIMIZE: Seed=1  Test=175  Generation=  2 *Result=0.00018292  Best=0.00018292   Time=0.1  Run Time=569.6
FIRESTARTER_OPTIMIZE: Seed=1  Test=175  Generation=  3 *Result=0.00002025  Best=0.00002025   Time=0.1  Run Time=569.9
FIRESTARTER_OPTIMIZE: Seed=1  Test=175  Generation=  4  Result=0.00010144  Best=0.00002025   Time=0.1  Run Time=570.3
FIRESTARTER_OPTIMIZE: Seed=1  Test=175  Generation=  5  Result=0.00002333  Best=0.00002025   Time=0.1  Run Time=570.7
FIRESTARTER_OPTIMIZE: Seed=1  Test=175  Generation=  6  Result=0.00008279  Best=0.00002025   Time=0.1  Run Time=571.0
FIRESTARTER_OPTIMIZE: Seed=1  Test=175  Generation=  7 *Result=0.00000980  Best=0.00000980   Time=0.1  Run Time=571.4
FIRESTARTER_OPTIMIZE: Seed=1  Test=175  Generation=  8  Result=0.00015878  Best=0.00000980   Time=0.1  Run Time=571.8
FIRESTARTER_OPTIMIZE: Seed=1  Test=175  Generation=  9  Result=0.00170129  Best=0.00000980   Time=0.1  Run Time=572.2
FIRESTARTER_OPTIMIZE: Seed=1  Test=175  Generation= 10 *Result=0.00000516  Best=0.00000516   Time=0.1  Run Time=572.5
FIRESTARTER_OPTIMIZE: Seed=1  Test=175  Generation= 11 *Result=0.00000017  Best=0.00000017   Time=0.1  Run Time=572.9
