CUDA devices = 1
Device 0: NVIDIA GeForce RTX 4090

variations = 1
samples = 15
instructions = 32
registers = 30
opcodes = 2
patternOpcodes = 4

targetMin = 0.000000f
targetMax = 6.283185f
target = 0.000001f

mode = FIRESTARTER_OPTIMIZE
evolveSeed = 0
optimizeSeed = 0
tests = 256
streams = 1
units = 1
states = 1
generations = 0
population = 65536
iterations = 64
passes = 500
candidates = 16
attempts = 0
optimize = 1

scale = 0.100000f
startScale = 2.000000f
startResult = 10.000000f

FIRESTARTER_OPTIMIZE: Seed=0  Test=22  Generation=  2 *Result=0.00019286  Best=0.00019286   Time=0.1  Run Time=155.8
FIRESTARTER_OPTIMIZE: Seed=0  Test=22  Generation=  3 *Result=0.00001174  Best=0.00001174   Time=0.1  Run Time=156.2
FIRESTARTER_OPTIMIZE: Seed=0  Test=22  Generation=  4  Result=0.00006289  Best=0.00001174   Time=0.1  Run Time=156.6
FIRESTARTER_OPTIMIZE: Seed=0  Test=22  Generation=  5  Result=0.00008818  Best=0.00001174   Time=0.1  Run Time=157.0
FIRESTARTER_OPTIMIZE: Seed=0  Test=22  Generation=  6  Result=0.00160897  Best=0.00001174   Time=0.1  Run Time=157.4
FIRESTARTER_OPTIMIZE: Seed=0  Test=22  Generation=  7  Result=0.00004624  Best=0.00001174   Time=0.1  Run Time=157.9
FIRESTARTER_OPTIMIZE: Seed=0  Test=22  Generation=  8 *Result=0.00000070  Best=0.00000070   Time=0.1  Run Time=158.3
