CUDA devices = 1
Device 0: NVIDIA GeForce RTX 4090

variations = 1
instructions = 32
registers = 30
opcodes = 2
patternOpcodes = 4

targetMin = 0.000000f
targetMax = 6.283185f
target = 0.000001f

mode = FIRESTARTER_OPTIMIZE
evolveSeed = 0
optimizeSeed = 0
tests = 256
streams = 1
units = 1
states = 1
generations = 0
population = 32768
passes = 512
attempts = 0
optimize = 1

scale = 0.300000f
startScale = 2.500000f
startResult = 10.000000f

FIRESTARTER_OPTIMIZE: Seed=0  Test=16  Generation=  2 *Result=0.00029832  Best=0.00029832   Time=0.1  Run Time=43.5
FIRESTARTER_OPTIMIZE: Seed=0  Test=16  Generation=  3 *Result=0.00002855  Best=0.00002855   Time=0.1  Run Time=43.8
FIRESTARTER_OPTIMIZE: Seed=0  Test=16  Generation=  4  Result=0.00018518  Best=0.00002855   Time=0.1  Run Time=44.1
FIRESTARTER_OPTIMIZE: Seed=0  Test=16  Generation=  5 *Result=0.00001402  Best=0.00001402   Time=0.1  Run Time=44.5
FIRESTARTER_OPTIMIZE: Seed=0  Test=16  Generation=  6  Result=0.00013067  Best=0.00001402   Time=0.1  Run Time=44.8
FIRESTARTER_OPTIMIZE: Seed=0  Test=16  Generation=  7  Result=0.00047123  Best=0.00001402   Time=0.1  Run Time=45.1
FIRESTARTER_OPTIMIZE: Seed=0  Test=16  Generation=  8  Result=0.00012143  Best=0.00001402   Time=0.1  Run Time=45.5
FIRESTARTER_OPTIMIZE: Seed=0  Test=16  Generation=  9  Result=0.00018775  Best=0.00001402   Time=0.1  Run Time=45.8
FIRESTARTER_OPTIMIZE: Seed=0  Test=16  Generation= 10 *Result=0.00000163  Best=0.00000163   Time=0.1  Run Time=46.2
FIRESTARTER_OPTIMIZE: Seed=0  Test=16  Generation= 11 *Result=0.00000010  Best=0.00000010   Time=0.1  Run Time=46.5
