CUDA devices = 1
Device 0: NVIDIA GeForce RTX 4090

variations = 1
samples = 15
instructions = 28
registers = 28
opcodes = 2
patternOpcodes = 4

targetMin = 0.000000f
targetMax = 6.283185f
target = 0.000001f

mode = FIRESTARTER_OPTIMIZE
evolveSeed = 0
optimizeSeed = 0
tests = 256
streams = 1
units = 1
states = 1
generations = 0
population = 65536
iterations = 64
passes = 512
candidates = 16
attempts = 0
optimize = 1

scale = 0.300000f
startScale = 2.500000f
startResult = 10.000000f

FIRESTARTER_OPTIMIZE: Seed=0  Test=84  Generation=  2 *Result=0.00101471  Best=0.00101471   Time=0.1  Run Time=283.4
FIRESTARTER_OPTIMIZE: Seed=0  Test=84  Generation=  3 *Result=0.00000238  Best=0.00000238   Time=0.1  Run Time=283.8
FIRESTARTER_OPTIMIZE: Seed=0  Test=84  Generation=  4  Result=0.00162497  Best=0.00000238   Time=0.1  Run Time=284.2
FIRESTARTER_OPTIMIZE: Seed=0  Test=84  Generation=  5  Result=0.00222567  Best=0.00000238   Time=0.1  Run Time=284.7
FIRESTARTER_OPTIMIZE: Seed=0  Test=84  Generation=  6  Result=0.00005781  Best=0.00000238   Time=0.1  Run Time=285.1
FIRESTARTER_OPTIMIZE: Seed=0  Test=84  Generation=  7  Result=0.00018313  Best=0.00000238   Time=0.1  Run Time=285.5
FIRESTARTER_OPTIMIZE: Seed=0  Test=84  Generation=  8  Result=0.00000256  Best=0.00000238   Time=0.1  Run Time=286.0
FIRESTARTER_OPTIMIZE: Seed=0  Test=84  Generation=  9  Result=0.00001198  Best=0.00000238   Time=0.1  Run Time=286.4
FIRESTARTER_OPTIMIZE: Seed=0  Test=84  Generation= 10  Result=0.00003469  Best=0.00000238   Time=0.1  Run Time=286.9
FIRESTARTER_OPTIMIZE: Seed=0  Test=84  Generation= 11  Result=0.00000253  Best=0.00000238   Time=0.1  Run Time=287.3
FIRESTARTER_OPTIMIZE: Seed=0  Test=84  Generation= 12  Result=0.00001806  Best=0.00000238   Time=0.1  Run Time=287.7
FIRESTARTER_OPTIMIZE: Seed=0  Test=84  Generation= 13  Result=0.00005245  Best=0.00000238   Time=0.1  Run Time=288.1
FIRESTARTER_OPTIMIZE: Seed=0  Test=84  Generation= 14 *Result=0.00000006  Best=0.00000006   Time=0.1  Run Time=288.5
