CUDA devices = 1
Device 0: NVIDIA GeForce RTX 4090

variations = 1
instructions = 32
registers = 30
opcodes = 2
patternOpcodes = 4

targetMin = 0.000000f
targetMax = 6.283185f
target = 0.000001f

mode = FIRESTARTER_OPTIMIZE
evolveSeed = 0
optimizeSeed = 0
tests = 256
streams = 1
units = 1
states = 1
generations = 0
population = 49152
passes = 384
attempts = 0
optimize = 1

scale = 0.300000f
startScale = 2.500000f
startResult = 10.000000f

FIRESTARTER_OPTIMIZE: Seed=0  Test=107  Generation=  2 *Result=0.00000891  Best=0.00000891   Time=0.1  Run Time=276.7
FIRESTARTER_OPTIMIZE: Seed=0  Test=107  Generation=  3  Result=0.00025638  Best=0.00000891   Time=0.1  Run Time=277.0
FIRESTARTER_OPTIMIZE: Seed=0  Test=107  Generation=  4  Result=0.00019262  Best=0.00000891   Time=0.1  Run Time=277.3
FIRESTARTER_OPTIMIZE: Seed=0  Test=107  Generation=  5  Result=0.00006031  Best=0.00000891   Time=0.1  Run Time=277.6
FIRESTARTER_OPTIMIZE: Seed=0  Test=107  Generation=  6  Result=0.00030795  Best=0.00000891   Time=0.1  Run Time=277.9
FIRESTARTER_OPTIMIZE: Seed=0  Test=107  Generation=  7  Result=0.00017926  Best=0.00000891   Time=0.1  Run Time=278.2
FIRESTARTER_OPTIMIZE: Seed=0  Test=107  Generation=  8  Result=0.00001261  Best=0.00000891   Time=0.1  Run Time=278.6
FIRESTARTER_OPTIMIZE: Seed=0  Test=107  Generation=  9  Result=0.00035849  Best=0.00000891   Time=0.1  Run Time=278.9
FIRESTARTER_OPTIMIZE: Seed=0  Test=107  Generation= 10  Result=0.00009753  Best=0.00000891   Time=0.1  Run Time=279.2
FIRESTARTER_OPTIMIZE: Seed=0  Test=107  Generation= 11  Result=0.00006398  Best=0.00000891   Time=0.1  Run Time=279.6
FIRESTARTER_OPTIMIZE: Seed=0  Test=107  Generation= 12 *Result=0.00000016  Best=0.00000016   Time=0.1  Run Time=279.9
