CUDA devices = 1
Device 0: NVIDIA GeForce RTX 4090

variations = 1
samples = 15
instructions = 32
registers = 30
opcodes = 2
patternOpcodes = 4

targetMin = 0.000000f
targetMax = 6.283185f
target = 0.000001f

mode = FIRESTARTER_OPTIMIZE
evolveSeed = 123
optimizeSeed = 123
tests = 256
streams = 1
units = 1
states = 1
generations = 0
population = 65536
iterations = 64
passes = 512
candidates = 16
attempts = 0
optimize = 1

scale = 0.300000f
startScale = 2.500000f
startResult = 10.000000f

FIRESTARTER_OPTIMIZE: Seed=123  Test=215  Generation=  2 *Result=0.00670476  Best=0.00670476   Time=0.1  Run Time=725.1
FIRESTARTER_OPTIMIZE: Seed=123  Test=215  Generation=  3 *Result=0.00021128  Best=0.00021128   Time=0.1  Run Time=725.5
FIRESTARTER_OPTIMIZE: Seed=123  Test=215  Generation=  4 *Result=0.00012276  Best=0.00012276   Time=0.1  Run Time=725.9
FIRESTARTER_OPTIMIZE: Seed=123  Test=215  Generation=  5  Result=0.00018609  Best=0.00012276   Time=0.1  Run Time=726.3
FIRESTARTER_OPTIMIZE: Seed=123  Test=215  Generation=  6 *Result=0.00004305  Best=0.00004305   Time=0.1  Run Time=726.7
FIRESTARTER_OPTIMIZE: Seed=123  Test=215  Generation=  7 *Result=0.00000262  Best=0.00000262   Time=0.1  Run Time=727.0
FIRESTARTER_OPTIMIZE: Seed=123  Test=215  Generation=  8  Result=0.00018303  Best=0.00000262   Time=0.1  Run Time=727.5
FIRESTARTER_OPTIMIZE: Seed=123  Test=215  Generation=  9 *Result=0.00000015  Best=0.00000015   Time=0.1  Run Time=727.9
