CUDA devices = 1
Device 0: NVIDIA GeForce RTX 4090

variations = 1
instructions = 32
registers = 30
opcodes = 2
patternOpcodes = 4

targetMin = 0.000000f
targetMax = 6.283185f
target = 0.000001f

mode = FIRESTARTER_OPTIMIZE
evolveSeed = 1
optimizeSeed = 1
tests = 256
streams = 1
units = 1
states = 1
generations = 0
population = 65536
passes = 384
attempts = 0
optimize = 1

scale = 0.300000f
startScale = 2.500000f
startResult = 10.000000f

FIRESTARTER_OPTIMIZE: Seed=1  Test=230  Generation=  2 *Result=0.00030565  Best=0.00030565   Time=0.1  Run Time=660.0
FIRESTARTER_OPTIMIZE: Seed=1  Test=230  Generation=  3  Result=0.00054222  Best=0.00030565   Time=0.1  Run Time=660.3
FIRESTARTER_OPTIMIZE: Seed=1  Test=230  Generation=  4 *Result=0.00000180  Best=0.00000180   Time=0.1  Run Time=660.6
FIRESTARTER_OPTIMIZE: Seed=1  Test=230  Generation=  5  Result=0.00064257  Best=0.00000180   Time=0.1  Run Time=661.0
FIRESTARTER_OPTIMIZE: Seed=1  Test=230  Generation=  6  Result=0.00007819  Best=0.00000180   Time=0.1  Run Time=661.3
FIRESTARTER_OPTIMIZE: Seed=1  Test=230  Generation=  7  Result=0.00005317  Best=0.00000180   Time=0.1  Run Time=661.6
FIRESTARTER_OPTIMIZE: Seed=1  Test=230  Generation=  8  Result=0.00006841  Best=0.00000180   Time=0.1  Run Time=662.0
FIRESTARTER_OPTIMIZE: Seed=1  Test=230  Generation=  9  Result=0.00053630  Best=0.00000180   Time=0.1  Run Time=662.3
FIRESTARTER_OPTIMIZE: Seed=1  Test=230  Generation= 10 *Result=0.00000012  Best=0.00000012   Time=0.1  Run Time=662.7
