CUDA devices = 1
Device 0: NVIDIA GeForce RTX 4090

variations = 1
instructions = 32
registers = 30
opcodes = 2
patternOpcodes = 4

targetMin = 0.000000f
targetMax = 6.283185f
target = 0.000001f

mode = FIRESTARTER_OPTIMIZE
evolveSeed = 0
optimizeSeed = 0
tests = 256
streams = 1
units = 1
states = 1
generations = 0
population = 32768
passes = 512
attempts = 0
optimize = 1

scale = 0.300000f
startScale = 2.500000f
startResult = 10.000000f

FIRESTARTER_OPTIMIZE: Seed=0  Test=88  Generation=  2 *Result=0.00187587  Best=0.00187587   Time=0.1  Run Time=250.3
FIRESTARTER_OPTIMIZE: Seed=0  Test=88  Generation=  3 *Result=0.00001316  Best=0.00001316   Time=0.1  Run Time=250.6
FIRESTARTER_OPTIMIZE: Seed=0  Test=88  Generation=  4  Result=0.00020608  Best=0.00001316   Time=0.1  Run Time=251.0
FIRESTARTER_OPTIMIZE: Seed=0  Test=88  Generation=  5  Result=0.00039407  Best=0.00001316   Time=0.1  Run Time=251.3
FIRESTARTER_OPTIMIZE: Seed=0  Test=88  Generation=  6  Result=0.00056232  Best=0.00001316   Time=0.1  Run Time=251.7
FIRESTARTER_OPTIMIZE: Seed=0  Test=88  Generation=  7  Result=0.00023496  Best=0.00001316   Time=0.1  Run Time=252.0
FIRESTARTER_OPTIMIZE: Seed=0  Test=88  Generation=  8 *Result=0.00000020  Best=0.00000020   Time=0.1  Run Time=252.3
