CUDA devices = 1
Device 0: NVIDIA GeForce RTX 4090

variations = 1
samples = 15
instructions = 32
registers = 30
opcodes = 2
patternOpcodes = 4

targetMin = 0.000000f
targetMax = 6.283185f
target = 0.000001f

mode = FIRESTARTER_OPTIMIZE
evolveSeed = 0
optimizeSeed = 0
tests = 256
streams = 1
units = 1
states = 1
generations = 0
population = 65536
iterations = 64
passes = 512
candidates = 16
attempts = 0
optimize = 1

scale = 0.100000f
startScale = 3.000000f
startResult = 10.000000f

FIRESTARTER_OPTIMIZE: Seed=0  Test=100  Generation=  2 *Result=0.00031326  Best=0.00031326   Time=0.1  Run Time=618.9
FIRESTARTER_OPTIMIZE: Seed=0  Test=100  Generation=  3 *Result=0.00027674  Best=0.00027674   Time=0.1  Run Time=619.3
FIRESTARTER_OPTIMIZE: Seed=0  Test=100  Generation=  4  Result=0.00088242  Best=0.00027674   Time=0.1  Run Time=619.8
FIRESTARTER_OPTIMIZE: Seed=0  Test=100  Generation=  5  Result=0.00051587  Best=0.00027674   Time=0.1  Run Time=620.3
FIRESTARTER_OPTIMIZE: Seed=0  Test=100  Generation=  6 *Result=0.00000279  Best=0.00000279   Time=0.1  Run Time=620.7
FIRESTARTER_OPTIMIZE: Seed=0  Test=100  Generation=  7  Result=0.00070810  Best=0.00000279   Time=0.1  Run Time=621.1
FIRESTARTER_OPTIMIZE: Seed=0  Test=100  Generation=  8 *Result=0.00000211  Best=0.00000211   Time=0.1  Run Time=621.6
FIRESTARTER_OPTIMIZE: Seed=0  Test=100  Generation=  9  Result=0.00051303  Best=0.00000211   Time=0.1  Run Time=622.0
FIRESTARTER_OPTIMIZE: Seed=0  Test=100  Generation= 10  Result=0.00100297  Best=0.00000211   Time=0.1  Run Time=622.5
FIRESTARTER_OPTIMIZE: Seed=0  Test=100  Generation= 11 *Result=0.00000012  Best=0.00000012   Time=0.1  Run Time=622.9
