CUDA devices = 1
Device 0: NVIDIA GeForce RTX 4090

variations = 1
instructions = 32
registers = 30
opcodes = 2
patternOpcodes = 4

targetMin = 0.000000f
targetMax = 6.283185f
target = 0.000001f

mode = FIRESTARTER_OPTIMIZE
evolveSeed = 0
optimizeSeed = 0
tests = 256
streams = 1
units = 1
states = 1
generations = 0
population = 49152
passes = 384
attempts = 0
optimize = 1

scale = 0.300000f
startScale = 2.500000f
startResult = 10.000000f

FIRESTARTER_OPTIMIZE: Seed=0  Test=183  Generation=  2 *Result=0.00138765  Best=0.00138765   Time=0.1  Run Time=489.4
FIRESTARTER_OPTIMIZE: Seed=0  Test=183  Generation=  3 *Result=0.00004289  Best=0.00004289   Time=0.1  Run Time=489.7
FIRESTARTER_OPTIMIZE: Seed=0  Test=183  Generation=  4 *Result=0.00000113  Best=0.00000113   Time=0.1  Run Time=490.0
FIRESTARTER_OPTIMIZE: Seed=0  Test=183  Generation=  5  Result=0.00001057  Best=0.00000113   Time=0.1  Run Time=490.3
FIRESTARTER_OPTIMIZE: Seed=0  Test=183  Generation=  6  Result=0.00000130  Best=0.00000113   Time=0.1  Run Time=490.6
FIRESTARTER_OPTIMIZE: Seed=0  Test=183  Generation=  7  Result=0.00021821  Best=0.00000113   Time=0.1  Run Time=490.9
FIRESTARTER_OPTIMIZE: Seed=0  Test=183  Generation=  8 *Result=0.00000009  Best=0.00000009   Time=0.1  Run Time=491.2
