CUDA devices = 1
Device 0: NVIDIA GeForce RTX 4090

variations = 1
samples = 15
instructions = 32
registers = 30
opcodes = 2
patternOpcodes = 4

targetMin = 0.000000f
targetMax = 6.283185f
target = 0.000001f

mode = FIRESTARTER_OPTIMIZE
evolveSeed = 0
optimizeSeed = 0
tests = 256
streams = 1
units = 1
states = 1
generations = 0
population = 65536
iterations = 64
passes = 512
candidates = 16
attempts = 0
optimize = 1

scale = 0.100000f
startScale = 2.500000f
startResult = 10.000000f

FIRESTARTER_OPTIMIZE: Seed=0  Test=59  Generation=  2 *Result=0.00614576  Best=0.00614576   Time=0.1  Run Time=363.9
FIRESTARTER_OPTIMIZE: Seed=0  Test=59  Generation=  3 *Result=0.00103271  Best=0.00103271   Time=0.1  Run Time=364.4
FIRESTARTER_OPTIMIZE: Seed=0  Test=59  Generation=  4 *Result=0.00030545  Best=0.00030545   Time=0.1  Run Time=364.8
FIRESTARTER_OPTIMIZE: Seed=0  Test=59  Generation=  5  Result=0.00040652  Best=0.00030545   Time=0.1  Run Time=365.3
FIRESTARTER_OPTIMIZE: Seed=0  Test=59  Generation=  6  Result=0.00058177  Best=0.00030545   Time=0.1  Run Time=365.7
FIRESTARTER_OPTIMIZE: Seed=0  Test=59  Generation=  7 *Result=0.00005471  Best=0.00005471   Time=0.1  Run Time=366.2
FIRESTARTER_OPTIMIZE: Seed=0  Test=59  Generation=  8  Result=0.00029221  Best=0.00005471   Time=0.1  Run Time=366.6
FIRESTARTER_OPTIMIZE: Seed=0  Test=59  Generation=  9  Result=0.00221220  Best=0.00005471   Time=0.1  Run Time=367.1
FIRESTARTER_OPTIMIZE: Seed=0  Test=59  Generation= 10 *Result=0.00000012  Best=0.00000012   Time=0.1  Run Time=367.5
