CUDA devices = 1
Device 0: NVIDIA GeForce RTX 4090

variations = 1
samples = 15
instructions = 32
registers = 30
opcodes = 2
patternOpcodes = 4

targetMin = 0.000000f
targetMax = 6.283185f
target = 0.000001f

mode = FIRESTARTER_OPTIMIZE
evolveSeed = 123
optimizeSeed = 123
tests = 256
streams = 1
units = 1
states = 1
generations = 0
population = 65536
iterations = 64
passes = 512
candidates = 16
attempts = 0
optimize = 1

scale = 0.300000f
startScale = 2.500000f
startResult = 10.000000f

FIRESTARTER_OPTIMIZE: Seed=123  Test=83  Generation=  2 *Result=0.00055551  Best=0.00055551   Time=0.1  Run Time=243.4
FIRESTARTER_OPTIMIZE: Seed=123  Test=83  Generation=  3  Result=0.00375471  Best=0.00055551   Time=0.1  Run Time=243.9
FIRESTARTER_OPTIMIZE: Seed=123  Test=83  Generation=  4  Result=0.00188255  Best=0.00055551   Time=0.1  Run Time=244.3
FIRESTARTER_OPTIMIZE: Seed=123  Test=83  Generation=  5 *Result=0.00053883  Best=0.00053883   Time=0.1  Run Time=244.7
FIRESTARTER_OPTIMIZE: Seed=123  Test=83  Generation=  6 *Result=0.00002479  Best=0.00002479   Time=0.1  Run Time=245.2
FIRESTARTER_OPTIMIZE: Seed=123  Test=83  Generation=  7 *Result=0.00001216  Best=0.00001216   Time=0.1  Run Time=245.7
FIRESTARTER_OPTIMIZE: Seed=123  Test=83  Generation=  8  Result=0.00015698  Best=0.00001216   Time=0.1  Run Time=246.1
FIRESTARTER_OPTIMIZE: Seed=123  Test=83  Generation=  9 *Result=0.00001036  Best=0.00001036   Time=0.1  Run Time=246.6
FIRESTARTER_OPTIMIZE: Seed=123  Test=83  Generation= 10  Result=0.00005545  Best=0.00001036   Time=0.1  Run Time=247.0
FIRESTARTER_OPTIMIZE: Seed=123  Test=83  Generation= 11  Result=0.00019102  Best=0.00001036   Time=0.1  Run Time=247.4
FIRESTARTER_OPTIMIZE: Seed=123  Test=83  Generation= 12  Result=0.00005284  Best=0.00001036   Time=0.1  Run Time=247.9
FIRESTARTER_OPTIMIZE: Seed=123  Test=83  Generation= 13  Result=0.00021857  Best=0.00001036   Time=0.1  Run Time=248.3
FIRESTARTER_OPTIMIZE: Seed=123  Test=83  Generation= 14 *Result=0.00000010  Best=0.00000010   Time=0.1  Run Time=248.8
