CUDA devices = 1
Device 0: NVIDIA GeForce RTX 4090

variations = 1
instructions = 32
registers = 30
opcodes = 2
patternOpcodes = 4

targetMin = 0.000000f
targetMax = 6.283185f
target = 0.000001f

mode = FIRESTARTER_OPTIMIZE
evolveSeed = 0
optimizeSeed = 0
tests = 256
streams = 1
units = 1
states = 1
generations = 0
population = 65536
passes = 512
attempts = 0
optimize = 1

scale = 0.300000f
startScale = 2.500000f
startResult = 10.000000f

FIRESTARTER_OPTIMIZE: Seed=0  Test=126  Generation=  2 *Result=0.00004882  Best=0.00004882   Time=0.1  Run Time=346.7
FIRESTARTER_OPTIMIZE: Seed=0  Test=126  Generation=  3 *Result=0.00000242  Best=0.00000242   Time=0.1  Run Time=347.1
FIRESTARTER_OPTIMIZE: Seed=0  Test=126  Generation=  4  Result=0.00000402  Best=0.00000242   Time=0.1  Run Time=347.4
FIRESTARTER_OPTIMIZE: Seed=0  Test=126  Generation=  5  Result=0.00050377  Best=0.00000242   Time=0.1  Run Time=347.8
FIRESTARTER_OPTIMIZE: Seed=0  Test=126  Generation=  6  Result=0.00000563  Best=0.00000242   Time=0.1  Run Time=348.2
FIRESTARTER_OPTIMIZE: Seed=0  Test=126  Generation=  7  Result=0.00221079  Best=0.00000242   Time=0.1  Run Time=348.6
FIRESTARTER_OPTIMIZE: Seed=0  Test=126  Generation=  8  Result=0.00022566  Best=0.00000242   Time=0.1  Run Time=348.9
FIRESTARTER_OPTIMIZE: Seed=0  Test=126  Generation=  9  Result=0.00048775  Best=0.00000242   Time=0.1  Run Time=349.3
FIRESTARTER_OPTIMIZE: Seed=0  Test=126  Generation= 10  Result=0.00033371  Best=0.00000242   Time=0.1  Run Time=349.7
FIRESTARTER_OPTIMIZE: Seed=0  Test=126  Generation= 11  Result=0.00013538  Best=0.00000242   Time=0.1  Run Time=350.0
FIRESTARTER_OPTIMIZE: Seed=0  Test=126  Generation= 12 *Result=0.00000033  Best=0.00000033   Time=0.1  Run Time=350.4
