CUDA devices = 1
Device 0: NVIDIA GeForce RTX 4090

variations = 1
instructions = 32
registers = 30
opcodes = 2
patternOpcodes = 4

targetMin = 0.000000f
targetMax = 6.283185f
target = 0.000001f

mode = FIRESTARTER_OPTIMIZE
evolveSeed = 1
optimizeSeed = 1
tests = 256
streams = 1
units = 1
states = 1
generations = 0
population = 49152
passes = 384
attempts = 0
optimize = 1

scale = 0.300000f
startScale = 2.500000f
startResult = 10.000000f

FIRESTARTER_OPTIMIZE: Seed=1  Test=48  Generation=  2 *Result=0.00003692  Best=0.00003692   Time=0.1  Run Time=129.1
FIRESTARTER_OPTIMIZE: Seed=1  Test=48  Generation=  3  Result=0.00086983  Best=0.00003692   Time=0.1  Run Time=129.5
FIRESTARTER_OPTIMIZE: Seed=1  Test=48  Generation=  4 *Result=0.00000173  Best=0.00000173   Time=0.1  Run Time=129.8
FIRESTARTER_OPTIMIZE: Seed=1  Test=48  Generation=  5  Result=0.00010602  Best=0.00000173   Time=0.1  Run Time=130.1
FIRESTARTER_OPTIMIZE: Seed=1  Test=48  Generation=  6  Result=0.00102401  Best=0.00000173   Time=0.1  Run Time=130.5
FIRESTARTER_OPTIMIZE: Seed=1  Test=48  Generation=  7 *Result=0.00000010  Best=0.00000010   Time=0.1  Run Time=130.8
