CUDA devices = 1
Device 0: NVIDIA GeForce RTX 4090

variations = 1
instructions = 32
registers = 30
opcodes = 2
patternOpcodes = 4

targetMin = 0.000000f
targetMax = 6.283185f
target = 0.000001f

mode = FIRESTARTER_OPTIMIZE
evolveSeed = 0
optimizeSeed = 0
tests = 256
streams = 1
units = 1
states = 1
generations = 0
population = 49152
passes = 256
attempts = 0
optimize = 1

scale = 0.300000f
startScale = 2.500000f
startResult = 10.000000f

FIRESTARTER_OPTIMIZE: Seed=0  Test=251  Generation=  2 *Result=0.00143819  Best=0.00143819   Time=0.1  Run Time=743.7
FIRESTARTER_OPTIMIZE: Seed=0  Test=251  Generation=  3 *Result=0.00053884  Best=0.00053884   Time=0.1  Run Time=744.0
FIRESTARTER_OPTIMIZE: Seed=0  Test=251  Generation=  4  Result=0.00239948  Best=0.00053884   Time=0.1  Run Time=744.3
FIRESTARTER_OPTIMIZE: Seed=0  Test=251  Generation=  5  Result=0.00059180  Best=0.00053884   Time=0.1  Run Time=744.6
FIRESTARTER_OPTIMIZE: Seed=0  Test=251  Generation=  6 *Result=0.00039461  Best=0.00039461   Time=0.1  Run Time=744.8
FIRESTARTER_OPTIMIZE: Seed=0  Test=251  Generation=  7 *Result=0.00016211  Best=0.00016211   Time=0.1  Run Time=745.1
FIRESTARTER_OPTIMIZE: Seed=0  Test=251  Generation=  8 *Result=0.00002216  Best=0.00002216   Time=0.1  Run Time=745.4
FIRESTARTER_OPTIMIZE: Seed=0  Test=251  Generation=  9 *Result=0.00000012  Best=0.00000012   Time=0.1  Run Time=745.7
