CUDA devices = 1
Device 0: NVIDIA GeForce RTX 4090

variations = 1
instructions = 32
registers = 30
opcodes = 2
patternOpcodes = 4

targetMin = 0.000000f
targetMax = 6.283185f
target = 0.000001f

mode = FIRESTARTER_OPTIMIZE
evolveSeed = 2
optimizeSeed = 2
tests = 256
streams = 1
units = 1
states = 1
generations = 0
population = 65536
passes = 384
attempts = 0
optimize = 1

scale = 0.300000f
startScale = 2.500000f
startResult = 10.000000f

FIRESTARTER_OPTIMIZE: Seed=2  Test=37  Generation=  2 *Result=0.00018823  Best=0.00018823   Time=0.1  Run Time=79.0
FIRESTARTER_OPTIMIZE: Seed=2  Test=37  Generation=  3  Result=0.00087938  Best=0.00018823   Time=0.1  Run Time=79.3
FIRESTARTER_OPTIMIZE: Seed=2  Test=37  Generation=  4  Result=0.00023547  Best=0.00018823   Time=0.1  Run Time=79.6
FIRESTARTER_OPTIMIZE: Seed=2  Test=37  Generation=  5 *Result=0.00005678  Best=0.00005678   Time=0.1  Run Time=79.9
FIRESTARTER_OPTIMIZE: Seed=2  Test=37  Generation=  6 *Result=0.00004357  Best=0.00004357   Time=0.1  Run Time=80.2
FIRESTARTER_OPTIMIZE: Seed=2  Test=37  Generation=  7  Result=0.00006949  Best=0.00004357   Time=0.1  Run Time=80.5
FIRESTARTER_OPTIMIZE: Seed=2  Test=37  Generation=  8 *Result=0.00001711  Best=0.00001711   Time=0.1  Run Time=80.8
FIRESTARTER_OPTIMIZE: Seed=2  Test=37  Generation=  9  Result=0.00005690  Best=0.00001711   Time=0.1  Run Time=81.1
FIRESTARTER_OPTIMIZE: Seed=2  Test=37  Generation= 10 *Result=0.00000071  Best=0.00000071   Time=0.1  Run Time=81.4
