CUDA devices = 1
Device 0: NVIDIA GeForce RTX 4090

variations = 1
instructions = 32
registers = 30
opcodes = 2
patternOpcodes = 4

targetMin = 0.000000f
targetMax = 6.283185f
target = 0.000001f

mode = FIRESTARTER_OPTIMIZE
evolveSeed = 1
optimizeSeed = 1
tests = 256
streams = 1
units = 1
states = 1
generations = 0
population = 49152
passes = 512
attempts = 0
optimize = 1

scale = 0.300000f
startScale = 2.500000f
startResult = 10.000000f

FIRESTARTER_OPTIMIZE: Seed=1  Test=54  Generation=  2 *Result=0.00008610  Best=0.00008610   Time=0.1  Run Time=160.1
FIRESTARTER_OPTIMIZE: Seed=1  Test=54  Generation=  3 *Result=0.00001431  Best=0.00001431   Time=0.1  Run Time=160.4
FIRESTARTER_OPTIMIZE: Seed=1  Test=54  Generation=  4  Result=0.00095708  Best=0.00001431   Time=0.1  Run Time=160.8
FIRESTARTER_OPTIMIZE: Seed=1  Test=54  Generation=  5  Result=0.00019016  Best=0.00001431   Time=0.1  Run Time=161.2
FIRESTARTER_OPTIMIZE: Seed=1  Test=54  Generation=  6  Result=0.00017244  Best=0.00001431   Time=0.1  Run Time=161.5
FIRESTARTER_OPTIMIZE: Seed=1  Test=54  Generation=  7  Result=0.00018351  Best=0.00001431   Time=0.1  Run Time=161.9
FIRESTARTER_OPTIMIZE: Seed=1  Test=54  Generation=  8 *Result=0.00000021  Best=0.00000021   Time=0.1  Run Time=162.3
