CUDA devices = 1
Device 0: NVIDIA GeForce RTX 4090 Laptop GPU

variations = 1
instructions = 32
registers = 30
opcodes = 2
patternOpcodes = 4

targetMin = 0.000000f
targetMax = 6.283185f
target = 0.000001f

mode = FIRESTARTER_OPTIMIZE
evolveSeed = 0
optimizeSeed = 0
tests = 256
streams = 1
units = 1
states = 1
generations = 0
population = 65536
passes = 384
attempts = 0
optimize = 1

scale = 0.300000f
startScale = 2.500000f
startResult = 10.000000f

FIRESTARTER_OPTIMIZE: Seed=0  Test=140  Generation=  2 *Result=0.00084335  Best=0.00084335   Time=0.1  Run Time=651.8
FIRESTARTER_OPTIMIZE: Seed=0  Test=140  Generation=  3  Result=0.00182243  Best=0.00084335   Time=0.1  Run Time=652.4
FIRESTARTER_OPTIMIZE: Seed=0  Test=140  Generation=  4 *Result=0.00006546  Best=0.00006546   Time=0.1  Run Time=653.0
FIRESTARTER_OPTIMIZE: Seed=0  Test=140  Generation=  5  Result=0.00143332  Best=0.00006546   Time=0.1  Run Time=653.6
FIRESTARTER_OPTIMIZE: Seed=0  Test=140  Generation=  6 *Result=0.00000739  Best=0.00000739   Time=0.1  Run Time=654.1
FIRESTARTER_OPTIMIZE: Seed=0  Test=140  Generation=  7  Result=0.00020219  Best=0.00000739   Time=0.1  Run Time=654.7
FIRESTARTER_OPTIMIZE: Seed=0  Test=140  Generation=  8  Result=0.00007730  Best=0.00000739   Time=0.1  Run Time=655.3
FIRESTARTER_OPTIMIZE: Seed=0  Test=140  Generation=  9 *Result=0.00000153  Best=0.00000153   Time=0.1  Run Time=655.9
FIRESTARTER_OPTIMIZE: Seed=0  Test=140  Generation= 10 *Result=0.00000007  Best=0.00000007   Time=0.1  Run Time=656.5
