CUDA devices = 1
Device 0: NVIDIA GeForce RTX 4090

variations = 1
instructions = 32
registers = 30
opcodes = 2
patternOpcodes = 4

targetMin = 0.000000f
targetMax = 6.283185f
target = 0.000001f

mode = FIRESTARTER_OPTIMIZE
evolveSeed = 1
optimizeSeed = 1
tests = 256
streams = 1
units = 1
states = 1
generations = 0
population = 49152
passes = 512
attempts = 0
optimize = 1

scale = 0.300000f
startScale = 2.500000f
startResult = 10.000000f

FIRESTARTER_OPTIMIZE: Seed=1  Test=183  Generation=  2 *Result=0.00139288  Best=0.00139288   Time=0.1  Run Time=534.4
FIRESTARTER_OPTIMIZE: Seed=1  Test=183  Generation=  3 *Result=0.00004256  Best=0.00004256   Time=0.1  Run Time=534.8
FIRESTARTER_OPTIMIZE: Seed=1  Test=183  Generation=  4 *Result=0.00002611  Best=0.00002611   Time=0.1  Run Time=535.1
FIRESTARTER_OPTIMIZE: Seed=1  Test=183  Generation=  5  Result=0.00004970  Best=0.00002611   Time=0.1  Run Time=535.5
FIRESTARTER_OPTIMIZE: Seed=1  Test=183  Generation=  6 *Result=0.00000142  Best=0.00000142   Time=0.1  Run Time=535.8
FIRESTARTER_OPTIMIZE: Seed=1  Test=183  Generation=  7  Result=0.00039089  Best=0.00000142   Time=0.1  Run Time=536.2
FIRESTARTER_OPTIMIZE: Seed=1  Test=183  Generation=  8 *Result=0.00000028  Best=0.00000028   Time=0.1  Run Time=536.6
