CUDA devices = 1
Device 0: NVIDIA GeForce RTX 4090

variations = 1
instructions = 32
registers = 30
opcodes = 2
patternOpcodes = 4

targetMin = 0.000000f
targetMax = 6.283185f
target = 0.000001f

mode = FIRESTARTER_OPTIMIZE
evolveSeed = 1
optimizeSeed = 1
tests = 256
streams = 1
units = 1
states = 1
generations = 0
population = 49152
passes = 512
attempts = 0
optimize = 1

scale = 0.300000f
startScale = 2.500000f
startResult = 10.000000f

FIRESTARTER_OPTIMIZE: Seed=1  Test=140  Generation=  2 *Result=0.00063622  Best=0.00063622   Time=0.1  Run Time=395.2
FIRESTARTER_OPTIMIZE: Seed=1  Test=140  Generation=  3  Result=0.00182670  Best=0.00063622   Time=0.1  Run Time=395.6
FIRESTARTER_OPTIMIZE: Seed=1  Test=140  Generation=  4 *Result=0.00006432  Best=0.00006432   Time=0.1  Run Time=396.0
FIRESTARTER_OPTIMIZE: Seed=1  Test=140  Generation=  5  Result=0.00143304  Best=0.00006432   Time=0.1  Run Time=396.3
FIRESTARTER_OPTIMIZE: Seed=1  Test=140  Generation=  6 *Result=0.00000270  Best=0.00000270   Time=0.1  Run Time=396.7
FIRESTARTER_OPTIMIZE: Seed=1  Test=140  Generation=  7  Result=0.00021851  Best=0.00000270   Time=0.1  Run Time=397.1
FIRESTARTER_OPTIMIZE: Seed=1  Test=140  Generation=  8  Result=0.00021831  Best=0.00000270   Time=0.1  Run Time=397.4
FIRESTARTER_OPTIMIZE: Seed=1  Test=140  Generation=  9 *Result=0.00000018  Best=0.00000018   Time=0.1  Run Time=397.8
