CUDA devices = 1
Device 0: NVIDIA GeForce RTX 4090

variations = 1
samples = 15
instructions = 32
registers = 30
opcodes = 2
patternOpcodes = 4

targetMin = 0.000000f
targetMax = 6.283185f
target = 0.000001f

mode = FIRESTARTER_OPTIMIZE
evolveSeed = 0
optimizeSeed = 0
tests = 256
streams = 1
units = 1
states = 1
generations = 0
population = 65536
iterations = 64
passes = 512
candidates = 16
attempts = 0
optimize = 1

scale = 0.100000f
startScale = 3.000000f
startResult = 10.000000f

FIRESTARTER_OPTIMIZE: Seed=0  Test=125  Generation=  2 *Result=0.00034853  Best=0.00034853   Time=0.1  Run Time=772.3
FIRESTARTER_OPTIMIZE: Seed=0  Test=125  Generation=  3  Result=0.00048860  Best=0.00034853   Time=0.1  Run Time=772.8
FIRESTARTER_OPTIMIZE: Seed=0  Test=125  Generation=  4 *Result=0.00018261  Best=0.00018261   Time=0.1  Run Time=773.3
FIRESTARTER_OPTIMIZE: Seed=0  Test=125  Generation=  5 *Result=0.00007015  Best=0.00007015   Time=0.1  Run Time=773.7
FIRESTARTER_OPTIMIZE: Seed=0  Test=125  Generation=  6  Result=0.00065533  Best=0.00007015   Time=0.1  Run Time=774.1
FIRESTARTER_OPTIMIZE: Seed=0  Test=125  Generation=  7 *Result=0.00001568  Best=0.00001568   Time=0.1  Run Time=774.6
FIRESTARTER_OPTIMIZE: Seed=0  Test=125  Generation=  8  Result=0.00018809  Best=0.00001568   Time=0.1  Run Time=775.0
FIRESTARTER_OPTIMIZE: Seed=0  Test=125  Generation=  9  Result=0.00242286  Best=0.00001568   Time=0.1  Run Time=775.5
FIRESTARTER_OPTIMIZE: Seed=0  Test=125  Generation= 10  Result=0.00018248  Best=0.00001568   Time=0.1  Run Time=775.9
FIRESTARTER_OPTIMIZE: Seed=0  Test=125  Generation= 11 *Result=0.00000017  Best=0.00000017   Time=0.1  Run Time=776.4
