CUDA devices = 1
Device 0: NVIDIA GeForce RTX 4090

variations = 1
samples = 15
instructions = 32
registers = 30
opcodes = 2
patternOpcodes = 4

targetMin = 0.000000f
targetMax = 6.283185f
target = 0.000001f

mode = FIRESTARTER_OPTIMIZE
evolveSeed = 0
optimizeSeed = 0
tests = 256
streams = 1
units = 1
states = 1
generations = 0
population = 65536
iterations = 64
passes = 512
candidates = 16
attempts = 0
optimize = 1

scale = 0.150000f
startScale = 2.500000f
startResult = 10.000000f

FIRESTARTER_OPTIMIZE: Seed=0  Test=115  Generation=  2 *Result=0.00000250  Best=0.00000250   Time=0.1  Run Time=534.9
FIRESTARTER_OPTIMIZE: Seed=0  Test=115  Generation=  3  Result=0.00006218  Best=0.00000250   Time=0.1  Run Time=535.3
FIRESTARTER_OPTIMIZE: Seed=0  Test=115  Generation=  4  Result=0.00014281  Best=0.00000250   Time=0.1  Run Time=535.8
FIRESTARTER_OPTIMIZE: Seed=0  Test=115  Generation=  5  Result=0.00001680  Best=0.00000250   Time=0.1  Run Time=536.2
FIRESTARTER_OPTIMIZE: Seed=0  Test=115  Generation=  6  Result=0.00047362  Best=0.00000250   Time=0.1  Run Time=536.7
FIRESTARTER_OPTIMIZE: Seed=0  Test=115  Generation=  7  Result=0.00018764  Best=0.00000250   Time=0.1  Run Time=537.2
FIRESTARTER_OPTIMIZE: Seed=0  Test=115  Generation=  8 *Result=0.00000244  Best=0.00000244   Time=0.1  Run Time=537.7
FIRESTARTER_OPTIMIZE: Seed=0  Test=115  Generation=  9  Result=0.00019094  Best=0.00000244   Time=0.1  Run Time=538.1
FIRESTARTER_OPTIMIZE: Seed=0  Test=115  Generation= 10 *Result=0.00000228  Best=0.00000228   Time=0.1  Run Time=538.6
FIRESTARTER_OPTIMIZE: Seed=0  Test=115  Generation= 11 *Result=0.00000035  Best=0.00000035   Time=0.1  Run Time=539.1
