CUDA devices = 1
Device 0: NVIDIA GeForce RTX 4090

variations = 1
samples = 15
instructions = 28
registers = 28
opcodes = 2
patternOpcodes = 4

targetMin = 0.000000f
targetMax = 6.283185f
target = 0.000001f

mode = FIRESTARTER_OPTIMIZE
evolveSeed = 0
optimizeSeed = 0
tests = 256
streams = 1
units = 1
states = 1
generations = 0
population = 65536
iterations = 64
passes = 512
candidates = 16
attempts = 0
optimize = 1

scale = 0.300000f
startScale = 2.500000f
startResult = 10.000000f

FIRESTARTER_OPTIMIZE: Seed=0  Test=132  Generation=  2 *Result=0.00018245  Best=0.00018245   Time=0.1  Run Time=469.6
FIRESTARTER_OPTIMIZE: Seed=0  Test=132  Generation=  3 *Result=0.00005495  Best=0.00005495   Time=0.1  Run Time=470.1
FIRESTARTER_OPTIMIZE: Seed=0  Test=132  Generation=  4 *Result=0.00000751  Best=0.00000751   Time=0.1  Run Time=470.5
FIRESTARTER_OPTIMIZE: Seed=0  Test=132  Generation=  5  Result=0.00006287  Best=0.00000751   Time=0.1  Run Time=470.9
FIRESTARTER_OPTIMIZE: Seed=0  Test=132  Generation=  6  Result=0.00007306  Best=0.00000751   Time=0.1  Run Time=471.3
FIRESTARTER_OPTIMIZE: Seed=0  Test=132  Generation=  7  Result=0.00035086  Best=0.00000751   Time=0.1  Run Time=471.8
FIRESTARTER_OPTIMIZE: Seed=0  Test=132  Generation=  8  Result=0.00313079  Best=0.00000751   Time=0.1  Run Time=472.3
FIRESTARTER_OPTIMIZE: Seed=0  Test=132  Generation=  9 *Result=0.00000022  Best=0.00000022   Time=0.1  Run Time=472.7
