CUDA devices = 1
Device 0: NVIDIA GeForce RTX 4090

variations = 1
instructions = 32
registers = 30
opcodes = 2
patternOpcodes = 4

targetMin = 0.000000f
targetMax = 6.283185f
target = 0.000001f

mode = FIRESTARTER_OPTIMIZE
evolveSeed = 2
optimizeSeed = 2
tests = 256
streams = 1
units = 1
states = 1
generations = 0
population = 65536
passes = 384
attempts = 0
optimize = 1

scale = 0.300000f
startScale = 2.500000f
startResult = 10.000000f

FIRESTARTER_OPTIMIZE: Seed=2  Test=140  Generation=  2 *Result=0.00080442  Best=0.00080442   Time=0.1  Run Time=333.9
FIRESTARTER_OPTIMIZE: Seed=2  Test=140  Generation=  3  Result=0.00182579  Best=0.00080442   Time=0.1  Run Time=334.2
FIRESTARTER_OPTIMIZE: Seed=2  Test=140  Generation=  4 *Result=0.00004375  Best=0.00004375   Time=0.1  Run Time=334.5
FIRESTARTER_OPTIMIZE: Seed=2  Test=140  Generation=  5  Result=0.00143640  Best=0.00004375   Time=0.1  Run Time=334.8
FIRESTARTER_OPTIMIZE: Seed=2  Test=140  Generation=  6 *Result=0.00002117  Best=0.00002117   Time=0.1  Run Time=335.1
FIRESTARTER_OPTIMIZE: Seed=2  Test=140  Generation=  7  Result=0.00029670  Best=0.00002117   Time=0.1  Run Time=335.4
FIRESTARTER_OPTIMIZE: Seed=2  Test=140  Generation=  8  Result=0.00004511  Best=0.00002117   Time=0.1  Run Time=335.7
FIRESTARTER_OPTIMIZE: Seed=2  Test=140  Generation=  9 *Result=0.00000287  Best=0.00000287   Time=0.1  Run Time=336.0
FIRESTARTER_OPTIMIZE: Seed=2  Test=140  Generation= 10 *Result=0.00000026  Best=0.00000026   Time=0.1  Run Time=336.3
