CUDA devices = 1
Device 0: NVIDIA GeForce RTX 4090

variations = 1
instructions = 32
registers = 30
opcodes = 2
patternOpcodes = 4

targetMin = 0.000000f
targetMax = 6.283185f
target = 0.000001f

mode = FIRESTARTER_OPTIMIZE
evolveSeed = 0
optimizeSeed = 0
tests = 256
streams = 1
units = 1
states = 1
generations = 0
population = 32768
passes = 512
attempts = 0
optimize = 1

scale = 0.300000f
startScale = 2.500000f
startResult = 10.000000f

FIRESTARTER_OPTIMIZE: Seed=0  Test=81  Generation=  2 *Result=0.00008521  Best=0.00008521   Time=0.1  Run Time=228.3
FIRESTARTER_OPTIMIZE: Seed=0  Test=81  Generation=  3  Result=0.00011716  Best=0.00008521   Time=0.1  Run Time=228.6
FIRESTARTER_OPTIMIZE: Seed=0  Test=81  Generation=  4 *Result=0.00000292  Best=0.00000292   Time=0.1  Run Time=229.0
FIRESTARTER_OPTIMIZE: Seed=0  Test=81  Generation=  5  Result=0.00007140  Best=0.00000292   Time=0.1  Run Time=229.4
FIRESTARTER_OPTIMIZE: Seed=0  Test=81  Generation=  6  Result=0.00011345  Best=0.00000292   Time=0.1  Run Time=229.8
FIRESTARTER_OPTIMIZE: Seed=0  Test=81  Generation=  7  Result=0.00010117  Best=0.00000292   Time=0.1  Run Time=230.2
FIRESTARTER_OPTIMIZE: Seed=0  Test=81  Generation=  8  Result=0.00024741  Best=0.00000292   Time=0.1  Run Time=230.6
FIRESTARTER_OPTIMIZE: Seed=0  Test=81  Generation=  9 *Result=0.00000023  Best=0.00000023   Time=0.1  Run Time=231.0
