CUDA devices = 1
Device 0: NVIDIA GeForce RTX 4090

variations = 1
instructions = 32
registers = 30
opcodes = 2
patternOpcodes = 4

targetMin = 0.000000f
targetMax = 6.283185f
target = 0.000001f

mode = FIRESTARTER_OPTIMIZE
evolveSeed = 0
optimizeSeed = 0
tests = 256
streams = 1
units = 1
states = 1
generations = 0
population = 49152
passes = 384
attempts = 0
optimize = 1

scale = 0.300000f
startScale = 2.500000f
startResult = 10.000000f

FIRESTARTER_OPTIMIZE: Seed=0  Test=221  Generation=  2 *Result=0.00076154  Best=0.00076154   Time=0.1  Run Time=561.7
FIRESTARTER_OPTIMIZE: Seed=0  Test=221  Generation=  3 *Result=0.00008015  Best=0.00008015   Time=0.1  Run Time=562.0
FIRESTARTER_OPTIMIZE: Seed=0  Test=221  Generation=  4  Result=0.00018244  Best=0.00008015   Time=0.1  Run Time=562.3
FIRESTARTER_OPTIMIZE: Seed=0  Test=221  Generation=  5  Result=0.00017249  Best=0.00008015   Time=0.1  Run Time=562.6
FIRESTARTER_OPTIMIZE: Seed=0  Test=221  Generation=  6  Result=0.00015192  Best=0.00008015   Time=0.1  Run Time=562.9
FIRESTARTER_OPTIMIZE: Seed=0  Test=221  Generation=  7 *Result=0.00005231  Best=0.00005231   Time=0.1  Run Time=563.2
FIRESTARTER_OPTIMIZE: Seed=0  Test=221  Generation=  8 *Result=0.00000038  Best=0.00000038   Time=0.1  Run Time=563.5
