CUDA devices = 1
Device 0: NVIDIA GeForce RTX 4090

variations = 1
samples = 15
instructions = 32
registers = 30
opcodes = 2
patternOpcodes = 4

targetMin = 0.000000f
targetMax = 6.283185f
target = 0.000001f

mode = FIRESTARTER_OPTIMIZE
evolveSeed = 0
optimizeSeed = 0
tests = 256
streams = 1
units = 1
states = 1
generations = 0
population = 65536
iterations = 64
passes = 512
candidates = 16
attempts = 0
optimize = 1

scale = 0.150000f
startScale = 2.500000f
startResult = 10.000000f

FIRESTARTER_OPTIMIZE: Seed=0  Test=224  Generation=  2 *Result=0.00018237  Best=0.00018237   Time=0.1  Run Time=1130.0
FIRESTARTER_OPTIMIZE: Seed=0  Test=224  Generation=  3  Result=0.00019721  Best=0.00018237   Time=0.1  Run Time=1130.5
FIRESTARTER_OPTIMIZE: Seed=0  Test=224  Generation=  4 *Result=0.00002157  Best=0.00002157   Time=0.1  Run Time=1130.9
FIRESTARTER_OPTIMIZE: Seed=0  Test=224  Generation=  5  Result=0.00008163  Best=0.00002157   Time=0.1  Run Time=1131.4
FIRESTARTER_OPTIMIZE: Seed=0  Test=224  Generation=  6  Result=0.00004475  Best=0.00002157   Time=0.1  Run Time=1131.9
FIRESTARTER_OPTIMIZE: Seed=0  Test=224  Generation=  7 *Result=0.00001733  Best=0.00001733   Time=0.1  Run Time=1132.4
FIRESTARTER_OPTIMIZE: Seed=0  Test=224  Generation=  8  Result=0.00050537  Best=0.00001733   Time=0.1  Run Time=1132.8
FIRESTARTER_OPTIMIZE: Seed=0  Test=224  Generation=  9 *Result=0.00000497  Best=0.00000497   Time=0.1  Run Time=1133.3
FIRESTARTER_OPTIMIZE: Seed=0  Test=224  Generation= 10 *Result=0.00000007  Best=0.00000007   Time=0.1  Run Time=1133.8
