CUDA devices = 1
Device 0: NVIDIA GeForce RTX 4090

variations = 1
instructions = 32
registers = 30
opcodes = 2
patternOpcodes = 4

targetMin = 0.000000f
targetMax = 6.283185f
target = 0.000001f

mode = FIRESTARTER_OPTIMIZE
evolveSeed = 0
optimizeSeed = 0
tests = 256
streams = 1
units = 1
states = 1
generations = 0
population = 49152
passes = 384
attempts = 0
optimize = 1

scale = 0.300000f
startScale = 2.500000f
startResult = 10.000000f

FIRESTARTER_OPTIMIZE: Seed=0  Test=255  Generation=  2 *Result=0.00008279  Best=0.00008279   Time=0.1  Run Time=658.1
FIRESTARTER_OPTIMIZE: Seed=0  Test=255  Generation=  3  Result=0.00117512  Best=0.00008279   Time=0.1  Run Time=658.4
FIRESTARTER_OPTIMIZE: Seed=0  Test=255  Generation=  4 *Result=0.00001577  Best=0.00001577   Time=0.1  Run Time=658.8
FIRESTARTER_OPTIMIZE: Seed=0  Test=255  Generation=  5  Result=0.00006437  Best=0.00001577   Time=0.1  Run Time=659.1
FIRESTARTER_OPTIMIZE: Seed=0  Test=255  Generation=  6  Result=0.00005496  Best=0.00001577   Time=0.1  Run Time=659.4
FIRESTARTER_OPTIMIZE: Seed=0  Test=255  Generation=  7  Result=0.00030971  Best=0.00001577   Time=0.1  Run Time=659.7
FIRESTARTER_OPTIMIZE: Seed=0  Test=255  Generation=  8  Result=0.00039061  Best=0.00001577   Time=0.1  Run Time=660.0
FIRESTARTER_OPTIMIZE: Seed=0  Test=255  Generation=  9 *Result=0.00000011  Best=0.00000011   Time=0.1  Run Time=660.3
