CUDA devices = 1
Device 0: NVIDIA GeForce RTX 4090

variations = 1
instructions = 32
registers = 30
opcodes = 2
patternOpcodes = 4

targetMin = 0.000000f
targetMax = 6.283185f
target = 0.000001f

mode = FIRESTARTER_OPTIMIZE
evolveSeed = 0
optimizeSeed = 0
tests = 256
streams = 1
units = 1
states = 1
generations = 0
population = 32768
passes = 512
attempts = 0
optimize = 1

scale = 0.300000f
startScale = 2.500000f
startResult = 10.000000f

FIRESTARTER_OPTIMIZE: Seed=0  Test=22  Generation=  2 *Result=0.00006501  Best=0.00006501   Time=0.1  Run Time=66.9
FIRESTARTER_OPTIMIZE: Seed=0  Test=22  Generation=  3 *Result=0.00005324  Best=0.00005324   Time=0.1  Run Time=67.2
FIRESTARTER_OPTIMIZE: Seed=0  Test=22  Generation=  4 *Result=0.00000203  Best=0.00000203   Time=0.1  Run Time=67.6
FIRESTARTER_OPTIMIZE: Seed=0  Test=22  Generation=  5  Result=0.00115871  Best=0.00000203   Time=0.1  Run Time=67.9
FIRESTARTER_OPTIMIZE: Seed=0  Test=22  Generation=  6  Result=0.00323290  Best=0.00000203   Time=0.1  Run Time=68.2
FIRESTARTER_OPTIMIZE: Seed=0  Test=22  Generation=  7  Result=0.00239414  Best=0.00000203   Time=0.1  Run Time=68.6
FIRESTARTER_OPTIMIZE: Seed=0  Test=22  Generation=  8  Result=0.00000623  Best=0.00000203   Time=0.1  Run Time=68.9
FIRESTARTER_OPTIMIZE: Seed=0  Test=22  Generation=  9  Result=0.00040525  Best=0.00000203   Time=0.1  Run Time=69.2
FIRESTARTER_OPTIMIZE: Seed=0  Test=22  Generation= 10  Result=0.00247622  Best=0.00000203   Time=0.1  Run Time=69.6
FIRESTARTER_OPTIMIZE: Seed=0  Test=22  Generation= 11  Result=0.00012770  Best=0.00000203   Time=0.1  Run Time=69.9
FIRESTARTER_OPTIMIZE: Seed=0  Test=22  Generation= 12 *Result=0.00000051  Best=0.00000051   Time=0.1  Run Time=70.3
