CUDA devices = 1
Device 0: NVIDIA GeForce RTX 4090

variations = 1
instructions = 32
registers = 30
opcodes = 2
patternOpcodes = 4

targetMin = 0.000000f
targetMax = 6.283185f
target = 0.000001f

mode = FIRESTARTER_OPTIMIZE
evolveSeed = 0
optimizeSeed = 0
tests = 256
streams = 1
units = 1
states = 1
generations = 0
population = 65536
passes = 384
attempts = 0
optimize = 1

scale = 0.300000f
startScale = 2.500000f
startResult = 10.000000f

FIRESTARTER_OPTIMIZE: Seed=0  Test=139  Generation=  1 *Result=0.00000548  Best=0.00000548   Time=0.1  Run Time=506.2
FIRESTARTER_OPTIMIZE: Seed=0  Test=139  Generation=  2 *Result=0.00000114  Best=0.00000114   Time=0.1  Run Time=506.3
FIRESTARTER_OPTIMIZE: Seed=0  Test=139  Generation=  3  Result=0.00000131  Best=0.00000114   Time=0.1  Run Time=506.5
FIRESTARTER_OPTIMIZE: Seed=0  Test=139  Generation=  4  Result=0.00013019  Best=0.00000114   Time=0.1  Run Time=506.6
FIRESTARTER_OPTIMIZE: Seed=0  Test=139  Generation=  5  Result=0.00043337  Best=0.00000114   Time=0.1  Run Time=506.8
FIRESTARTER_OPTIMIZE: Seed=0  Test=139  Generation=  6  Result=0.00002864  Best=0.00000114   Time=0.1  Run Time=506.9
FIRESTARTER_OPTIMIZE: Seed=0  Test=139  Generation=  7  Result=0.00022292  Best=0.00000114   Time=0.1  Run Time=507.1
FIRESTARTER_OPTIMIZE: Seed=0  Test=139  Generation=  8  Result=0.00026293  Best=0.00000114   Time=0.1  Run Time=507.2
FIRESTARTER_OPTIMIZE: Seed=0  Test=139  Generation=  9  Result=0.00004356  Best=0.00000114   Time=0.1  Run Time=507.4
FIRESTARTER_OPTIMIZE: Seed=0  Test=139  Generation= 10  Result=0.00038155  Best=0.00000114   Time=0.1  Run Time=507.5
FIRESTARTER_OPTIMIZE: Seed=0  Test=139  Generation= 11 *Result=0.00000037  Best=0.00000037   Time=0.1  Run Time=507.7
