CUDA devices = 1
Device 0: NVIDIA GeForce RTX 4090

variations = 1
samples = 15
instructions = 32
registers = 30
opcodes = 2
patternOpcodes = 4

targetMin = 0.000000f
targetMax = 6.283185f
target = 0.000001f

mode = FIRESTARTER_OPTIMIZE
evolveSeed = 0
optimizeSeed = 0
tests = 256
streams = 1
units = 1
states = 1
generations = 0
population = 65536
iterations = 64
passes = 512
candidates = 16
attempts = 0
optimize = 1

scale = 0.200000f
startScale = 2.500000f
startResult = 10.000000f

FIRESTARTER_OPTIMIZE: Seed=0  Test=106  Generation=  2 *Result=0.00000679  Best=0.00000679   Time=0.1  Run Time=439.9
FIRESTARTER_OPTIMIZE: Seed=0  Test=106  Generation=  3  Result=0.00223487  Best=0.00000679   Time=0.1  Run Time=440.4
FIRESTARTER_OPTIMIZE: Seed=0  Test=106  Generation=  4  Result=0.00062859  Best=0.00000679   Time=0.1  Run Time=440.8
FIRESTARTER_OPTIMIZE: Seed=0  Test=106  Generation=  5  Result=0.00011139  Best=0.00000679   Time=0.1  Run Time=441.2
FIRESTARTER_OPTIMIZE: Seed=0  Test=106  Generation=  6  Result=0.00067226  Best=0.00000679   Time=0.1  Run Time=441.7
FIRESTARTER_OPTIMIZE: Seed=0  Test=106  Generation=  7  Result=0.00005686  Best=0.00000679   Time=0.1  Run Time=442.1
FIRESTARTER_OPTIMIZE: Seed=0  Test=106  Generation=  8 *Result=0.00000053  Best=0.00000053   Time=0.1  Run Time=442.5
