CUDA devices = 1
Device 0: NVIDIA GeForce RTX 4090

variations = 1
instructions = 32
registers = 30
opcodes = 2
patternOpcodes = 4

targetMin = 0.000000f
targetMax = 6.283185f
target = 0.000001f

mode = FIRESTARTER_OPTIMIZE
evolveSeed = 1
optimizeSeed = 1
tests = 256
streams = 1
units = 1
states = 1
generations = 0
population = 49152
passes = 384
attempts = 0
optimize = 1

scale = 0.300000f
startScale = 2.500000f
startResult = 10.000000f

FIRESTARTER_OPTIMIZE: Seed=1  Test=169  Generation=  2 *Result=0.00000284  Best=0.00000284   Time=0.1  Run Time=503.9
FIRESTARTER_OPTIMIZE: Seed=1  Test=169  Generation=  3  Result=0.00015875  Best=0.00000284   Time=0.1  Run Time=504.2
FIRESTARTER_OPTIMIZE: Seed=1  Test=169  Generation=  4  Result=0.00237893  Best=0.00000284   Time=0.1  Run Time=504.5
FIRESTARTER_OPTIMIZE: Seed=1  Test=169  Generation=  5  Result=0.00090593  Best=0.00000284   Time=0.1  Run Time=504.8
FIRESTARTER_OPTIMIZE: Seed=1  Test=169  Generation=  6  Result=0.00000292  Best=0.00000284   Time=0.1  Run Time=505.1
FIRESTARTER_OPTIMIZE: Seed=1  Test=169  Generation=  7  Result=0.00000741  Best=0.00000284   Time=0.1  Run Time=505.4
FIRESTARTER_OPTIMIZE: Seed=1  Test=169  Generation=  8  Result=0.00067013  Best=0.00000284   Time=0.1  Run Time=505.7
FIRESTARTER_OPTIMIZE: Seed=1  Test=169  Generation=  9 *Result=0.00000029  Best=0.00000029   Time=0.1  Run Time=506.0
