CUDA devices = 1
Device 0: NVIDIA GeForce RTX 4090

variations = 1
instructions = 32
registers = 30
opcodes = 2
patternOpcodes = 4

targetMin = 0.000000f
targetMax = 6.283185f
target = 0.000001f

mode = FIRESTARTER_OPTIMIZE
evolveSeed = 1
optimizeSeed = 1
tests = 256
streams = 1
units = 1
states = 1
generations = 0
population = 49152
passes = 384
attempts = 0
optimize = 1

scale = 0.300000f
startScale = 2.500000f
startResult = 10.000000f

FIRESTARTER_OPTIMIZE: Seed=1  Test=15  Generation=  2 *Result=0.00028997  Best=0.00028997   Time=0.1  Run Time=37.0
FIRESTARTER_OPTIMIZE: Seed=1  Test=15  Generation=  3 *Result=0.00000160  Best=0.00000160   Time=0.1  Run Time=37.3
FIRESTARTER_OPTIMIZE: Seed=1  Test=15  Generation=  4  Result=0.00022305  Best=0.00000160   Time=0.1  Run Time=37.6
FIRESTARTER_OPTIMIZE: Seed=1  Test=15  Generation=  5  Result=0.00006515  Best=0.00000160   Time=0.1  Run Time=38.0
FIRESTARTER_OPTIMIZE: Seed=1  Test=15  Generation=  6  Result=0.00001362  Best=0.00000160   Time=0.1  Run Time=38.3
FIRESTARTER_OPTIMIZE: Seed=1  Test=15  Generation=  7  Result=0.00018228  Best=0.00000160   Time=0.1  Run Time=38.7
FIRESTARTER_OPTIMIZE: Seed=1  Test=15  Generation=  8  Result=0.00013167  Best=0.00000160   Time=0.1  Run Time=39.0
FIRESTARTER_OPTIMIZE: Seed=1  Test=15  Generation=  9  Result=0.00000277  Best=0.00000160   Time=0.1  Run Time=39.3
FIRESTARTER_OPTIMIZE: Seed=1  Test=15  Generation= 10  Result=0.00033438  Best=0.00000160   Time=0.1  Run Time=39.6
FIRESTARTER_OPTIMIZE: Seed=1  Test=15  Generation= 11 *Result=0.00000018  Best=0.00000018   Time=0.1  Run Time=40.0
