CUDA devices = 1
Device 0: NVIDIA GeForce RTX 4090

variations = 1
samples = 15
instructions = 28
registers = 28
opcodes = 2
patternOpcodes = 4

targetMin = 0.000000f
targetMax = 6.283185f
target = 0.000001f

mode = FIRESTARTER_OPTIMIZE
evolveSeed = 0
optimizeSeed = 0
tests = 256
streams = 1
units = 1
states = 1
generations = 0
population = 65536
iterations = 64
passes = 512
candidates = 16
attempts = 0
optimize = 1

scale = 0.300000f
startScale = 2.500000f
startResult = 10.000000f

FIRESTARTER_OPTIMIZE: Seed=0  Test=233  Generation=  2 *Result=0.00015545  Best=0.00015545   Time=0.1  Run Time=830.5
FIRESTARTER_OPTIMIZE: Seed=0  Test=233  Generation=  3 *Result=0.00007646  Best=0.00007646   Time=0.1  Run Time=830.9
FIRESTARTER_OPTIMIZE: Seed=0  Test=233  Generation=  4  Result=0.00012225  Best=0.00007646   Time=0.1  Run Time=831.4
FIRESTARTER_OPTIMIZE: Seed=0  Test=233  Generation=  5 *Result=0.00000762  Best=0.00000762   Time=0.1  Run Time=831.8
FIRESTARTER_OPTIMIZE: Seed=0  Test=233  Generation=  6 *Result=0.00000191  Best=0.00000191   Time=0.1  Run Time=832.2
FIRESTARTER_OPTIMIZE: Seed=0  Test=233  Generation=  7  Result=0.00179904  Best=0.00000191   Time=0.1  Run Time=832.7
FIRESTARTER_OPTIMIZE: Seed=0  Test=233  Generation=  8  Result=0.00008234  Best=0.00000191   Time=0.1  Run Time=833.1
FIRESTARTER_OPTIMIZE: Seed=0  Test=233  Generation=  9  Result=0.00009995  Best=0.00000191   Time=0.1  Run Time=833.6
FIRESTARTER_OPTIMIZE: Seed=0  Test=233  Generation= 10  Result=0.00221084  Best=0.00000191   Time=0.1  Run Time=834.0
FIRESTARTER_OPTIMIZE: Seed=0  Test=233  Generation= 11 *Result=0.00000030  Best=0.00000030   Time=0.1  Run Time=834.4
