CUDA devices = 1
Device 0: NVIDIA GeForce RTX 4090

variations = 1
instructions = 32
registers = 30
opcodes = 2
patternOpcodes = 4

targetMin = 0.000000f
targetMax = 6.283185f
target = 0.000001f

mode = FIRESTARTER_OPTIMIZE
evolveSeed = 0
optimizeSeed = 0
tests = 256
streams = 1
units = 1
states = 1
generations = 0
population = 65536
passes = 512
attempts = 0
optimize = 1

scale = 0.300000f
startScale = 2.500000f
startResult = 10.000000f

FIRESTARTER_OPTIMIZE: Seed=0  Test=70  Generation=  2 *Result=0.00000790  Best=0.00000790   Time=0.1  Run Time=199.9
FIRESTARTER_OPTIMIZE: Seed=0  Test=70  Generation=  3  Result=0.00087863  Best=0.00000790   Time=0.1  Run Time=200.3
FIRESTARTER_OPTIMIZE: Seed=0  Test=70  Generation=  4  Result=0.00023300  Best=0.00000790   Time=0.1  Run Time=200.7
FIRESTARTER_OPTIMIZE: Seed=0  Test=70  Generation=  5  Result=0.00003340  Best=0.00000790   Time=0.1  Run Time=201.1
FIRESTARTER_OPTIMIZE: Seed=0  Test=70  Generation=  6  Result=0.00000823  Best=0.00000790   Time=0.1  Run Time=201.4
FIRESTARTER_OPTIMIZE: Seed=0  Test=70  Generation=  7  Result=0.00012210  Best=0.00000790   Time=0.1  Run Time=201.8
FIRESTARTER_OPTIMIZE: Seed=0  Test=70  Generation=  8  Result=0.00008326  Best=0.00000790   Time=0.1  Run Time=202.2
FIRESTARTER_OPTIMIZE: Seed=0  Test=70  Generation=  9  Result=0.00135906  Best=0.00000790   Time=0.1  Run Time=202.6
FIRESTARTER_OPTIMIZE: Seed=0  Test=70  Generation= 10 *Result=0.00000024  Best=0.00000024   Time=0.1  Run Time=203.0
