CUDA devices = 1
Device 0: NVIDIA GeForce RTX 4090

variations = 1
instructions = 32
registers = 30
opcodes = 2
patternOpcodes = 4

targetMin = 0.000000f
targetMax = 6.283185f
target = 0.000001f

mode = FIRESTARTER_OPTIMIZE
evolveSeed = 1
optimizeSeed = 1
tests = 256
streams = 1
units = 1
states = 1
generations = 0
population = 65536
passes = 384
attempts = 0
optimize = 1

scale = 0.300000f
startScale = 2.500000f
startResult = 10.000000f

FIRESTARTER_OPTIMIZE: Seed=1  Test=233  Generation=  2 *Result=0.00001277  Best=0.00001277   Time=0.1  Run Time=595.8
FIRESTARTER_OPTIMIZE: Seed=1  Test=233  Generation=  3 *Result=0.00000136  Best=0.00000136   Time=0.1  Run Time=596.1
FIRESTARTER_OPTIMIZE: Seed=1  Test=233  Generation=  4  Result=0.00001131  Best=0.00000136   Time=0.1  Run Time=596.5
FIRESTARTER_OPTIMIZE: Seed=1  Test=233  Generation=  5  Result=0.00025133  Best=0.00000136   Time=0.1  Run Time=596.8
FIRESTARTER_OPTIMIZE: Seed=1  Test=233  Generation=  6  Result=0.00216616  Best=0.00000136   Time=0.1  Run Time=597.2
FIRESTARTER_OPTIMIZE: Seed=1  Test=233  Generation=  7  Result=0.00019350  Best=0.00000136   Time=0.1  Run Time=597.6
FIRESTARTER_OPTIMIZE: Seed=1  Test=233  Generation=  8  Result=0.00005311  Best=0.00000136   Time=0.1  Run Time=597.9
FIRESTARTER_OPTIMIZE: Seed=1  Test=233  Generation=  9 *Result=0.00000026  Best=0.00000026   Time=0.1  Run Time=598.3
