CUDA devices = 1
Device 0: NVIDIA GeForce RTX 4090

variations = 1
instructions = 32
registers = 30
opcodes = 2
patternOpcodes = 4

targetMin = 0.000000f
targetMax = 6.283185f
target = 0.000001f

mode = FIRESTARTER_OPTIMIZE
evolveSeed = 1
optimizeSeed = 1
tests = 256
streams = 1
units = 1
states = 1
generations = 0
population = 65536
passes = 512
attempts = 0
optimize = 1

scale = 0.300000f
startScale = 2.500000f
startResult = 10.000000f

FIRESTARTER_OPTIMIZE: Seed=1  Test=108  Generation=  2 *Result=0.00000252  Best=0.00000252   Time=0.1  Run Time=328.3
FIRESTARTER_OPTIMIZE: Seed=1  Test=108  Generation=  3  Result=0.00003218  Best=0.00000252   Time=0.1  Run Time=328.7
FIRESTARTER_OPTIMIZE: Seed=1  Test=108  Generation=  4  Result=0.00013173  Best=0.00000252   Time=0.1  Run Time=329.1
FIRESTARTER_OPTIMIZE: Seed=1  Test=108  Generation=  5  Result=0.00012766  Best=0.00000252   Time=0.1  Run Time=329.5
FIRESTARTER_OPTIMIZE: Seed=1  Test=108  Generation=  6  Result=0.00005203  Best=0.00000252   Time=0.1  Run Time=329.8
FIRESTARTER_OPTIMIZE: Seed=1  Test=108  Generation=  7  Result=0.00035799  Best=0.00000252   Time=0.1  Run Time=330.2
FIRESTARTER_OPTIMIZE: Seed=1  Test=108  Generation=  8  Result=0.00018519  Best=0.00000252   Time=0.1  Run Time=330.5
FIRESTARTER_OPTIMIZE: Seed=1  Test=108  Generation=  9  Result=0.00224160  Best=0.00000252   Time=0.1  Run Time=330.9
FIRESTARTER_OPTIMIZE: Seed=1  Test=108  Generation= 10  Result=0.00003666  Best=0.00000252   Time=0.1  Run Time=331.2
FIRESTARTER_OPTIMIZE: Seed=1  Test=108  Generation= 11 *Result=0.00000080  Best=0.00000080   Time=0.1  Run Time=331.6
