CUDA devices = 1
Device 0: NVIDIA GeForce RTX 4090

variations = 1
instructions = 32
registers = 30
opcodes = 2
patternOpcodes = 4

targetMin = 0.000000f
targetMax = 6.283185f
target = 0.000001f

mode = FIRESTARTER_OPTIMIZE
evolveSeed = 0
optimizeSeed = 0
tests = 256
streams = 1
units = 1
states = 1
generations = 0
population = 49152
passes = 256
attempts = 0
optimize = 1

scale = 0.300000f
startScale = 2.500000f
startResult = 10.000000f

FIRESTARTER_OPTIMIZE: Seed=0  Test=153  Generation=  2 *Result=0.00045580  Best=0.00045580   Time=0.1  Run Time=425.2
FIRESTARTER_OPTIMIZE: Seed=0  Test=153  Generation=  3 *Result=0.00023327  Best=0.00023327   Time=0.1  Run Time=425.6
FIRESTARTER_OPTIMIZE: Seed=0  Test=153  Generation=  4  Result=0.00085363  Best=0.00023327   Time=0.1  Run Time=425.9
FIRESTARTER_OPTIMIZE: Seed=0  Test=153  Generation=  5  Result=0.00109547  Best=0.00023327   Time=0.1  Run Time=426.2
FIRESTARTER_OPTIMIZE: Seed=0  Test=153  Generation=  6 *Result=0.00020659  Best=0.00020659   Time=0.1  Run Time=426.5
FIRESTARTER_OPTIMIZE: Seed=0  Test=153  Generation=  7 *Result=0.00005755  Best=0.00005755   Time=0.1  Run Time=426.8
FIRESTARTER_OPTIMIZE: Seed=0  Test=153  Generation=  8 *Result=0.00001341  Best=0.00001341   Time=0.1  Run Time=427.1
FIRESTARTER_OPTIMIZE: Seed=0  Test=153  Generation=  9  Result=0.00221591  Best=0.00001341   Time=0.1  Run Time=427.4
FIRESTARTER_OPTIMIZE: Seed=0  Test=153  Generation= 10 *Result=0.00000036  Best=0.00000036   Time=0.1  Run Time=427.7
