CUDA devices = 1
Device 0: NVIDIA GeForce RTX 4090 Laptop GPU

variations = 1
instructions = 32
registers = 30
opcodes = 2
patternOpcodes = 4

targetMin = 0.000000f
targetMax = 6.283185f
target = 0.000001f

mode = FIRESTARTER_OPTIMIZE
evolveSeed = 0
optimizeSeed = 0
tests = 256
streams = 1
units = 1
states = 1
generations = 0
population = 65536
passes = 384
attempts = 0
optimize = 1

scale = 0.300000f
startScale = 2.500000f
startResult = 10.000000f

FIRESTARTER_OPTIMIZE: Seed=0  Test=133  Generation=  2 *Result=0.00031763  Best=0.00031763   Time=0.1  Run Time=626.3
FIRESTARTER_OPTIMIZE: Seed=0  Test=133  Generation=  3  Result=0.00614417  Best=0.00031763   Time=0.1  Run Time=626.9
FIRESTARTER_OPTIMIZE: Seed=0  Test=133  Generation=  4 *Result=0.00001484  Best=0.00001484   Time=0.1  Run Time=627.5
FIRESTARTER_OPTIMIZE: Seed=0  Test=133  Generation=  5  Result=0.00005166  Best=0.00001484   Time=0.1  Run Time=628.0
FIRESTARTER_OPTIMIZE: Seed=0  Test=133  Generation=  6  Result=0.00009482  Best=0.00001484   Time=0.1  Run Time=628.6
FIRESTARTER_OPTIMIZE: Seed=0  Test=133  Generation=  7  Result=0.00007832  Best=0.00001484   Time=0.1  Run Time=629.2
FIRESTARTER_OPTIMIZE: Seed=0  Test=133  Generation=  8  Result=0.00023156  Best=0.00001484   Time=0.1  Run Time=629.8
FIRESTARTER_OPTIMIZE: Seed=0  Test=133  Generation=  9  Result=0.00005097  Best=0.00001484   Time=0.1  Run Time=630.4
FIRESTARTER_OPTIMIZE: Seed=0  Test=133  Generation= 10  Result=0.00020438  Best=0.00001484   Time=0.1  Run Time=631.0
FIRESTARTER_OPTIMIZE: Seed=0  Test=133  Generation= 11 *Result=0.00000014  Best=0.00000014   Time=0.1  Run Time=631.6
