CUDA devices = 1
Device 0: NVIDIA GeForce RTX 4090

variations = 1
samples = 15
instructions = 32
registers = 30
opcodes = 2
patternOpcodes = 4

targetMin = 0.000000f
targetMax = 6.283185f
target = 0.000001f

mode = FIRESTARTER_OPTIMIZE
evolveSeed = 0
optimizeSeed = 0
tests = 256
streams = 1
units = 1
states = 1
generations = 0
population = 65536
iterations = 64
passes = 500
candidates = 16
attempts = 0
optimize = 1

scale = 0.100000f
startScale = 2.000000f
startResult = 10.000000f

FIRESTARTER_OPTIMIZE: Seed=0  Test=38  Generation=  2 *Result=0.00000560  Best=0.00000560   Time=0.1  Run Time=291.3
FIRESTARTER_OPTIMIZE: Seed=0  Test=38  Generation=  3  Result=0.00018322  Best=0.00000560   Time=0.1  Run Time=291.7
FIRESTARTER_OPTIMIZE: Seed=0  Test=38  Generation=  4  Result=0.00011272  Best=0.00000560   Time=0.1  Run Time=292.1
FIRESTARTER_OPTIMIZE: Seed=0  Test=38  Generation=  5  Result=0.00031195  Best=0.00000560   Time=0.1  Run Time=292.5
FIRESTARTER_OPTIMIZE: Seed=0  Test=38  Generation=  6  Result=0.00615333  Best=0.00000560   Time=0.1  Run Time=292.9
FIRESTARTER_OPTIMIZE: Seed=0  Test=38  Generation=  7  Result=0.00001448  Best=0.00000560   Time=0.1  Run Time=293.3
FIRESTARTER_OPTIMIZE: Seed=0  Test=38  Generation=  8  Result=0.00010848  Best=0.00000560   Time=0.1  Run Time=293.7
FIRESTARTER_OPTIMIZE: Seed=0  Test=38  Generation=  9  Result=0.00170045  Best=0.00000560   Time=0.1  Run Time=294.1
FIRESTARTER_OPTIMIZE: Seed=0  Test=38  Generation= 10  Result=0.00044137  Best=0.00000560   Time=0.1  Run Time=294.5
FIRESTARTER_OPTIMIZE: Seed=0  Test=38  Generation= 11 *Result=0.00000019  Best=0.00000019   Time=0.1  Run Time=294.9
