CUDA devices = 1
Device 0: NVIDIA GeForce RTX 4090

variations = 1
samples = 15
instructions = 32
registers = 30
opcodes = 2
patternOpcodes = 4

targetMin = 0.000000f
targetMax = 6.283185f
target = 0.000001f

mode = FIRESTARTER_OPTIMIZE
evolveSeed = 123
optimizeSeed = 123
tests = 256
streams = 1
units = 1
states = 1
generations = 0
population = 65536
iterations = 64
passes = 512
candidates = 16
attempts = 0
optimize = 1

scale = 0.300000f
startScale = 2.500000f
startResult = 10.000000f

FIRESTARTER_OPTIMIZE: Seed=123  Test=32  Generation=  2 *Result=0.00033223  Best=0.00033223   Time=0.1  Run Time=78.6
FIRESTARTER_OPTIMIZE: Seed=123  Test=32  Generation=  3 *Result=0.00027970  Best=0.00027970   Time=0.1  Run Time=79.1
FIRESTARTER_OPTIMIZE: Seed=123  Test=32  Generation=  4  Result=0.00225401  Best=0.00027970   Time=0.1  Run Time=79.6
FIRESTARTER_OPTIMIZE: Seed=123  Test=32  Generation=  5 *Result=0.00000577  Best=0.00000577   Time=0.1  Run Time=80.0
FIRESTARTER_OPTIMIZE: Seed=123  Test=32  Generation=  6  Result=0.00019119  Best=0.00000577   Time=0.1  Run Time=80.5
FIRESTARTER_OPTIMIZE: Seed=123  Test=32  Generation=  7  Result=0.00007513  Best=0.00000577   Time=0.1  Run Time=80.9
FIRESTARTER_OPTIMIZE: Seed=123  Test=32  Generation=  8  Result=0.00018239  Best=0.00000577   Time=0.1  Run Time=81.4
FIRESTARTER_OPTIMIZE: Seed=123  Test=32  Generation=  9 *Result=0.00000014  Best=0.00000014   Time=0.1  Run Time=81.8
