CUDA devices = 1
Device 0: NVIDIA GeForce RTX 4090

variations = 1
samples = 15
instructions = 32
registers = 30
opcodes = 2
patternOpcodes = 4

targetMin = 0.000000f
targetMax = 6.283185f
target = 0.000001f

mode = FIRESTARTER_OPTIMIZE
evolveSeed = 0
optimizeSeed = 0
tests = 256
streams = 1
units = 1
states = 1
generations = 0
population = 65536
iterations = 64
passes = 500
candidates = 16
attempts = 0
optimize = 1

scale = 0.100000f
startScale = 2.000000f
startResult = 10.000000f

FIRESTARTER_OPTIMIZE: Seed=0  Test=47  Generation=  2 *Result=0.00090327  Best=0.00090327   Time=0.1  Run Time=388.5
FIRESTARTER_OPTIMIZE: Seed=0  Test=47  Generation=  3 *Result=0.00000759  Best=0.00000759   Time=0.1  Run Time=388.8
FIRESTARTER_OPTIMIZE: Seed=0  Test=47  Generation=  4  Result=0.00038320  Best=0.00000759   Time=0.1  Run Time=389.2
FIRESTARTER_OPTIMIZE: Seed=0  Test=47  Generation=  5  Result=0.00019106  Best=0.00000759   Time=0.1  Run Time=389.6
FIRESTARTER_OPTIMIZE: Seed=0  Test=47  Generation=  6  Result=0.00058305  Best=0.00000759   Time=0.1  Run Time=390.0
FIRESTARTER_OPTIMIZE: Seed=0  Test=47  Generation=  7  Result=0.00001457  Best=0.00000759   Time=0.1  Run Time=390.3
FIRESTARTER_OPTIMIZE: Seed=0  Test=47  Generation=  8  Result=0.00614346  Best=0.00000759   Time=0.1  Run Time=390.7
FIRESTARTER_OPTIMIZE: Seed=0  Test=47  Generation=  9  Result=0.00001886  Best=0.00000759   Time=0.1  Run Time=391.1
FIRESTARTER_OPTIMIZE: Seed=0  Test=47  Generation= 10  Result=0.00059537  Best=0.00000759   Time=0.1  Run Time=391.5
FIRESTARTER_OPTIMIZE: Seed=0  Test=47  Generation= 11 *Result=0.00000352  Best=0.00000352   Time=0.1  Run Time=391.9
FIRESTARTER_OPTIMIZE: Seed=0  Test=47  Generation= 12 *Result=0.00000046  Best=0.00000046   Time=0.1  Run Time=392.3
