CUDA devices = 1
Device 0: NVIDIA GeForce RTX 4090

variations = 1
samples = 15
instructions = 32
registers = 30
opcodes = 2
patternOpcodes = 4

targetMin = 0.000000f
targetMax = 6.283185f
target = 0.000001f

mode = FIRESTARTER_OPTIMIZE
evolveSeed = 0
optimizeSeed = 0
tests = 256
streams = 1
units = 1
states = 1
generations = 0
population = 65536
iterations = 64
passes = 512
candidates = 16
attempts = 0
optimize = 1

scale = 0.150000f
startScale = 2.500000f
startResult = 10.000000f

FIRESTARTER_OPTIMIZE: Seed=0  Test=38  Generation=  2 *Result=0.00018966  Best=0.00018966   Time=0.1  Run Time=198.9
FIRESTARTER_OPTIMIZE: Seed=0  Test=38  Generation=  3 *Result=0.00012730  Best=0.00012730   Time=0.1  Run Time=199.4
FIRESTARTER_OPTIMIZE: Seed=0  Test=38  Generation=  4  Result=0.00043186  Best=0.00012730   Time=0.1  Run Time=199.8
FIRESTARTER_OPTIMIZE: Seed=0  Test=38  Generation=  5  Result=0.00614468  Best=0.00012730   Time=0.1  Run Time=200.3
FIRESTARTER_OPTIMIZE: Seed=0  Test=38  Generation=  6  Result=0.00029233  Best=0.00012730   Time=0.1  Run Time=200.8
FIRESTARTER_OPTIMIZE: Seed=0  Test=38  Generation=  7 *Result=0.00000904  Best=0.00000904   Time=0.1  Run Time=201.3
FIRESTARTER_OPTIMIZE: Seed=0  Test=38  Generation=  8 *Result=0.00000755  Best=0.00000755   Time=0.1  Run Time=201.8
FIRESTARTER_OPTIMIZE: Seed=0  Test=38  Generation=  9  Result=0.00076811  Best=0.00000755   Time=0.1  Run Time=202.2
FIRESTARTER_OPTIMIZE: Seed=0  Test=38  Generation= 10  Result=0.00614142  Best=0.00000755   Time=0.1  Run Time=202.7
FIRESTARTER_OPTIMIZE: Seed=0  Test=38  Generation= 11  Result=0.00614199  Best=0.00000755   Time=0.1  Run Time=203.2
FIRESTARTER_OPTIMIZE: Seed=0  Test=38  Generation= 12 *Result=0.00000015  Best=0.00000015   Time=0.1  Run Time=203.6
