CUDA devices = 1
Device 0: NVIDIA GeForce RTX 4090

variations = 1
samples = 15
instructions = 32
registers = 30
opcodes = 2
patternOpcodes = 4

targetMin = 0.000000f
targetMax = 6.283185f
target = 0.000001f

mode = FIRESTARTER_OPTIMIZE
evolveSeed = 0
optimizeSeed = 0
tests = 256
streams = 1
units = 1
states = 1
generations = 0
population = 65536
iterations = 64
passes = 512
candidates = 16
attempts = 0
optimize = 1

scale = 0.100000f
startScale = 2.500000f
startResult = 10.000000f

FIRESTARTER_OPTIMIZE: Seed=0  Test=135  Generation=  2 *Result=0.00066674  Best=0.00066674   Time=0.1  Run Time=765.6
FIRESTARTER_OPTIMIZE: Seed=0  Test=135  Generation=  3 *Result=0.00066494  Best=0.00066494   Time=0.1  Run Time=766.1
FIRESTARTER_OPTIMIZE: Seed=0  Test=135  Generation=  4 *Result=0.00004167  Best=0.00004167   Time=0.1  Run Time=766.5
FIRESTARTER_OPTIMIZE: Seed=0  Test=135  Generation=  5 *Result=0.00000197  Best=0.00000197   Time=0.1  Run Time=767.0
FIRESTARTER_OPTIMIZE: Seed=0  Test=135  Generation=  6  Result=0.00000474  Best=0.00000197   Time=0.1  Run Time=767.4
FIRESTARTER_OPTIMIZE: Seed=0  Test=135  Generation=  7 *Result=0.00000063  Best=0.00000063   Time=0.1  Run Time=767.9
