CUDA devices = 1
Device 0: NVIDIA GeForce RTX 4090

variations = 1
samples = 15
instructions = 32
registers = 30
opcodes = 2
patternOpcodes = 4

targetMin = 0.000000f
targetMax = 6.283185f
target = 0.000001f

mode = FIRESTARTER_OPTIMIZE
evolveSeed = 0
optimizeSeed = 0
tests = 256
streams = 1
units = 1
states = 1
generations = 0
population = 65536
iterations = 64
passes = 512
candidates = 16
attempts = 0
optimize = 1

scale = 0.300000f
startScale = 2.500000f
startResult = 10.000000f

FIRESTARTER_OPTIMIZE: Seed=0  Test=149  Generation=  2 *Result=0.00001430  Best=0.00001430   Time=0.1  Run Time=625.7
FIRESTARTER_OPTIMIZE: Seed=0  Test=149  Generation=  3  Result=0.00022328  Best=0.00001430   Time=0.1  Run Time=626.2
FIRESTARTER_OPTIMIZE: Seed=0  Test=149  Generation=  4  Result=0.00018317  Best=0.00001430   Time=0.1  Run Time=626.7
FIRESTARTER_OPTIMIZE: Seed=0  Test=149  Generation=  5  Result=0.00002989  Best=0.00001430   Time=0.1  Run Time=627.1
FIRESTARTER_OPTIMIZE: Seed=0  Test=149  Generation=  6  Result=0.00006726  Best=0.00001430   Time=0.1  Run Time=627.6
FIRESTARTER_OPTIMIZE: Seed=0  Test=149  Generation=  7  Result=0.00111552  Best=0.00001430   Time=0.1  Run Time=628.1
FIRESTARTER_OPTIMIZE: Seed=0  Test=149  Generation=  8  Result=0.00004991  Best=0.00001430   Time=0.1  Run Time=628.6
FIRESTARTER_OPTIMIZE: Seed=0  Test=149  Generation=  9  Result=0.00005227  Best=0.00001430   Time=0.1  Run Time=629.1
FIRESTARTER_OPTIMIZE: Seed=0  Test=149  Generation= 10  Result=0.00001675  Best=0.00001430   Time=0.1  Run Time=629.5
FIRESTARTER_OPTIMIZE: Seed=0  Test=149  Generation= 11  Result=0.00029826  Best=0.00001430   Time=0.1  Run Time=630.0
FIRESTARTER_OPTIMIZE: Seed=0  Test=149  Generation= 12  Result=0.00067502  Best=0.00001430   Time=0.1  Run Time=630.5
FIRESTARTER_OPTIMIZE: Seed=0  Test=149  Generation= 13 *Result=0.00000017  Best=0.00000017   Time=0.1  Run Time=630.9
