CUDA devices = 1
Device 0: NVIDIA GeForce RTX 4090

variations = 1
samples = 15
instructions = 32
registers = 30
opcodes = 2
patternOpcodes = 4

targetMin = 0.000000f
targetMax = 6.283185f
target = 0.000001f

mode = FIRESTARTER_OPTIMIZE
evolveSeed = 0
optimizeSeed = 0
tests = 256
streams = 1
units = 1
states = 1
generations = 0
population = 65536
iterations = 64
passes = 512
candidates = 16
attempts = 0
optimize = 1

scale = 0.150000f
startScale = 2.500000f
startResult = 10.000000f

FIRESTARTER_OPTIMIZE: Seed=0  Test=42  Generation=  2 *Result=0.00221133  Best=0.00221133   Time=0.1  Run Time=216.8
FIRESTARTER_OPTIMIZE: Seed=0  Test=42  Generation=  3 *Result=0.00008784  Best=0.00008784   Time=0.1  Run Time=217.2
FIRESTARTER_OPTIMIZE: Seed=0  Test=42  Generation=  4 *Result=0.00006996  Best=0.00006996   Time=0.1  Run Time=217.7
FIRESTARTER_OPTIMIZE: Seed=0  Test=42  Generation=  5  Result=0.00615120  Best=0.00006996   Time=0.1  Run Time=218.2
FIRESTARTER_OPTIMIZE: Seed=0  Test=42  Generation=  6  Result=0.00011939  Best=0.00006996   Time=0.1  Run Time=218.7
FIRESTARTER_OPTIMIZE: Seed=0  Test=42  Generation=  7  Result=0.00019303  Best=0.00006996   Time=0.1  Run Time=219.1
FIRESTARTER_OPTIMIZE: Seed=0  Test=42  Generation=  8  Result=0.00008720  Best=0.00006996   Time=0.1  Run Time=219.6
FIRESTARTER_OPTIMIZE: Seed=0  Test=42  Generation=  9 *Result=0.00000688  Best=0.00000688   Time=0.1  Run Time=220.0
FIRESTARTER_OPTIMIZE: Seed=0  Test=42  Generation= 10  Result=0.00404656  Best=0.00000688   Time=0.1  Run Time=220.5
FIRESTARTER_OPTIMIZE: Seed=0  Test=42  Generation= 11  Result=0.00614083  Best=0.00000688   Time=0.1  Run Time=221.0
FIRESTARTER_OPTIMIZE: Seed=0  Test=42  Generation= 12  Result=0.00020421  Best=0.00000688   Time=0.1  Run Time=221.5
FIRESTARTER_OPTIMIZE: Seed=0  Test=42  Generation= 13  Result=0.00015771  Best=0.00000688   Time=0.1  Run Time=221.9
FIRESTARTER_OPTIMIZE: Seed=0  Test=42  Generation= 14 *Result=0.00000099  Best=0.00000099   Time=0.1  Run Time=222.4
