CUDA devices = 1
Device 0: NVIDIA GeForce RTX 4090

variations = 1
samples = 15
instructions = 32
registers = 30
opcodes = 2
patternOpcodes = 4

targetMin = 0.000000f
targetMax = 6.283185f
target = 0.000001f

mode = FIRESTARTER_OPTIMIZE
evolveSeed = 0
optimizeSeed = 0
tests = 256
streams = 1
units = 1
states = 1
generations = 0
population = 65536
iterations = 64
passes = 512
candidates = 16
attempts = 0
optimize = 1

scale = 0.100000f
startScale = 2.500000f
startResult = 10.000000f

FIRESTARTER_OPTIMIZE: Seed=0  Test=182  Generation=  2 *Result=0.00002459  Best=0.00002459   Time=0.1  Run Time=992.6
FIRESTARTER_OPTIMIZE: Seed=0  Test=182  Generation=  3  Result=0.00007561  Best=0.00002459   Time=0.1  Run Time=993.0
FIRESTARTER_OPTIMIZE: Seed=0  Test=182  Generation=  4  Result=0.00003898  Best=0.00002459   Time=0.1  Run Time=993.5
FIRESTARTER_OPTIMIZE: Seed=0  Test=182  Generation=  5  Result=0.00002694  Best=0.00002459   Time=0.1  Run Time=993.9
FIRESTARTER_OPTIMIZE: Seed=0  Test=182  Generation=  6  Result=0.00031954  Best=0.00002459   Time=0.1  Run Time=994.4
FIRESTARTER_OPTIMIZE: Seed=0  Test=182  Generation=  7  Result=0.00025120  Best=0.00002459   Time=0.1  Run Time=994.8
FIRESTARTER_OPTIMIZE: Seed=0  Test=182  Generation=  8  Result=0.00613803  Best=0.00002459   Time=0.1  Run Time=995.3
FIRESTARTER_OPTIMIZE: Seed=0  Test=182  Generation=  9 *Result=0.00000404  Best=0.00000404   Time=0.1  Run Time=995.7
FIRESTARTER_OPTIMIZE: Seed=0  Test=182  Generation= 10  Result=0.00014593  Best=0.00000404   Time=0.1  Run Time=996.1
FIRESTARTER_OPTIMIZE: Seed=0  Test=182  Generation= 11  Result=0.00001969  Best=0.00000404   Time=0.1  Run Time=996.6
FIRESTARTER_OPTIMIZE: Seed=0  Test=182  Generation= 12  Result=0.00004999  Best=0.00000404   Time=0.1  Run Time=997.0
FIRESTARTER_OPTIMIZE: Seed=0  Test=182  Generation= 13 *Result=0.00000032  Best=0.00000032   Time=0.1  Run Time=997.4
