CUDA devices = 1
Device 0: NVIDIA GeForce RTX 4090

variations = 1
samples = 15
instructions = 32
registers = 30
opcodes = 2
patternOpcodes = 4

targetMin = 0.000000f
targetMax = 6.283185f
target = 0.000001f

mode = FIRESTARTER_OPTIMIZE
evolveSeed = 0
optimizeSeed = 0
tests = 256
streams = 1
units = 1
states = 1
generations = 0
population = 65536
iterations = 64
passes = 512
candidates = 16
attempts = 0
optimize = 1

scale = 0.300000f
startScale = 2.500000f
startResult = 10.000000f

FIRESTARTER_OPTIMIZE: Seed=0  Test=43  Generation=  2 *Result=0.00000126  Best=0.00000126   Time=0.1  Run Time=153.9
FIRESTARTER_OPTIMIZE: Seed=0  Test=43  Generation=  3  Result=0.00022030  Best=0.00000126   Time=0.1  Run Time=154.4
FIRESTARTER_OPTIMIZE: Seed=0  Test=43  Generation=  4  Result=0.00048286  Best=0.00000126   Time=0.1  Run Time=154.8
FIRESTARTER_OPTIMIZE: Seed=0  Test=43  Generation=  5  Result=0.00234924  Best=0.00000126   Time=0.1  Run Time=155.3
FIRESTARTER_OPTIMIZE: Seed=0  Test=43  Generation=  6  Result=0.00033753  Best=0.00000126   Time=0.1  Run Time=155.8
FIRESTARTER_OPTIMIZE: Seed=0  Test=43  Generation=  7  Result=0.00000221  Best=0.00000126   Time=0.1  Run Time=156.3
FIRESTARTER_OPTIMIZE: Seed=0  Test=43  Generation=  8  Result=0.00001657  Best=0.00000126   Time=0.1  Run Time=156.7
FIRESTARTER_OPTIMIZE: Seed=0  Test=43  Generation=  9  Result=0.00018146  Best=0.00000126   Time=0.1  Run Time=157.2
FIRESTARTER_OPTIMIZE: Seed=0  Test=43  Generation= 10  Result=0.00005310  Best=0.00000126   Time=0.1  Run Time=157.7
FIRESTARTER_OPTIMIZE: Seed=0  Test=43  Generation= 11  Result=0.00039533  Best=0.00000126   Time=0.1  Run Time=158.1
FIRESTARTER_OPTIMIZE: Seed=0  Test=43  Generation= 12  Result=0.00018284  Best=0.00000126   Time=0.1  Run Time=158.6
FIRESTARTER_OPTIMIZE: Seed=0  Test=43  Generation= 13 *Result=0.00000006  Best=0.00000006   Time=0.1  Run Time=159.1
