CUDA devices = 1
Device 0: NVIDIA GeForce RTX 4090

variations = 1
samples = 15
instructions = 32
registers = 30
opcodes = 2
patternOpcodes = 4

targetMin = 0.000000f
targetMax = 6.283185f
target = 0.000001f

mode = FIRESTARTER_OPTIMIZE
evolveSeed = 123
optimizeSeed = 123
tests = 256
streams = 1
units = 1
states = 1
generations = 0
population = 65536
iterations = 64
passes = 512
candidates = 16
attempts = 0
optimize = 1

scale = 0.300000f
startScale = 2.500000f
startResult = 10.000000f

FIRESTARTER_OPTIMIZE: Seed=123  Test=126  Generation=  2 *Result=0.00008291  Best=0.00008291   Time=0.1  Run Time=403.4
FIRESTARTER_OPTIMIZE: Seed=123  Test=126  Generation=  3  Result=0.00019245  Best=0.00008291   Time=0.1  Run Time=403.8
FIRESTARTER_OPTIMIZE: Seed=123  Test=126  Generation=  4  Result=0.00614948  Best=0.00008291   Time=0.1  Run Time=404.1
FIRESTARTER_OPTIMIZE: Seed=123  Test=126  Generation=  5  Result=0.00018228  Best=0.00008291   Time=0.1  Run Time=404.5
FIRESTARTER_OPTIMIZE: Seed=123  Test=126  Generation=  6 *Result=0.00000170  Best=0.00000170   Time=0.1  Run Time=404.9
FIRESTARTER_OPTIMIZE: Seed=123  Test=126  Generation=  7 *Result=0.00000115  Best=0.00000115   Time=0.1  Run Time=405.3
FIRESTARTER_OPTIMIZE: Seed=123  Test=126  Generation=  8 *Result=0.00000037  Best=0.00000037   Time=0.1  Run Time=405.6
