CUDA devices = 1
Device 0: NVIDIA GeForce RTX 4090

variations = 1
instructions = 32
registers = 30
opcodes = 2
patternOpcodes = 4

targetMin = 0.000000f
targetMax = 6.283185f
target = 0.000001f

mode = FIRESTARTER_OPTIMIZE
evolveSeed = 1
optimizeSeed = 1
tests = 256
streams = 1
units = 1
states = 1
generations = 0
population = 65536
passes = 512
attempts = 0
optimize = 1

scale = 0.300000f
startScale = 2.500000f
startResult = 10.000000f

FIRESTARTER_OPTIMIZE: Seed=1  Test=105  Generation=  2 *Result=0.00014187  Best=0.00014187   Time=0.1  Run Time=279.0
FIRESTARTER_OPTIMIZE: Seed=1  Test=105  Generation=  3  Result=0.00150916  Best=0.00014187   Time=0.1  Run Time=279.4
FIRESTARTER_OPTIMIZE: Seed=1  Test=105  Generation=  4 *Result=0.00000188  Best=0.00000188   Time=0.1  Run Time=279.8
FIRESTARTER_OPTIMIZE: Seed=1  Test=105  Generation=  5  Result=0.00000307  Best=0.00000188   Time=0.1  Run Time=280.1
FIRESTARTER_OPTIMIZE: Seed=1  Test=105  Generation=  6  Result=0.00023341  Best=0.00000188   Time=0.1  Run Time=280.5
FIRESTARTER_OPTIMIZE: Seed=1  Test=105  Generation=  7  Result=0.00022200  Best=0.00000188   Time=0.1  Run Time=280.9
FIRESTARTER_OPTIMIZE: Seed=1  Test=105  Generation=  8 *Result=0.00000025  Best=0.00000025   Time=0.1  Run Time=281.3
