CUDA devices = 1
Device 0: NVIDIA GeForce RTX 4090

variations = 1
samples = 15
instructions = 32
registers = 30
opcodes = 2
patternOpcodes = 4

targetMin = 0.000000f
targetMax = 6.283185f
target = 0.000001f

mode = FIRESTARTER_OPTIMIZE
evolveSeed = 0
optimizeSeed = 0
tests = 256
streams = 1
units = 1
states = 1
generations = 0
population = 65536
iterations = 64
passes = 512
candidates = 16
attempts = 0
optimize = 1

scale = 0.100000f
startScale = 3.000000f
startResult = 10.000000f

FIRESTARTER_OPTIMIZE: Seed=0  Test=65  Generation=  2 *Result=0.00018908  Best=0.00018908   Time=0.1  Run Time=398.5
FIRESTARTER_OPTIMIZE: Seed=0  Test=65  Generation=  3  Result=0.00614564  Best=0.00018908   Time=0.1  Run Time=398.9
FIRESTARTER_OPTIMIZE: Seed=0  Test=65  Generation=  4 *Result=0.00001766  Best=0.00001766   Time=0.1  Run Time=399.4
FIRESTARTER_OPTIMIZE: Seed=0  Test=65  Generation=  5  Result=0.00003461  Best=0.00001766   Time=0.1  Run Time=399.8
FIRESTARTER_OPTIMIZE: Seed=0  Test=65  Generation=  6  Result=0.00105662  Best=0.00001766   Time=0.1  Run Time=400.3
FIRESTARTER_OPTIMIZE: Seed=0  Test=65  Generation=  7  Result=0.00010438  Best=0.00001766   Time=0.1  Run Time=400.7
FIRESTARTER_OPTIMIZE: Seed=0  Test=65  Generation=  8  Result=0.00026986  Best=0.00001766   Time=0.1  Run Time=401.2
FIRESTARTER_OPTIMIZE: Seed=0  Test=65  Generation=  9  Result=0.00082199  Best=0.00001766   Time=0.1  Run Time=401.6
FIRESTARTER_OPTIMIZE: Seed=0  Test=65  Generation= 10 *Result=0.00000064  Best=0.00000064   Time=0.1  Run Time=402.1
