CUDA devices = 1
Device 0: NVIDIA GeForce RTX 4090

variations = 1
instructions = 32
registers = 30
opcodes = 2
patternOpcodes = 4

targetMin = 0.000000f
targetMax = 6.283185f
target = 0.000001f

mode = FIRESTARTER_OPTIMIZE
evolveSeed = 1
optimizeSeed = 1
tests = 256
streams = 1
units = 1
states = 1
generations = 0
population = 65536
passes = 512
attempts = 0
optimize = 1

scale = 0.300000f
startScale = 2.500000f
startResult = 10.000000f

FIRESTARTER_OPTIMIZE: Seed=1  Test=52  Generation=  2 *Result=0.00005275  Best=0.00005275   Time=0.1  Run Time=146.4
FIRESTARTER_OPTIMIZE: Seed=1  Test=52  Generation=  3 *Result=0.00002924  Best=0.00002924   Time=0.1  Run Time=146.7
FIRESTARTER_OPTIMIZE: Seed=1  Test=52  Generation=  4  Result=0.00003129  Best=0.00002924   Time=0.1  Run Time=147.1
FIRESTARTER_OPTIMIZE: Seed=1  Test=52  Generation=  5  Result=0.00004852  Best=0.00002924   Time=0.1  Run Time=147.5
FIRESTARTER_OPTIMIZE: Seed=1  Test=52  Generation=  6  Result=0.00022596  Best=0.00002924   Time=0.1  Run Time=147.8
FIRESTARTER_OPTIMIZE: Seed=1  Test=52  Generation=  7 *Result=0.00000013  Best=0.00000013   Time=0.1  Run Time=148.2
