CUDA devices = 1
Device 0: NVIDIA GeForce RTX 4090

variations = 1
samples = 15
instructions = 28
registers = 28
opcodes = 2
patternOpcodes = 4

targetMin = 0.000000f
targetMax = 6.283185f
target = 0.000001f

mode = FIRESTARTER_OPTIMIZE
evolveSeed = 0
optimizeSeed = 0
tests = 256
streams = 1
units = 1
states = 1
generations = 0
population = 65536
iterations = 64
passes = 512
candidates = 16
attempts = 0
optimize = 1

scale = 0.300000f
startScale = 2.500000f
startResult = 10.000000f

FIRESTARTER_OPTIMIZE: Seed=0  Test=54  Generation=  2 *Result=0.00015239  Best=0.00015239   Time=0.1  Run Time=148.9
FIRESTARTER_OPTIMIZE: Seed=0  Test=54  Generation=  3 *Result=0.00000131  Best=0.00000131   Time=0.1  Run Time=149.4
FIRESTARTER_OPTIMIZE: Seed=0  Test=54  Generation=  4  Result=0.00002788  Best=0.00000131   Time=0.1  Run Time=149.8
FIRESTARTER_OPTIMIZE: Seed=0  Test=54  Generation=  5  Result=0.00000447  Best=0.00000131   Time=0.1  Run Time=150.2
FIRESTARTER_OPTIMIZE: Seed=0  Test=54  Generation=  6  Result=0.00001705  Best=0.00000131   Time=0.1  Run Time=150.6
FIRESTARTER_OPTIMIZE: Seed=0  Test=54  Generation=  7  Result=0.00004369  Best=0.00000131   Time=0.1  Run Time=151.1
FIRESTARTER_OPTIMIZE: Seed=0  Test=54  Generation=  8  Result=0.00018233  Best=0.00000131   Time=0.1  Run Time=151.5
FIRESTARTER_OPTIMIZE: Seed=0  Test=54  Generation=  9  Result=0.00000248  Best=0.00000131   Time=0.1  Run Time=151.9
FIRESTARTER_OPTIMIZE: Seed=0  Test=54  Generation= 10 *Result=0.00000016  Best=0.00000016   Time=0.1  Run Time=152.3
