CUDA devices = 1
Device 0: NVIDIA GeForce RTX 4090

variations = 1
samples = 15
instructions = 32
registers = 30
opcodes = 2
patternOpcodes = 4

targetMin = 0.000000f
targetMax = 6.283185f
target = 0.000001f

mode = FIRESTARTER_OPTIMIZE
evolveSeed = 0
optimizeSeed = 0
tests = 256
streams = 1
units = 1
states = 1
generations = 0
population = 65536
iterations = 64
passes = 500
candidates = 16
attempts = 0
optimize = 1

scale = 0.100000f
startScale = 2.000000f
startResult = 10.000000f

FIRESTARTER_OPTIMIZE: Seed=0  Test=17  Generation=  2 *Result=0.00016779  Best=0.00016779   Time=0.1  Run Time=108.1
FIRESTARTER_OPTIMIZE: Seed=0  Test=17  Generation=  3  Result=0.00033807  Best=0.00016779   Time=0.1  Run Time=108.5
FIRESTARTER_OPTIMIZE: Seed=0  Test=17  Generation=  4  Result=0.00019941  Best=0.00016779   Time=0.1  Run Time=108.9
FIRESTARTER_OPTIMIZE: Seed=0  Test=17  Generation=  5 *Result=0.00003781  Best=0.00003781   Time=0.1  Run Time=109.3
FIRESTARTER_OPTIMIZE: Seed=0  Test=17  Generation=  6  Result=0.00004920  Best=0.00003781   Time=0.1  Run Time=109.7
FIRESTARTER_OPTIMIZE: Seed=0  Test=17  Generation=  7  Result=0.00290903  Best=0.00003781   Time=0.1  Run Time=110.2
FIRESTARTER_OPTIMIZE: Seed=0  Test=17  Generation=  8  Result=0.00008644  Best=0.00003781   Time=0.1  Run Time=110.6
FIRESTARTER_OPTIMIZE: Seed=0  Test=17  Generation=  9  Result=0.00009011  Best=0.00003781   Time=0.1  Run Time=111.0
FIRESTARTER_OPTIMIZE: Seed=0  Test=17  Generation= 10 *Result=0.00003082  Best=0.00003082   Time=0.1  Run Time=111.4
FIRESTARTER_OPTIMIZE: Seed=0  Test=17  Generation= 11 *Result=0.00000090  Best=0.00000090   Time=0.1  Run Time=111.8
