CUDA devices = 1
Device 0: NVIDIA GeForce RTX 4090

variations = 1
instructions = 32
registers = 30
opcodes = 2
patternOpcodes = 4

targetMin = 0.000000f
targetMax = 6.283185f
target = 0.000001f

mode = FIRESTARTER_OPTIMIZE
evolveSeed = 0
optimizeSeed = 0
tests = 256
streams = 1
units = 1
states = 1
generations = 0
population = 49152
passes = 256
attempts = 0
optimize = 1

scale = 0.300000f
startScale = 2.500000f
startResult = 10.000000f

FIRESTARTER_OPTIMIZE: Seed=0  Test=12  Generation=  2 *Result=0.00008708  Best=0.00008708   Time=0.1  Run Time=32.4
FIRESTARTER_OPTIMIZE: Seed=0  Test=12  Generation=  3 *Result=0.00000652  Best=0.00000652   Time=0.1  Run Time=32.7
FIRESTARTER_OPTIMIZE: Seed=0  Test=12  Generation=  4 *Result=0.00000151  Best=0.00000151   Time=0.1  Run Time=33.1
FIRESTARTER_OPTIMIZE: Seed=0  Test=12  Generation=  5  Result=0.00019723  Best=0.00000151   Time=0.1  Run Time=33.4
FIRESTARTER_OPTIMIZE: Seed=0  Test=12  Generation=  6  Result=0.00031114  Best=0.00000151   Time=0.1  Run Time=33.7
FIRESTARTER_OPTIMIZE: Seed=0  Test=12  Generation=  7  Result=0.00009931  Best=0.00000151   Time=0.1  Run Time=34.0
FIRESTARTER_OPTIMIZE: Seed=0  Test=12  Generation=  8  Result=0.00040790  Best=0.00000151   Time=0.1  Run Time=34.3
FIRESTARTER_OPTIMIZE: Seed=0  Test=12  Generation=  9  Result=0.00001317  Best=0.00000151   Time=0.1  Run Time=34.6
FIRESTARTER_OPTIMIZE: Seed=0  Test=12  Generation= 10  Result=0.00018268  Best=0.00000151   Time=0.1  Run Time=34.9
FIRESTARTER_OPTIMIZE: Seed=0  Test=12  Generation= 11  Result=0.00019169  Best=0.00000151   Time=0.1  Run Time=35.2
FIRESTARTER_OPTIMIZE: Seed=0  Test=12  Generation= 12 *Result=0.00000087  Best=0.00000087   Time=0.1  Run Time=35.5
