CUDA devices = 1
Device 0: NVIDIA GeForce RTX 4090

variations = 1
samples = 15
instructions = 24
registers = 24
opcodes = 2
patternOpcodes = 4

targetMin = 0.000000f
targetMax = 6.283185f
target = 0.000001f

mode = FIRESTARTER_OPTIMIZE
evolveSeed = 0
optimizeSeed = 0
tests = 256
streams = 1
units = 1
states = 1
generations = 0
population = 65536
iterations = 64
passes = 512
candidates = 16
attempts = 0
optimize = 1

scale = 0.300000f
startScale = 2.500000f
startResult = 10.000000f

FIRESTARTER_OPTIMIZE: Seed=0  Test=18  Generation=  2 *Result=0.00221444  Best=0.00221444   Time=0.1  Run Time=75.6
FIRESTARTER_OPTIMIZE: Seed=0  Test=18  Generation=  3 *Result=0.00003074  Best=0.00003074   Time=0.1  Run Time=76.0
FIRESTARTER_OPTIMIZE: Seed=0  Test=18  Generation=  4  Result=0.00006512  Best=0.00003074   Time=0.1  Run Time=76.4
FIRESTARTER_OPTIMIZE: Seed=0  Test=18  Generation=  5  Result=0.00018279  Best=0.00003074   Time=0.1  Run Time=76.8
FIRESTARTER_OPTIMIZE: Seed=0  Test=18  Generation=  6  Result=0.00018209  Best=0.00003074   Time=0.1  Run Time=77.1
FIRESTARTER_OPTIMIZE: Seed=0  Test=18  Generation=  7  Result=0.00028470  Best=0.00003074   Time=0.1  Run Time=77.5
FIRESTARTER_OPTIMIZE: Seed=0  Test=18  Generation=  8  Result=0.00221006  Best=0.00003074   Time=0.1  Run Time=77.9
FIRESTARTER_OPTIMIZE: Seed=0  Test=18  Generation=  9  Result=0.00094571  Best=0.00003074   Time=0.1  Run Time=78.3
FIRESTARTER_OPTIMIZE: Seed=0  Test=18  Generation= 10 *Result=0.00000043  Best=0.00000043   Time=0.1  Run Time=78.6
