CUDA devices = 1
Device 0: NVIDIA GeForce RTX 4090

variations = 1
instructions = 32
registers = 30
opcodes = 2
patternOpcodes = 4

targetMin = 0.000000f
targetMax = 6.283185f
target = 0.000001f

mode = FIRESTARTER_OPTIMIZE
evolveSeed = 0
optimizeSeed = 0
tests = 256
streams = 1
units = 1
states = 1
generations = 0
population = 49152
passes = 256
attempts = 0
optimize = 1

scale = 0.300000f
startScale = 2.500000f
startResult = 10.000000f

FIRESTARTER_OPTIMIZE: Seed=0  Test=50  Generation=  2 *Result=0.00007049  Best=0.00007049   Time=0.1  Run Time=139.0
FIRESTARTER_OPTIMIZE: Seed=0  Test=50  Generation=  3  Result=0.00013344  Best=0.00007049   Time=0.1  Run Time=139.3
FIRESTARTER_OPTIMIZE: Seed=0  Test=50  Generation=  4  Result=0.00034461  Best=0.00007049   Time=0.1  Run Time=139.6
FIRESTARTER_OPTIMIZE: Seed=0  Test=50  Generation=  5  Result=0.00083079  Best=0.00007049   Time=0.1  Run Time=140.0
FIRESTARTER_OPTIMIZE: Seed=0  Test=50  Generation=  6 *Result=0.00004069  Best=0.00004069   Time=0.1  Run Time=140.3
FIRESTARTER_OPTIMIZE: Seed=0  Test=50  Generation=  7  Result=0.00018796  Best=0.00004069   Time=0.1  Run Time=140.6
FIRESTARTER_OPTIMIZE: Seed=0  Test=50  Generation=  8 *Result=0.00002311  Best=0.00002311   Time=0.1  Run Time=140.9
FIRESTARTER_OPTIMIZE: Seed=0  Test=50  Generation=  9 *Result=0.00000724  Best=0.00000724   Time=0.1  Run Time=141.2
FIRESTARTER_OPTIMIZE: Seed=0  Test=50  Generation= 10 *Result=0.00000050  Best=0.00000050   Time=0.1  Run Time=141.5
