CUDA devices = 1
Device 0: NVIDIA GeForce RTX 4090

variations = 1
instructions = 32
registers = 30
opcodes = 2
patternOpcodes = 4

targetMin = 0.000000f
targetMax = 6.283185f
target = 0.000001f

mode = FIRESTARTER_OPTIMIZE
evolveSeed = 1
optimizeSeed = 1
tests = 256
streams = 1
units = 1
states = 1
generations = 0
population = 49152
passes = 512
attempts = 0
optimize = 1

scale = 0.300000f
startScale = 2.500000f
startResult = 10.000000f

FIRESTARTER_OPTIMIZE: Seed=1  Test=228  Generation=  2 *Result=0.00030582  Best=0.00030582   Time=0.1  Run Time=648.7
FIRESTARTER_OPTIMIZE: Seed=1  Test=228  Generation=  3 *Result=0.00005221  Best=0.00005221   Time=0.1  Run Time=649.1
FIRESTARTER_OPTIMIZE: Seed=1  Test=228  Generation=  4  Result=0.00012601  Best=0.00005221   Time=0.1  Run Time=649.4
FIRESTARTER_OPTIMIZE: Seed=1  Test=228  Generation=  5 *Result=0.00001234  Best=0.00001234   Time=0.1  Run Time=649.8
FIRESTARTER_OPTIMIZE: Seed=1  Test=228  Generation=  6  Result=0.00002712  Best=0.00001234   Time=0.1  Run Time=650.1
FIRESTARTER_OPTIMIZE: Seed=1  Test=228  Generation=  7  Result=0.00002045  Best=0.00001234   Time=0.1  Run Time=650.5
FIRESTARTER_OPTIMIZE: Seed=1  Test=228  Generation=  8  Result=0.00005016  Best=0.00001234   Time=0.1  Run Time=650.9
FIRESTARTER_OPTIMIZE: Seed=1  Test=228  Generation=  9 *Result=0.00000006  Best=0.00000006   Time=0.1  Run Time=651.2
