CUDA devices = 1
Device 0: NVIDIA GeForce RTX 4090

variations = 1
samples = 15
instructions = 32
registers = 30
opcodes = 2
patternOpcodes = 4

targetMin = 0.000000f
targetMax = 6.283185f
target = 0.000001f

mode = FIRESTARTER_OPTIMIZE
evolveSeed = 0
optimizeSeed = 0
tests = 256
streams = 1
units = 1
states = 1
generations = 0
population = 65536
iterations = 64
passes = 512
candidates = 16
attempts = 0
optimize = 1

scale = 0.300000f
startScale = 2.500000f
startResult = 10.000000f

FIRESTARTER_OPTIMIZE: Seed=0  Test=22  Generation=  2 *Result=0.00001184  Best=0.00001184   Time=0.1  Run Time=75.5
FIRESTARTER_OPTIMIZE: Seed=0  Test=22  Generation=  3  Result=0.00015640  Best=0.00001184   Time=0.1  Run Time=76.0
FIRESTARTER_OPTIMIZE: Seed=0  Test=22  Generation=  4  Result=0.00002125  Best=0.00001184   Time=0.1  Run Time=76.5
FIRESTARTER_OPTIMIZE: Seed=0  Test=22  Generation=  5  Result=0.00005009  Best=0.00001184   Time=0.1  Run Time=76.9
FIRESTARTER_OPTIMIZE: Seed=0  Test=22  Generation=  6  Result=0.00001294  Best=0.00001184   Time=0.1  Run Time=77.4
FIRESTARTER_OPTIMIZE: Seed=0  Test=22  Generation=  7 *Result=0.00000465  Best=0.00000465   Time=0.1  Run Time=77.9
FIRESTARTER_OPTIMIZE: Seed=0  Test=22  Generation=  8  Result=0.00053081  Best=0.00000465   Time=0.1  Run Time=78.4
FIRESTARTER_OPTIMIZE: Seed=0  Test=22  Generation=  9 *Result=0.00000033  Best=0.00000033   Time=0.1  Run Time=78.8
