CUDA devices = 1
Device 0: NVIDIA GeForce RTX 4090

variations = 1
samples = 15
instructions = 28
registers = 28
opcodes = 2
patternOpcodes = 4

targetMin = 0.000000f
targetMax = 6.283185f
target = 0.000001f

mode = FIRESTARTER_OPTIMIZE
evolveSeed = 0
optimizeSeed = 0
tests = 256
streams = 1
units = 1
states = 1
generations = 0
population = 65536
iterations = 64
passes = 512
candidates = 16
attempts = 0
optimize = 1

scale = 0.300000f
startScale = 2.500000f
startResult = 10.000000f

FIRESTARTER_OPTIMIZE: Seed=0  Test=217  Generation=  2 *Result=0.00226319  Best=0.00226319   Time=0.1  Run Time=768.1
FIRESTARTER_OPTIMIZE: Seed=0  Test=217  Generation=  3 *Result=0.00094300  Best=0.00094300   Time=0.1  Run Time=768.5
FIRESTARTER_OPTIMIZE: Seed=0  Test=217  Generation=  4 *Result=0.00010204  Best=0.00010204   Time=0.1  Run Time=769.0
FIRESTARTER_OPTIMIZE: Seed=0  Test=217  Generation=  5 *Result=0.00000560  Best=0.00000560   Time=0.1  Run Time=769.4
FIRESTARTER_OPTIMIZE: Seed=0  Test=217  Generation=  6  Result=0.00005262  Best=0.00000560   Time=0.1  Run Time=769.8
FIRESTARTER_OPTIMIZE: Seed=0  Test=217  Generation=  7  Result=0.00005370  Best=0.00000560   Time=0.1  Run Time=770.3
FIRESTARTER_OPTIMIZE: Seed=0  Test=217  Generation=  8  Result=0.00013102  Best=0.00000560   Time=0.1  Run Time=770.7
FIRESTARTER_OPTIMIZE: Seed=0  Test=217  Generation=  9  Result=0.00011015  Best=0.00000560   Time=0.1  Run Time=771.2
FIRESTARTER_OPTIMIZE: Seed=0  Test=217  Generation= 10  Result=0.00080502  Best=0.00000560   Time=0.1  Run Time=771.6
FIRESTARTER_OPTIMIZE: Seed=0  Test=217  Generation= 11 *Result=0.00000023  Best=0.00000023   Time=0.1  Run Time=772.0
