CUDA devices = 1
Device 0: NVIDIA GeForce RTX 4090

variations = 1
instructions = 32
registers = 30
opcodes = 2
patternOpcodes = 4

targetMin = 0.000000f
targetMax = 6.283185f
target = 0.000001f

mode = FIRESTARTER_OPTIMIZE
evolveSeed = 1
optimizeSeed = 1
tests = 256
streams = 1
units = 1
states = 1
generations = 0
population = 49152
passes = 384
attempts = 0
optimize = 1

scale = 0.300000f
startScale = 2.500000f
startResult = 10.000000f

FIRESTARTER_OPTIMIZE: Seed=1  Test=149  Generation=  2 *Result=0.00008845  Best=0.00008845   Time=0.1  Run Time=434.0
FIRESTARTER_OPTIMIZE: Seed=1  Test=149  Generation=  3 *Result=0.00003194  Best=0.00003194   Time=0.1  Run Time=434.3
FIRESTARTER_OPTIMIZE: Seed=1  Test=149  Generation=  4  Result=0.00021662  Best=0.00003194   Time=0.1  Run Time=434.6
FIRESTARTER_OPTIMIZE: Seed=1  Test=149  Generation=  5  Result=0.00004240  Best=0.00003194   Time=0.1  Run Time=435.0
FIRESTARTER_OPTIMIZE: Seed=1  Test=149  Generation=  6 *Result=0.00000269  Best=0.00000269   Time=0.1  Run Time=435.3
FIRESTARTER_OPTIMIZE: Seed=1  Test=149  Generation=  7  Result=0.00034046  Best=0.00000269   Time=0.1  Run Time=435.6
FIRESTARTER_OPTIMIZE: Seed=1  Test=149  Generation=  8  Result=0.00025696  Best=0.00000269   Time=0.1  Run Time=435.9
FIRESTARTER_OPTIMIZE: Seed=1  Test=149  Generation=  9  Result=0.00002861  Best=0.00000269   Time=0.1  Run Time=436.3
FIRESTARTER_OPTIMIZE: Seed=1  Test=149  Generation= 10 *Result=0.00000013  Best=0.00000013   Time=0.1  Run Time=436.6
