CUDA devices = 1
Device 0: NVIDIA GeForce RTX 4090

variations = 1
instructions = 32
registers = 30
opcodes = 2
patternOpcodes = 4

targetMin = 0.000000f
targetMax = 6.283185f
target = 0.000001f

mode = FIRESTARTER_OPTIMIZE
evolveSeed = 0
optimizeSeed = 0
tests = 256
streams = 1
units = 1
states = 1
generations = 0
population = 65536
passes = 384
attempts = 0
optimize = 1

scale = 0.300000f
startScale = 2.500000f
startResult = 10.000000f

FIRESTARTER_OPTIMIZE: Seed=0  Test=143  Generation=  2 *Result=0.00614941  Best=0.00614941   Time=0.1  Run Time=345.5
FIRESTARTER_OPTIMIZE: Seed=0  Test=143  Generation=  3 *Result=0.00005681  Best=0.00005681   Time=0.1  Run Time=345.8
FIRESTARTER_OPTIMIZE: Seed=0  Test=143  Generation=  4  Result=0.00026136  Best=0.00005681   Time=0.1  Run Time=346.1
FIRESTARTER_OPTIMIZE: Seed=0  Test=143  Generation=  5  Result=0.00129026  Best=0.00005681   Time=0.1  Run Time=346.4
FIRESTARTER_OPTIMIZE: Seed=0  Test=143  Generation=  6  Result=0.00006217  Best=0.00005681   Time=0.1  Run Time=346.7
FIRESTARTER_OPTIMIZE: Seed=0  Test=143  Generation=  7 *Result=0.00001087  Best=0.00001087   Time=0.1  Run Time=347.0
FIRESTARTER_OPTIMIZE: Seed=0  Test=143  Generation=  8  Result=0.00013567  Best=0.00001087   Time=0.1  Run Time=347.3
FIRESTARTER_OPTIMIZE: Seed=0  Test=143  Generation=  9 *Result=0.00000072  Best=0.00000072   Time=0.1  Run Time=347.6
