CUDA devices = 1
Device 0: NVIDIA GeForce RTX 4090

variations = 1
samples = 15
instructions = 32
registers = 30
opcodes = 2
patternOpcodes = 4

targetMin = 0.000000f
targetMax = 6.283185f
target = 0.000001f

mode = FIRESTARTER_OPTIMIZE
evolveSeed = 0
optimizeSeed = 0
tests = 256
streams = 1
units = 1
states = 1
generations = 0
population = 65536
iterations = 64
passes = 512
candidates = 16
attempts = 0
optimize = 1

scale = 0.100000f
startScale = 3.000000f
startResult = 10.000000f

FIRESTARTER_OPTIMIZE: Seed=0  Test=189  Generation=  2 *Result=0.00005465  Best=0.00005465   Time=0.1  Run Time=1171.4
FIRESTARTER_OPTIMIZE: Seed=0  Test=189  Generation=  3 *Result=0.00001276  Best=0.00001276   Time=0.1  Run Time=1171.9
FIRESTARTER_OPTIMIZE: Seed=0  Test=189  Generation=  4  Result=0.00103194  Best=0.00001276   Time=0.1  Run Time=1172.3
FIRESTARTER_OPTIMIZE: Seed=0  Test=189  Generation=  5  Result=0.00017795  Best=0.00001276   Time=0.1  Run Time=1172.8
FIRESTARTER_OPTIMIZE: Seed=0  Test=189  Generation=  6  Result=0.00017880  Best=0.00001276   Time=0.1  Run Time=1173.2
FIRESTARTER_OPTIMIZE: Seed=0  Test=189  Generation=  7  Result=0.00101119  Best=0.00001276   Time=0.1  Run Time=1173.7
FIRESTARTER_OPTIMIZE: Seed=0  Test=189  Generation=  8  Result=0.00008312  Best=0.00001276   Time=0.1  Run Time=1174.1
FIRESTARTER_OPTIMIZE: Seed=0  Test=189  Generation=  9  Result=0.00047116  Best=0.00001276   Time=0.1  Run Time=1174.6
FIRESTARTER_OPTIMIZE: Seed=0  Test=189  Generation= 10  Result=0.00015448  Best=0.00001276   Time=0.1  Run Time=1175.0
FIRESTARTER_OPTIMIZE: Seed=0  Test=189  Generation= 11 *Result=0.00000007  Best=0.00000007   Time=0.1  Run Time=1175.5
