CUDA devices = 1
Device 0: NVIDIA GeForce RTX 4090

variations = 1
instructions = 32
registers = 30
opcodes = 2
patternOpcodes = 4

targetMin = 0.000000f
targetMax = 6.283185f
target = 0.000001f

mode = FIRESTARTER_OPTIMIZE
evolveSeed = 2
optimizeSeed = 2
tests = 256
streams = 1
units = 1
states = 1
generations = 0
population = 65536
passes = 384
attempts = 0
optimize = 1

scale = 0.300000f
startScale = 2.500000f
startResult = 10.000000f

FIRESTARTER_OPTIMIZE: Seed=2  Test=24  Generation=  2 *Result=0.00021361  Best=0.00021361   Time=0.1  Run Time=61.2
FIRESTARTER_OPTIMIZE: Seed=2  Test=24  Generation=  3 *Result=0.00001264  Best=0.00001264   Time=0.1  Run Time=61.5
FIRESTARTER_OPTIMIZE: Seed=2  Test=24  Generation=  4  Result=0.00034484  Best=0.00001264   Time=0.1  Run Time=61.8
FIRESTARTER_OPTIMIZE: Seed=2  Test=24  Generation=  5  Result=0.00063914  Best=0.00001264   Time=0.1  Run Time=62.1
FIRESTARTER_OPTIMIZE: Seed=2  Test=24  Generation=  6  Result=0.00321443  Best=0.00001264   Time=0.1  Run Time=62.4
FIRESTARTER_OPTIMIZE: Seed=2  Test=24  Generation=  7  Result=0.00001866  Best=0.00001264   Time=0.1  Run Time=62.7
FIRESTARTER_OPTIMIZE: Seed=2  Test=24  Generation=  8  Result=0.00003378  Best=0.00001264   Time=0.1  Run Time=63.0
FIRESTARTER_OPTIMIZE: Seed=2  Test=24  Generation=  9  Result=0.00029926  Best=0.00001264   Time=0.1  Run Time=63.3
FIRESTARTER_OPTIMIZE: Seed=2  Test=24  Generation= 10 *Result=0.00000014  Best=0.00000014   Time=0.1  Run Time=63.6
