CUDA devices = 1
Device 0: NVIDIA GeForce RTX 4090

variations = 1
samples = 15
instructions = 32
registers = 30
opcodes = 2
patternOpcodes = 4

targetMin = 0.000000f
targetMax = 6.283185f
target = 0.000001f

mode = FIRESTARTER_OPTIMIZE
evolveSeed = 0
optimizeSeed = 0
tests = 256
streams = 1
units = 1
states = 1
generations = 0
population = 65536
iterations = 64
passes = 512
candidates = 16
attempts = 0
optimize = 1

scale = 0.100000f
startScale = 4.000000f
startResult = 10.000000f

FIRESTARTER_OPTIMIZE: Seed=0  Test=34  Generation=  2 *Result=0.00019698  Best=0.00019698   Time=0.1  Run Time=301.8
FIRESTARTER_OPTIMIZE: Seed=0  Test=34  Generation=  3  Result=0.00032657  Best=0.00019698   Time=0.1  Run Time=302.3
FIRESTARTER_OPTIMIZE: Seed=0  Test=34  Generation=  4  Result=0.00040018  Best=0.00019698   Time=0.1  Run Time=302.8
FIRESTARTER_OPTIMIZE: Seed=0  Test=34  Generation=  5  Result=0.00614877  Best=0.00019698   Time=0.1  Run Time=303.3
FIRESTARTER_OPTIMIZE: Seed=0  Test=34  Generation=  6  Result=0.00029303  Best=0.00019698   Time=0.1  Run Time=303.7
FIRESTARTER_OPTIMIZE: Seed=0  Test=34  Generation=  7 *Result=0.00000104  Best=0.00000104   Time=0.1  Run Time=304.2
FIRESTARTER_OPTIMIZE: Seed=0  Test=34  Generation=  8  Result=0.00000237  Best=0.00000104   Time=0.1  Run Time=304.7
FIRESTARTER_OPTIMIZE: Seed=0  Test=34  Generation=  9 *Result=0.00000060  Best=0.00000060   Time=0.1  Run Time=305.1
