CUDA devices = 1
Device 0: NVIDIA GeForce RTX 4090

variations = 1
instructions = 32
registers = 30
opcodes = 2
patternOpcodes = 4

targetMin = 0.000000f
targetMax = 6.283185f
target = 0.000001f

mode = FIRESTARTER_OPTIMIZE
evolveSeed = 0
optimizeSeed = 0
tests = 256
streams = 1
units = 1
states = 1
generations = 0
population = 65536
passes = 512
attempts = 0
optimize = 1

scale = 0.300000f
startScale = 2.500000f
startResult = 10.000000f

FIRESTARTER_OPTIMIZE: Seed=0  Test=124  Generation=  2 *Result=0.00031848  Best=0.00031848   Time=0.1  Run Time=352.0
FIRESTARTER_OPTIMIZE: Seed=0  Test=124  Generation=  3 *Result=0.00007844  Best=0.00007844   Time=0.1  Run Time=352.4
FIRESTARTER_OPTIMIZE: Seed=0  Test=124  Generation=  4  Result=0.00036708  Best=0.00007844   Time=0.1  Run Time=352.8
FIRESTARTER_OPTIMIZE: Seed=0  Test=124  Generation=  5  Result=0.00065897  Best=0.00007844   Time=0.1  Run Time=353.2
FIRESTARTER_OPTIMIZE: Seed=0  Test=124  Generation=  6  Result=0.00021556  Best=0.00007844   Time=0.1  Run Time=353.5
FIRESTARTER_OPTIMIZE: Seed=0  Test=124  Generation=  7  Result=0.00008938  Best=0.00007844   Time=0.1  Run Time=353.8
FIRESTARTER_OPTIMIZE: Seed=0  Test=124  Generation=  8 *Result=0.00001413  Best=0.00001413   Time=0.1  Run Time=354.2
FIRESTARTER_OPTIMIZE: Seed=0  Test=124  Generation=  9  Result=0.00013197  Best=0.00001413   Time=0.1  Run Time=354.6
FIRESTARTER_OPTIMIZE: Seed=0  Test=124  Generation= 10  Result=0.00001847  Best=0.00001413   Time=0.1  Run Time=355.0
FIRESTARTER_OPTIMIZE: Seed=0  Test=124  Generation= 11  Result=0.00143719  Best=0.00001413   Time=0.1  Run Time=355.3
FIRESTARTER_OPTIMIZE: Seed=0  Test=124  Generation= 12 *Result=0.00000007  Best=0.00000007   Time=0.1  Run Time=355.7
