CUDA devices = 1
Device 0: NVIDIA GeForce RTX 4090

variations = 1
samples = 15
instructions = 32
registers = 30
opcodes = 2
patternOpcodes = 4

targetMin = 0.000000f
targetMax = 6.283185f
target = 0.000001f

mode = FIRESTARTER_OPTIMIZE
evolveSeed = 0
optimizeSeed = 0
tests = 256
streams = 1
units = 1
states = 1
generations = 0
population = 65536
iterations = 64
passes = 512
candidates = 16
attempts = 0
optimize = 1

scale = 0.300000f
startScale = 2.500000f
startResult = 10.000000f

FIRESTARTER_OPTIMIZE: Seed=0  Test=137  Generation=  2 *Result=0.00002101  Best=0.00002101   Time=0.1  Run Time=402.9
FIRESTARTER_OPTIMIZE: Seed=0  Test=137  Generation=  3  Result=0.00004309  Best=0.00002101   Time=0.1  Run Time=403.2
FIRESTARTER_OPTIMIZE: Seed=0  Test=137  Generation=  4 *Result=0.00000219  Best=0.00000219   Time=0.1  Run Time=403.6
FIRESTARTER_OPTIMIZE: Seed=0  Test=137  Generation=  5  Result=0.00001529  Best=0.00000219   Time=0.1  Run Time=403.9
FIRESTARTER_OPTIMIZE: Seed=0  Test=137  Generation=  6  Result=0.00001571  Best=0.00000219   Time=0.1  Run Time=404.3
FIRESTARTER_OPTIMIZE: Seed=0  Test=137  Generation=  7  Result=0.00000710  Best=0.00000219   Time=0.1  Run Time=404.7
FIRESTARTER_OPTIMIZE: Seed=0  Test=137  Generation=  8  Result=0.00013871  Best=0.00000219   Time=0.1  Run Time=405.1
FIRESTARTER_OPTIMIZE: Seed=0  Test=137  Generation=  9 *Result=0.00000016  Best=0.00000016   Time=0.1  Run Time=405.5
