CUDA devices = 1
Device 0: NVIDIA GeForce RTX 4090

variations = 1
samples = 15
instructions = 32
registers = 30
opcodes = 2
patternOpcodes = 4

targetMin = 0.000000f
targetMax = 6.283185f
target = 0.000001f

mode = FIRESTARTER_OPTIMIZE
evolveSeed = 123
optimizeSeed = 123
tests = 256
streams = 1
units = 1
states = 1
generations = 0
population = 65536
iterations = 64
passes = 512
candidates = 16
attempts = 0
optimize = 1

scale = 0.300000f
startScale = 2.500000f
startResult = 10.000000f

FIRESTARTER_OPTIMIZE: Seed=123  Test=111  Generation=  2 *Result=0.00615796  Best=0.00615796   Time=0.1  Run Time=356.5
FIRESTARTER_OPTIMIZE: Seed=123  Test=111  Generation=  3 *Result=0.00000573  Best=0.00000573   Time=0.1  Run Time=356.9
FIRESTARTER_OPTIMIZE: Seed=123  Test=111  Generation=  4  Result=0.00018566  Best=0.00000573   Time=0.1  Run Time=357.3
FIRESTARTER_OPTIMIZE: Seed=123  Test=111  Generation=  5  Result=0.00006338  Best=0.00000573   Time=0.1  Run Time=357.6
FIRESTARTER_OPTIMIZE: Seed=123  Test=111  Generation=  6  Result=0.00006536  Best=0.00000573   Time=0.1  Run Time=358.0
FIRESTARTER_OPTIMIZE: Seed=123  Test=111  Generation=  7  Result=0.00006212  Best=0.00000573   Time=0.1  Run Time=358.4
FIRESTARTER_OPTIMIZE: Seed=123  Test=111  Generation=  8  Result=0.00018253  Best=0.00000573   Time=0.1  Run Time=358.8
FIRESTARTER_OPTIMIZE: Seed=123  Test=111  Generation=  9  Result=0.00044286  Best=0.00000573   Time=0.1  Run Time=359.2
FIRESTARTER_OPTIMIZE: Seed=123  Test=111  Generation= 10  Result=0.00068521  Best=0.00000573   Time=0.1  Run Time=359.5
FIRESTARTER_OPTIMIZE: Seed=123  Test=111  Generation= 11  Result=0.00002503  Best=0.00000573   Time=0.1  Run Time=359.9
FIRESTARTER_OPTIMIZE: Seed=123  Test=111  Generation= 12 *Result=0.00000027  Best=0.00000027   Time=0.1  Run Time=360.3
