CUDA devices = 1
Device 0: NVIDIA GeForce RTX 4090

variations = 1
samples = 15
instructions = 32
registers = 30
opcodes = 2
patternOpcodes = 4

targetMin = 0.000000f
targetMax = 6.283185f
target = 0.000001f

mode = FIRESTARTER_OPTIMIZE
evolveSeed = 0
optimizeSeed = 0
tests = 256
streams = 1
units = 1
states = 1
generations = 0
population = 65536
iterations = 64
passes = 512
candidates = 16
attempts = 0
optimize = 1

scale = 0.300000f
startScale = 2.500000f
startResult = 10.000000f

FIRESTARTER_OPTIMIZE: Seed=0  Test= 1  Generation=  2 *Result=0.00005225  Best=0.00005225   Time=0.5  Run Time=6.8
FIRESTARTER_OPTIMIZE: Seed=0  Test= 1  Generation=  3 *Result=0.00002962  Best=0.00002962   Time=0.1  Run Time=7.3
FIRESTARTER_OPTIMIZE: Seed=0  Test= 1  Generation=  4  Result=0.00019689  Best=0.00002962   Time=0.1  Run Time=7.7
FIRESTARTER_OPTIMIZE: Seed=0  Test= 1  Generation=  5 *Result=0.00000785  Best=0.00000785   Time=0.1  Run Time=8.2
FIRESTARTER_OPTIMIZE: Seed=0  Test= 1  Generation=  6  Result=0.00001895  Best=0.00000785   Time=0.1  Run Time=8.7
FIRESTARTER_OPTIMIZE: Seed=0  Test= 1  Generation=  7  Result=0.00013113  Best=0.00000785   Time=0.1  Run Time=9.2
FIRESTARTER_OPTIMIZE: Seed=0  Test= 1  Generation=  8 *Result=0.00000396  Best=0.00000396   Time=0.1  Run Time=9.6
FIRESTARTER_OPTIMIZE: Seed=0  Test= 1  Generation=  9 *Result=0.00000245  Best=0.00000245   Time=0.1  Run Time=10.1
FIRESTARTER_OPTIMIZE: Seed=0  Test= 1  Generation= 10  Result=0.00003296  Best=0.00000245   Time=0.1  Run Time=10.6
FIRESTARTER_OPTIMIZE: Seed=0  Test= 1  Generation= 11  Result=0.00007448  Best=0.00000245   Time=0.1  Run Time=11.0
FIRESTARTER_OPTIMIZE: Seed=0  Test= 1  Generation= 12  Result=0.00090564  Best=0.00000245   Time=0.1  Run Time=11.5
FIRESTARTER_OPTIMIZE: Seed=0  Test= 1  Generation= 13  Result=0.00079344  Best=0.00000245   Time=0.1  Run Time=12.0
FIRESTARTER_OPTIMIZE: Seed=0  Test= 1  Generation= 14 *Result=0.00000017  Best=0.00000017   Time=0.1  Run Time=12.4
