CUDA devices = 1
Device 0: NVIDIA GeForce RTX 4090

variations = 1
samples = 15
instructions = 32
registers = 30
opcodes = 2
patternOpcodes = 4

targetMin = 0.000000f
targetMax = 6.283185f
target = 0.000001f

mode = FIRESTARTER_OPTIMIZE
evolveSeed = 123
optimizeSeed = 123
tests = 256
streams = 1
units = 1
states = 1
generations = 0
population = 65536
iterations = 64
passes = 512
candidates = 16
attempts = 0
optimize = 1

scale = 0.300000f
startScale = 2.500000f
startResult = 10.000000f

FIRESTARTER_OPTIMIZE: Seed=123  Test=175  Generation=  2 *Result=0.00006583  Best=0.00006583   Time=0.1  Run Time=568.4
FIRESTARTER_OPTIMIZE: Seed=123  Test=175  Generation=  3  Result=0.00613882  Best=0.00006583   Time=0.1  Run Time=568.7
FIRESTARTER_OPTIMIZE: Seed=123  Test=175  Generation=  4  Result=0.00641310  Best=0.00006583   Time=0.1  Run Time=569.1
FIRESTARTER_OPTIMIZE: Seed=123  Test=175  Generation=  5  Result=0.00615101  Best=0.00006583   Time=0.1  Run Time=569.5
FIRESTARTER_OPTIMIZE: Seed=123  Test=175  Generation=  6  Result=0.00020280  Best=0.00006583   Time=0.1  Run Time=569.9
FIRESTARTER_OPTIMIZE: Seed=123  Test=175  Generation=  7  Result=0.00221091  Best=0.00006583   Time=0.1  Run Time=570.2
FIRESTARTER_OPTIMIZE: Seed=123  Test=175  Generation=  8  Result=0.00036899  Best=0.00006583   Time=0.1  Run Time=570.6
FIRESTARTER_OPTIMIZE: Seed=123  Test=175  Generation=  9  Result=0.00092237  Best=0.00006583   Time=0.1  Run Time=571.0
FIRESTARTER_OPTIMIZE: Seed=123  Test=175  Generation= 10 *Result=0.00000014  Best=0.00000014   Time=0.1  Run Time=571.4
