CUDA devices = 1
Device 0: NVIDIA GeForce RTX 4090

variations = 1
samples = 15
instructions = 30
registers = 30
opcodes = 2
patternOpcodes = 4

targetMin = 0.000000f
targetMax = 6.283185f
target = 0.000001f

mode = FIRESTARTER_OPTIMIZE
evolveSeed = 0
optimizeSeed = 0
tests = 256
streams = 1
units = 1
states = 1
generations = 0
population = 65536
iterations = 64
passes = 512
candidates = 16
attempts = 0
optimize = 1

scale = 0.300000f
startScale = 2.500000f
startResult = 10.000000f

FIRESTARTER_OPTIMIZE: Seed=0  Test=226  Generation=  2 *Result=0.00015112  Best=0.00015112   Time=0.1  Run Time=788.3
FIRESTARTER_OPTIMIZE: Seed=0  Test=226  Generation=  3 *Result=0.00000249  Best=0.00000249   Time=0.1  Run Time=788.8
FIRESTARTER_OPTIMIZE: Seed=0  Test=226  Generation=  4  Result=0.00220888  Best=0.00000249   Time=0.1  Run Time=789.2
FIRESTARTER_OPTIMIZE: Seed=0  Test=226  Generation=  5  Result=0.00039863  Best=0.00000249   Time=0.1  Run Time=789.7
FIRESTARTER_OPTIMIZE: Seed=0  Test=226  Generation=  6 *Result=0.00000140  Best=0.00000140   Time=0.1  Run Time=790.1
FIRESTARTER_OPTIMIZE: Seed=0  Test=226  Generation=  7  Result=0.00017472  Best=0.00000140   Time=0.1  Run Time=790.5
FIRESTARTER_OPTIMIZE: Seed=0  Test=226  Generation=  8  Result=0.00000975  Best=0.00000140   Time=0.1  Run Time=791.0
FIRESTARTER_OPTIMIZE: Seed=0  Test=226  Generation=  9  Result=0.00006193  Best=0.00000140   Time=0.1  Run Time=791.4
FIRESTARTER_OPTIMIZE: Seed=0  Test=226  Generation= 10 *Result=0.00000037  Best=0.00000037   Time=0.1  Run Time=791.8
