CUDA devices = 1
Device 0: NVIDIA GeForce RTX 4090

variations = 1
samples = 15
instructions = 32
registers = 30
opcodes = 2
patternOpcodes = 4

targetMin = 0.000000f
targetMax = 6.283185f
target = 0.000001f

mode = FIRESTARTER_OPTIMIZE
evolveSeed = 0
optimizeSeed = 0
tests = 256
streams = 1
units = 1
states = 1
generations = 0
population = 65536
iterations = 64
passes = 512
candidates = 16
attempts = 0
optimize = 1

scale = 0.300000f
startScale = 2.500000f
startResult = 10.000000f

FIRESTARTER_OPTIMIZE: Seed=0  Test=99  Generation=  2 *Result=0.00022644  Best=0.00022644   Time=0.1  Run Time=290.0
FIRESTARTER_OPTIMIZE: Seed=0  Test=99  Generation=  3  Result=0.00028360  Best=0.00022644   Time=0.1  Run Time=290.4
FIRESTARTER_OPTIMIZE: Seed=0  Test=99  Generation=  4 *Result=0.00001091  Best=0.00001091   Time=0.1  Run Time=290.8
FIRESTARTER_OPTIMIZE: Seed=0  Test=99  Generation=  5  Result=0.00063783  Best=0.00001091   Time=0.1  Run Time=291.2
FIRESTARTER_OPTIMIZE: Seed=0  Test=99  Generation=  6  Result=0.00002332  Best=0.00001091   Time=0.1  Run Time=291.5
FIRESTARTER_OPTIMIZE: Seed=0  Test=99  Generation=  7  Result=0.00049633  Best=0.00001091   Time=0.1  Run Time=291.9
FIRESTARTER_OPTIMIZE: Seed=0  Test=99  Generation=  8  Result=0.00008112  Best=0.00001091   Time=0.1  Run Time=292.3
FIRESTARTER_OPTIMIZE: Seed=0  Test=99  Generation=  9  Result=0.00025212  Best=0.00001091   Time=0.1  Run Time=292.6
FIRESTARTER_OPTIMIZE: Seed=0  Test=99  Generation= 10 *Result=0.00000064  Best=0.00000064   Time=0.1  Run Time=293.0
