CUDA devices = 1
Device 0: NVIDIA GeForce RTX 4090

variations = 1
samples = 15
instructions = 32
registers = 30
opcodes = 2
patternOpcodes = 4

targetMin = 0.000000f
targetMax = 6.283185f
target = 0.000001f

mode = FIRESTARTER_OPTIMIZE
evolveSeed = 0
optimizeSeed = 0
tests = 256
streams = 1
units = 1
states = 1
generations = 0
population = 65536
iterations = 64
passes = 512
candidates = 16
attempts = 0
optimize = 1

scale = 0.150000f
startScale = 2.500000f
startResult = 10.000000f

FIRESTARTER_OPTIMIZE: Seed=0  Test=83  Generation=  2 *Result=0.00044656  Best=0.00044656   Time=0.1  Run Time=409.3
FIRESTARTER_OPTIMIZE: Seed=0  Test=83  Generation=  3  Result=0.00670906  Best=0.00044656   Time=0.1  Run Time=409.8
FIRESTARTER_OPTIMIZE: Seed=0  Test=83  Generation=  4 *Result=0.00009903  Best=0.00009903   Time=0.1  Run Time=410.2
FIRESTARTER_OPTIMIZE: Seed=0  Test=83  Generation=  5 *Result=0.00009501  Best=0.00009501   Time=0.1  Run Time=410.7
FIRESTARTER_OPTIMIZE: Seed=0  Test=83  Generation=  6  Result=0.00051359  Best=0.00009501   Time=0.1  Run Time=411.2
FIRESTARTER_OPTIMIZE: Seed=0  Test=83  Generation=  7  Result=0.00022308  Best=0.00009501   Time=0.1  Run Time=411.6
FIRESTARTER_OPTIMIZE: Seed=0  Test=83  Generation=  8 *Result=0.00001756  Best=0.00001756   Time=0.1  Run Time=412.1
FIRESTARTER_OPTIMIZE: Seed=0  Test=83  Generation=  9 *Result=0.00000018  Best=0.00000018   Time=0.1  Run Time=412.6
