CUDA devices = 1
Device 0: NVIDIA GeForce RTX 4090

variations = 1
instructions = 32
registers = 30
opcodes = 2
patternOpcodes = 4

targetMin = 0.000000f
targetMax = 6.283185f
target = 0.000001f

mode = FIRESTARTER_OPTIMIZE
evolveSeed = 0
optimizeSeed = 0
tests = 256
streams = 1
units = 1
states = 1
generations = 0
population = 65536
passes = 512
attempts = 0
optimize = 1

scale = 0.300000f
startScale = 2.500000f
startResult = 10.000000f

FIRESTARTER_OPTIMIZE: Seed=0  Test=161  Generation=  2 *Result=0.00071323  Best=0.00071323   Time=0.1  Run Time=466.0
FIRESTARTER_OPTIMIZE: Seed=0  Test=161  Generation=  3 *Result=0.00018817  Best=0.00018817   Time=0.1  Run Time=466.4
FIRESTARTER_OPTIMIZE: Seed=0  Test=161  Generation=  4 *Result=0.00000232  Best=0.00000232   Time=0.1  Run Time=466.8
FIRESTARTER_OPTIMIZE: Seed=0  Test=161  Generation=  5  Result=0.00221057  Best=0.00000232   Time=0.1  Run Time=467.1
FIRESTARTER_OPTIMIZE: Seed=0  Test=161  Generation=  6 *Result=0.00000198  Best=0.00000198   Time=0.1  Run Time=467.5
FIRESTARTER_OPTIMIZE: Seed=0  Test=161  Generation=  7  Result=0.00066553  Best=0.00000198   Time=0.1  Run Time=467.9
FIRESTARTER_OPTIMIZE: Seed=0  Test=161  Generation=  8  Result=0.00006634  Best=0.00000198   Time=0.1  Run Time=468.2
FIRESTARTER_OPTIMIZE: Seed=0  Test=161  Generation=  9 *Result=0.00000037  Best=0.00000037   Time=0.1  Run Time=468.6
