CUDA devices = 1
Device 0: NVIDIA GeForce RTX 4090

variations = 1
instructions = 32
registers = 30
opcodes = 2
patternOpcodes = 4

targetMin = 0.000000f
targetMax = 6.283185f
target = 0.000001f

mode = FIRESTARTER_OPTIMIZE
evolveSeed = 0
optimizeSeed = 0
tests = 256
streams = 1
units = 1
states = 1
generations = 0
population = 65536
passes = 384
attempts = 0
optimize = 1

scale = 0.300000f
startScale = 2.500000f
startResult = 10.000000f

FIRESTARTER_OPTIMIZE: Seed=0  Test=22  Generation=  1 *Result=0.00006196  Best=0.00006196   Time=0.1  Run Time=76.8
FIRESTARTER_OPTIMIZE: Seed=0  Test=22  Generation=  2  Result=0.00029542  Best=0.00006196   Time=0.1  Run Time=76.9
FIRESTARTER_OPTIMIZE: Seed=0  Test=22  Generation=  3  Result=0.00025488  Best=0.00006196   Time=0.1  Run Time=77.1
FIRESTARTER_OPTIMIZE: Seed=0  Test=22  Generation=  4 *Result=0.00003126  Best=0.00003126   Time=0.1  Run Time=77.2
FIRESTARTER_OPTIMIZE: Seed=0  Test=22  Generation=  5  Result=0.00114474  Best=0.00003126   Time=0.1  Run Time=77.4
FIRESTARTER_OPTIMIZE: Seed=0  Test=22  Generation=  6 *Result=0.00001180  Best=0.00001180   Time=0.1  Run Time=77.5
FIRESTARTER_OPTIMIZE: Seed=0  Test=22  Generation=  7 *Result=0.00000739  Best=0.00000739   Time=0.1  Run Time=77.7
FIRESTARTER_OPTIMIZE: Seed=0  Test=22  Generation=  8  Result=0.00062108  Best=0.00000739   Time=0.1  Run Time=77.8
FIRESTARTER_OPTIMIZE: Seed=0  Test=22  Generation=  9 *Result=0.00000099  Best=0.00000099   Time=0.1  Run Time=78.0
