CUDA devices = 1
Device 0: NVIDIA GeForce RTX 4090

variations = 1
samples = 15
instructions = 32
registers = 30
opcodes = 2
patternOpcodes = 4

targetMin = 0.000000f
targetMax = 6.283185f
target = 0.000001f

mode = FIRESTARTER_OPTIMIZE
evolveSeed = 0
optimizeSeed = 0
tests = 256
streams = 1
units = 1
states = 1
generations = 0
population = 65536
iterations = 64
passes = 512
candidates = 16
attempts = 0
optimize = 1

scale = 0.100000f
startScale = 2.500000f
startResult = 10.000000f

FIRESTARTER_OPTIMIZE: Seed=0  Test=213  Generation=  2 *Result=0.00057267  Best=0.00057267   Time=0.1  Run Time=1156.2
FIRESTARTER_OPTIMIZE: Seed=0  Test=213  Generation=  3  Result=0.00318160  Best=0.00057267   Time=0.1  Run Time=1156.6
FIRESTARTER_OPTIMIZE: Seed=0  Test=213  Generation=  4 *Result=0.00017890  Best=0.00017890   Time=0.1  Run Time=1157.1
FIRESTARTER_OPTIMIZE: Seed=0  Test=213  Generation=  5 *Result=0.00013904  Best=0.00013904   Time=0.1  Run Time=1157.5
FIRESTARTER_OPTIMIZE: Seed=0  Test=213  Generation=  6 *Result=0.00000056  Best=0.00000056   Time=0.1  Run Time=1158.0
