CUDA devices = 1
Device 0: NVIDIA GeForce RTX 4090

variations = 1
samples = 15
instructions = 30
registers = 30
opcodes = 2
patternOpcodes = 4

targetMin = 0.000000f
targetMax = 6.283185f
target = 0.000001f

mode = FIRESTARTER_OPTIMIZE
evolveSeed = 0
optimizeSeed = 0
tests = 256
streams = 1
units = 1
states = 1
generations = 0
population = 65536
iterations = 64
passes = 512
candidates = 16
attempts = 0
optimize = 1

scale = 0.300000f
startScale = 2.500000f
startResult = 10.000000f

FIRESTARTER_OPTIMIZE: Seed=0  Test=203  Generation=  2 *Result=0.00000628  Best=0.00000628   Time=0.1  Run Time=707.4
FIRESTARTER_OPTIMIZE: Seed=0  Test=203  Generation=  3  Result=0.00035394  Best=0.00000628   Time=0.1  Run Time=707.9
FIRESTARTER_OPTIMIZE: Seed=0  Test=203  Generation=  4  Result=0.00055149  Best=0.00000628   Time=0.1  Run Time=708.3
FIRESTARTER_OPTIMIZE: Seed=0  Test=203  Generation=  5  Result=0.00001526  Best=0.00000628   Time=0.1  Run Time=708.7
FIRESTARTER_OPTIMIZE: Seed=0  Test=203  Generation=  6  Result=0.00164255  Best=0.00000628   Time=0.1  Run Time=709.2
FIRESTARTER_OPTIMIZE: Seed=0  Test=203  Generation=  7 *Result=0.00000457  Best=0.00000457   Time=0.1  Run Time=709.6
FIRESTARTER_OPTIMIZE: Seed=0  Test=203  Generation=  8  Result=0.00046539  Best=0.00000457   Time=0.1  Run Time=710.0
FIRESTARTER_OPTIMIZE: Seed=0  Test=203  Generation=  9  Result=0.00221092  Best=0.00000457   Time=0.1  Run Time=710.5
FIRESTARTER_OPTIMIZE: Seed=0  Test=203  Generation= 10  Result=0.00001608  Best=0.00000457   Time=0.1  Run Time=710.9
FIRESTARTER_OPTIMIZE: Seed=0  Test=203  Generation= 11  Result=0.00001823  Best=0.00000457   Time=0.1  Run Time=711.3
FIRESTARTER_OPTIMIZE: Seed=0  Test=203  Generation= 12  Result=0.00018239  Best=0.00000457   Time=0.1  Run Time=711.8
FIRESTARTER_OPTIMIZE: Seed=0  Test=203  Generation= 13 *Result=0.00000010  Best=0.00000010   Time=0.1  Run Time=712.2
