CUDA devices = 1
Device 0: NVIDIA GeForce RTX 4090

variations = 1
samples = 15
instructions = 30
registers = 30
opcodes = 2
patternOpcodes = 4

targetMin = 0.000000f
targetMax = 6.283185f
target = 0.000001f

mode = FIRESTARTER_OPTIMIZE
evolveSeed = 0
optimizeSeed = 0
tests = 256
streams = 1
units = 1
states = 1
generations = 0
population = 65536
iterations = 64
passes = 512
candidates = 16
attempts = 0
optimize = 1

scale = 0.300000f
startScale = 2.500000f
startResult = 10.000000f

FIRESTARTER_OPTIMIZE: Seed=0  Test=25  Generation=  2 *Result=0.00238448  Best=0.00238448   Time=0.1  Run Time=76.4
FIRESTARTER_OPTIMIZE: Seed=0  Test=25  Generation=  3 *Result=0.00044396  Best=0.00044396   Time=0.1  Run Time=76.8
FIRESTARTER_OPTIMIZE: Seed=0  Test=25  Generation=  4  Result=0.00058566  Best=0.00044396   Time=0.1  Run Time=77.3
FIRESTARTER_OPTIMIZE: Seed=0  Test=25  Generation=  5 *Result=0.00003600  Best=0.00003600   Time=0.1  Run Time=77.7
FIRESTARTER_OPTIMIZE: Seed=0  Test=25  Generation=  6  Result=0.00028247  Best=0.00003600   Time=0.1  Run Time=78.1
FIRESTARTER_OPTIMIZE: Seed=0  Test=25  Generation=  7 *Result=0.00003588  Best=0.00003588   Time=0.1  Run Time=78.6
FIRESTARTER_OPTIMIZE: Seed=0  Test=25  Generation=  8  Result=0.00013325  Best=0.00003588   Time=0.1  Run Time=79.0
FIRESTARTER_OPTIMIZE: Seed=0  Test=25  Generation=  9 *Result=0.00000011  Best=0.00000011   Time=0.1  Run Time=79.5
