CUDA devices = 1
Device 0: NVIDIA GeForce RTX 4090

variations = 1
instructions = 32
registers = 30
opcodes = 2
patternOpcodes = 4

targetMin = 0.000000f
targetMax = 6.283185f
target = 0.000001f

mode = FIRESTARTER_OPTIMIZE
evolveSeed = 1
optimizeSeed = 1
tests = 256
streams = 1
units = 1
states = 1
generations = 0
population = 65536
passes = 384
attempts = 0
optimize = 1

scale = 0.300000f
startScale = 2.500000f
startResult = 10.000000f

FIRESTARTER_OPTIMIZE: Seed=1  Test=105  Generation=  2 *Result=0.00014308  Best=0.00014308   Time=0.1  Run Time=245.7
FIRESTARTER_OPTIMIZE: Seed=1  Test=105  Generation=  3  Result=0.00151036  Best=0.00014308   Time=0.1  Run Time=246.0
FIRESTARTER_OPTIMIZE: Seed=1  Test=105  Generation=  4 *Result=0.00000198  Best=0.00000198   Time=0.1  Run Time=246.3
FIRESTARTER_OPTIMIZE: Seed=1  Test=105  Generation=  5  Result=0.00000798  Best=0.00000198   Time=0.1  Run Time=246.7
FIRESTARTER_OPTIMIZE: Seed=1  Test=105  Generation=  6  Result=0.00024103  Best=0.00000198   Time=0.1  Run Time=247.0
FIRESTARTER_OPTIMIZE: Seed=1  Test=105  Generation=  7  Result=0.00023008  Best=0.00000198   Time=0.1  Run Time=247.4
FIRESTARTER_OPTIMIZE: Seed=1  Test=105  Generation=  8 *Result=0.00000025  Best=0.00000025   Time=0.1  Run Time=247.8
