CUDA devices = 1
Device 0: NVIDIA GeForce RTX 4090

variations = 1
samples = 15
instructions = 32
registers = 30
opcodes = 2
patternOpcodes = 4

targetMin = 0.000000f
targetMax = 6.283185f
target = 0.000001f

mode = FIRESTARTER_OPTIMIZE
evolveSeed = 0
optimizeSeed = 0
tests = 256
streams = 1
units = 1
states = 1
generations = 0
population = 65536
iterations = 64
passes = 512
candidates = 16
attempts = 0
optimize = 1

scale = 0.200000f
startScale = 2.500000f
startResult = 10.000000f

FIRESTARTER_OPTIMIZE: Seed=0  Test=223  Generation=  2 *Result=0.00037385  Best=0.00037385   Time=0.1  Run Time=977.4
FIRESTARTER_OPTIMIZE: Seed=0  Test=223  Generation=  3 *Result=0.00006204  Best=0.00006204   Time=0.1  Run Time=977.8
FIRESTARTER_OPTIMIZE: Seed=0  Test=223  Generation=  4 *Result=0.00000191  Best=0.00000191   Time=0.1  Run Time=978.3
FIRESTARTER_OPTIMIZE: Seed=0  Test=223  Generation=  5  Result=0.00002187  Best=0.00000191   Time=0.1  Run Time=978.7
FIRESTARTER_OPTIMIZE: Seed=0  Test=223  Generation=  6  Result=0.00029512  Best=0.00000191   Time=0.1  Run Time=979.2
FIRESTARTER_OPTIMIZE: Seed=0  Test=223  Generation=  7  Result=0.00018239  Best=0.00000191   Time=0.1  Run Time=979.6
FIRESTARTER_OPTIMIZE: Seed=0  Test=223  Generation=  8  Result=0.00003674  Best=0.00000191   Time=0.1  Run Time=980.0
FIRESTARTER_OPTIMIZE: Seed=0  Test=223  Generation=  9 *Result=0.00000038  Best=0.00000038   Time=0.1  Run Time=980.5
