CUDA devices = 1
Device 0: NVIDIA GeForce RTX 4090

variations = 1
instructions = 32
registers = 30
opcodes = 2
patternOpcodes = 4

targetMin = 0.000000f
targetMax = 6.283185f
target = 0.000001f

mode = FIRESTARTER_OPTIMIZE
evolveSeed = 0
optimizeSeed = 0
tests = 256
streams = 1
units = 1
states = 1
generations = 0
population = 65536
passes = 384
attempts = 0
optimize = 1

scale = 0.300000f
startScale = 2.500000f
startResult = 10.000000f

FIRESTARTER_OPTIMIZE: Seed=0  Test=146  Generation=  2 *Result=0.00000231  Best=0.00000231   Time=0.1  Run Time=369.3
FIRESTARTER_OPTIMIZE: Seed=0  Test=146  Generation=  3  Result=0.00022563  Best=0.00000231   Time=0.1  Run Time=369.6
FIRESTARTER_OPTIMIZE: Seed=0  Test=146  Generation=  4  Result=0.00007578  Best=0.00000231   Time=0.1  Run Time=369.9
FIRESTARTER_OPTIMIZE: Seed=0  Test=146  Generation=  5  Result=0.00053251  Best=0.00000231   Time=0.1  Run Time=370.2
FIRESTARTER_OPTIMIZE: Seed=0  Test=146  Generation=  6  Result=0.00149805  Best=0.00000231   Time=0.1  Run Time=370.6
FIRESTARTER_OPTIMIZE: Seed=0  Test=146  Generation=  7  Result=0.00011351  Best=0.00000231   Time=0.1  Run Time=370.9
FIRESTARTER_OPTIMIZE: Seed=0  Test=146  Generation=  8  Result=0.00315515  Best=0.00000231   Time=0.1  Run Time=371.2
FIRESTARTER_OPTIMIZE: Seed=0  Test=146  Generation=  9  Result=0.00005044  Best=0.00000231   Time=0.1  Run Time=371.5
FIRESTARTER_OPTIMIZE: Seed=0  Test=146  Generation= 10  Result=0.00013298  Best=0.00000231   Time=0.1  Run Time=371.8
FIRESTARTER_OPTIMIZE: Seed=0  Test=146  Generation= 11  Result=0.00247048  Best=0.00000231   Time=0.1  Run Time=372.2
FIRESTARTER_OPTIMIZE: Seed=0  Test=146  Generation= 12 *Result=0.00000021  Best=0.00000021   Time=0.1  Run Time=372.5
