CUDA devices = 1
Device 0: NVIDIA GeForce RTX 4090

variations = 1
instructions = 32
registers = 30
opcodes = 2
patternOpcodes = 4

targetMin = 0.000000f
targetMax = 6.283185f
target = 0.000001f

mode = FIRESTARTER_OPTIMIZE
evolveSeed = 0
optimizeSeed = 0
tests = 256
streams = 1
units = 1
states = 1
generations = 0
population = 49152
passes = 256
attempts = 0
optimize = 1

scale = 0.300000f
startScale = 2.500000f
startResult = 10.000000f

FIRESTARTER_OPTIMIZE: Seed=0  Test=68  Generation=  2 *Result=0.00038139  Best=0.00038139   Time=0.1  Run Time=177.8
FIRESTARTER_OPTIMIZE: Seed=0  Test=68  Generation=  3 *Result=0.00003636  Best=0.00003636   Time=0.1  Run Time=178.1
FIRESTARTER_OPTIMIZE: Seed=0  Test=68  Generation=  4  Result=0.00018938  Best=0.00003636   Time=0.1  Run Time=178.4
FIRESTARTER_OPTIMIZE: Seed=0  Test=68  Generation=  5  Result=0.00153822  Best=0.00003636   Time=0.1  Run Time=178.7
FIRESTARTER_OPTIMIZE: Seed=0  Test=68  Generation=  6 *Result=0.00000241  Best=0.00000241   Time=0.1  Run Time=179.0
FIRESTARTER_OPTIMIZE: Seed=0  Test=68  Generation=  7  Result=0.00132127  Best=0.00000241   Time=0.1  Run Time=179.3
FIRESTARTER_OPTIMIZE: Seed=0  Test=68  Generation=  8 *Result=0.00000021  Best=0.00000021   Time=0.1  Run Time=179.6
