CUDA devices = 1
Device 0: NVIDIA GeForce RTX 4090

variations = 1
instructions = 32
registers = 30
opcodes = 2
patternOpcodes = 4

targetMin = 0.000000f
targetMax = 6.283185f
target = 0.000001f

mode = FIRESTARTER_OPTIMIZE
evolveSeed = 0
optimizeSeed = 0
tests = 256
streams = 1
units = 1
states = 1
generations = 0
population = 49152
passes = 512
attempts = 0
optimize = 1

scale = 0.300000f
startScale = 2.500000f
startResult = 10.000000f

FIRESTARTER_OPTIMIZE: Seed=0  Test=90  Generation=  2 *Result=0.00096403  Best=0.00096403   Time=0.1  Run Time=237.1
FIRESTARTER_OPTIMIZE: Seed=0  Test=90  Generation=  3  Result=0.00103327  Best=0.00096403   Time=0.1  Run Time=237.5
FIRESTARTER_OPTIMIZE: Seed=0  Test=90  Generation=  4 *Result=0.00003773  Best=0.00003773   Time=0.1  Run Time=237.8
FIRESTARTER_OPTIMIZE: Seed=0  Test=90  Generation=  5  Result=0.00014276  Best=0.00003773   Time=0.1  Run Time=238.1
FIRESTARTER_OPTIMIZE: Seed=0  Test=90  Generation=  6  Result=0.00011984  Best=0.00003773   Time=0.1  Run Time=238.5
FIRESTARTER_OPTIMIZE: Seed=0  Test=90  Generation=  7  Result=0.00061756  Best=0.00003773   Time=0.1  Run Time=238.8
FIRESTARTER_OPTIMIZE: Seed=0  Test=90  Generation=  8 *Result=0.00000679  Best=0.00000679   Time=0.1  Run Time=239.2
FIRESTARTER_OPTIMIZE: Seed=0  Test=90  Generation=  9 *Result=0.00000097  Best=0.00000097   Time=0.1  Run Time=239.5
