CUDA devices = 1
Device 0: NVIDIA GeForce RTX 4090

variations = 1
samples = 15
instructions = 32
registers = 30
opcodes = 2
patternOpcodes = 4

targetMin = 0.000000f
targetMax = 6.283185f
target = 0.000001f

mode = FIRESTARTER_OPTIMIZE
evolveSeed = 0
optimizeSeed = 0
tests = 256
streams = 1
units = 1
states = 1
generations = 0
population = 65536
iterations = 64
passes = 512
candidates = 16
attempts = 0
optimize = 1

scale = 0.100000f
startScale = 3.000000f
startResult = 10.000000f

FIRESTARTER_OPTIMIZE: Seed=0  Test=247  Generation=  2 *Result=0.00081247  Best=0.00081247   Time=0.1  Run Time=1477.8
FIRESTARTER_OPTIMIZE: Seed=0  Test=247  Generation=  3 *Result=0.00021377  Best=0.00021377   Time=0.1  Run Time=1478.2
FIRESTARTER_OPTIMIZE: Seed=0  Test=247  Generation=  4  Result=0.00048465  Best=0.00021377   Time=0.1  Run Time=1478.7
FIRESTARTER_OPTIMIZE: Seed=0  Test=247  Generation=  5  Result=0.00062354  Best=0.00021377   Time=0.1  Run Time=1479.1
FIRESTARTER_OPTIMIZE: Seed=0  Test=247  Generation=  6  Result=0.00614490  Best=0.00021377   Time=0.1  Run Time=1479.5
FIRESTARTER_OPTIMIZE: Seed=0  Test=247  Generation=  7 *Result=0.00000968  Best=0.00000968   Time=0.1  Run Time=1480.0
FIRESTARTER_OPTIMIZE: Seed=0  Test=247  Generation=  8  Result=0.00035773  Best=0.00000968   Time=0.1  Run Time=1480.4
FIRESTARTER_OPTIMIZE: Seed=0  Test=247  Generation=  9  Result=0.00161278  Best=0.00000968   Time=0.1  Run Time=1480.9
FIRESTARTER_OPTIMIZE: Seed=0  Test=247  Generation= 10  Result=0.00063918  Best=0.00000968   Time=0.1  Run Time=1481.4
FIRESTARTER_OPTIMIZE: Seed=0  Test=247  Generation= 11  Result=0.00074649  Best=0.00000968   Time=0.1  Run Time=1481.8
FIRESTARTER_OPTIMIZE: Seed=0  Test=247  Generation= 12 *Result=0.00000088  Best=0.00000088   Time=0.1  Run Time=1482.2
