CUDA devices = 1
Device 0: NVIDIA GeForce RTX 4090

variations = 1
samples = 15
instructions = 32
registers = 30
opcodes = 2
patternOpcodes = 4

targetMin = 0.000000f
targetMax = 6.283185f
target = 0.000001f

mode = FIRESTARTER_OPTIMIZE
evolveSeed = 0
optimizeSeed = 0
tests = 256
streams = 1
units = 1
states = 1
generations = 0
population = 65536
iterations = 64
passes = 512
candidates = 16
attempts = 0
optimize = 1

scale = 0.100000f
startScale = 3.000000f
startResult = 10.000000f

FIRESTARTER_OPTIMIZE: Seed=0  Test=121  Generation=  2 *Result=0.00193715  Best=0.00193715   Time=0.1  Run Time=757.0
FIRESTARTER_OPTIMIZE: Seed=0  Test=121  Generation=  3 *Result=0.00015381  Best=0.00015381   Time=0.1  Run Time=757.5
FIRESTARTER_OPTIMIZE: Seed=0  Test=121  Generation=  4  Result=0.00630054  Best=0.00015381   Time=0.1  Run Time=757.9
FIRESTARTER_OPTIMIZE: Seed=0  Test=121  Generation=  5  Result=0.00054725  Best=0.00015381   Time=0.1  Run Time=758.4
FIRESTARTER_OPTIMIZE: Seed=0  Test=121  Generation=  6 *Result=0.00002433  Best=0.00002433   Time=0.1  Run Time=758.8
FIRESTARTER_OPTIMIZE: Seed=0  Test=121  Generation=  7  Result=0.00058759  Best=0.00002433   Time=0.1  Run Time=759.3
FIRESTARTER_OPTIMIZE: Seed=0  Test=121  Generation=  8  Result=0.00817746  Best=0.00002433   Time=0.1  Run Time=759.7
FIRESTARTER_OPTIMIZE: Seed=0  Test=121  Generation=  9  Result=0.00011859  Best=0.00002433   Time=0.1  Run Time=760.2
FIRESTARTER_OPTIMIZE: Seed=0  Test=121  Generation= 10 *Result=0.00000029  Best=0.00000029   Time=0.1  Run Time=760.6
