CUDA devices = 1
Device 0: NVIDIA GeForce RTX 4090

variations = 1
instructions = 32
registers = 30
opcodes = 2
patternOpcodes = 4

targetMin = 0.000000f
targetMax = 6.283185f
target = 0.000001f

mode = FIRESTARTER_OPTIMIZE
evolveSeed = 0
optimizeSeed = 0
tests = 256
streams = 1
units = 1
states = 1
generations = 0
population = 65536
passes = 384
attempts = 0
optimize = 1

scale = 0.300000f
startScale = 2.500000f
startResult = 10.000000f

FIRESTARTER_OPTIMIZE: Seed=0  Test=192  Generation=  2 *Result=0.00018912  Best=0.00018912   Time=0.1  Run Time=495.0
FIRESTARTER_OPTIMIZE: Seed=0  Test=192  Generation=  3 *Result=0.00000412  Best=0.00000412   Time=0.1  Run Time=495.3
FIRESTARTER_OPTIMIZE: Seed=0  Test=192  Generation=  4  Result=0.00005835  Best=0.00000412   Time=0.1  Run Time=495.6
FIRESTARTER_OPTIMIZE: Seed=0  Test=192  Generation=  5  Result=0.00000991  Best=0.00000412   Time=0.1  Run Time=496.0
FIRESTARTER_OPTIMIZE: Seed=0  Test=192  Generation=  6 *Result=0.00000376  Best=0.00000376   Time=0.1  Run Time=496.3
FIRESTARTER_OPTIMIZE: Seed=0  Test=192  Generation=  7  Result=0.00005806  Best=0.00000376   Time=0.1  Run Time=496.6
FIRESTARTER_OPTIMIZE: Seed=0  Test=192  Generation=  8  Result=0.00010631  Best=0.00000376   Time=0.1  Run Time=496.9
FIRESTARTER_OPTIMIZE: Seed=0  Test=192  Generation=  9  Result=0.00001181  Best=0.00000376   Time=0.1  Run Time=497.3
FIRESTARTER_OPTIMIZE: Seed=0  Test=192  Generation= 10 *Result=0.00000038  Best=0.00000038   Time=0.1  Run Time=497.6
