CUDA devices = 1
Device 0: NVIDIA GeForce RTX 4090

variations = 1
samples = 15
instructions = 32
registers = 30
opcodes = 2
patternOpcodes = 4

targetMin = 0.000000f
targetMax = 6.283185f
target = 0.000001f

mode = FIRESTARTER_OPTIMIZE
evolveSeed = 0
optimizeSeed = 0
tests = 256
streams = 1
units = 1
states = 1
generations = 0
population = 65536
iterations = 64
passes = 512
candidates = 16
attempts = 0
optimize = 1

scale = 0.100000f
startScale = 2.500000f
startResult = 10.000000f

FIRESTARTER_OPTIMIZE: Seed=0  Test=205  Generation=  2 *Result=0.00050783  Best=0.00050783   Time=0.1  Run Time=1116.9
FIRESTARTER_OPTIMIZE: Seed=0  Test=205  Generation=  3 *Result=0.00005180  Best=0.00005180   Time=0.1  Run Time=1117.4
FIRESTARTER_OPTIMIZE: Seed=0  Test=205  Generation=  4  Result=0.00031468  Best=0.00005180   Time=0.1  Run Time=1117.8
FIRESTARTER_OPTIMIZE: Seed=0  Test=205  Generation=  5 *Result=0.00001846  Best=0.00001846   Time=0.1  Run Time=1118.3
FIRESTARTER_OPTIMIZE: Seed=0  Test=205  Generation=  6 *Result=0.00000231  Best=0.00000231   Time=0.1  Run Time=1118.7
FIRESTARTER_OPTIMIZE: Seed=0  Test=205  Generation=  7  Result=0.00000329  Best=0.00000231   Time=0.1  Run Time=1119.2
FIRESTARTER_OPTIMIZE: Seed=0  Test=205  Generation=  8  Result=0.00070322  Best=0.00000231   Time=0.1  Run Time=1119.6
FIRESTARTER_OPTIMIZE: Seed=0  Test=205  Generation=  9  Result=0.00100319  Best=0.00000231   Time=0.1  Run Time=1120.1
FIRESTARTER_OPTIMIZE: Seed=0  Test=205  Generation= 10  Result=0.00026804  Best=0.00000231   Time=0.1  Run Time=1120.5
FIRESTARTER_OPTIMIZE: Seed=0  Test=205  Generation= 11  Result=0.00020702  Best=0.00000231   Time=0.1  Run Time=1121.0
FIRESTARTER_OPTIMIZE: Seed=0  Test=205  Generation= 12 *Result=0.00000084  Best=0.00000084   Time=0.1  Run Time=1121.4
