CUDA devices = 1
Device 0: NVIDIA GeForce RTX 4090

variations = 1
samples = 15
instructions = 28
registers = 28
opcodes = 2
patternOpcodes = 4

targetMin = 0.000000f
targetMax = 6.283185f
target = 0.000001f

mode = FIRESTARTER_OPTIMIZE
evolveSeed = 0
optimizeSeed = 0
tests = 256
streams = 1
units = 1
states = 1
generations = 0
population = 65536
iterations = 64
passes = 512
candidates = 16
attempts = 0
optimize = 1

scale = 0.300000f
startScale = 2.500000f
startResult = 10.000000f

FIRESTARTER_OPTIMIZE: Seed=0  Test=122  Generation=  2 *Result=0.00140783  Best=0.00140783   Time=0.1  Run Time=448.0
FIRESTARTER_OPTIMIZE: Seed=0  Test=122  Generation=  3 *Result=0.00000252  Best=0.00000252   Time=0.1  Run Time=448.4
FIRESTARTER_OPTIMIZE: Seed=0  Test=122  Generation=  4  Result=0.00006022  Best=0.00000252   Time=0.1  Run Time=448.8
FIRESTARTER_OPTIMIZE: Seed=0  Test=122  Generation=  5  Result=0.00005463  Best=0.00000252   Time=0.1  Run Time=449.3
FIRESTARTER_OPTIMIZE: Seed=0  Test=122  Generation=  6  Result=0.00000413  Best=0.00000252   Time=0.1  Run Time=449.7
FIRESTARTER_OPTIMIZE: Seed=0  Test=122  Generation=  7  Result=0.00224991  Best=0.00000252   Time=0.1  Run Time=450.1
FIRESTARTER_OPTIMIZE: Seed=0  Test=122  Generation=  8  Result=0.00151944  Best=0.00000252   Time=0.1  Run Time=450.5
FIRESTARTER_OPTIMIZE: Seed=0  Test=122  Generation=  9 *Result=0.00000164  Best=0.00000164   Time=0.1  Run Time=451.0
FIRESTARTER_OPTIMIZE: Seed=0  Test=122  Generation= 10  Result=0.00064955  Best=0.00000164   Time=0.1  Run Time=451.4
FIRESTARTER_OPTIMIZE: Seed=0  Test=122  Generation= 11  Result=0.00149629  Best=0.00000164   Time=0.1  Run Time=451.8
FIRESTARTER_OPTIMIZE: Seed=0  Test=122  Generation= 12  Result=0.00000655  Best=0.00000164   Time=0.1  Run Time=452.2
FIRESTARTER_OPTIMIZE: Seed=0  Test=122  Generation= 13 *Result=0.00000065  Best=0.00000065   Time=0.1  Run Time=452.6
