CUDA devices = 1
Device 0: NVIDIA GeForce RTX 4090

variations = 1
instructions = 32
registers = 30
opcodes = 2
patternOpcodes = 4

targetMin = 0.000000f
targetMax = 6.283185f
target = 0.000001f

mode = FIRESTARTER_OPTIMIZE
evolveSeed = 1
optimizeSeed = 1
tests = 256
streams = 1
units = 1
states = 1
generations = 0
population = 65536
passes = 512
attempts = 0
optimize = 1

scale = 0.300000f
startScale = 2.500000f
startResult = 10.000000f

FIRESTARTER_OPTIMIZE: Seed=1  Test=215  Generation=  2 *Result=0.00003344  Best=0.00003344   Time=0.1  Run Time=673.0
FIRESTARTER_OPTIMIZE: Seed=1  Test=215  Generation=  3  Result=0.00023106  Best=0.00003344   Time=0.1  Run Time=673.4
FIRESTARTER_OPTIMIZE: Seed=1  Test=215  Generation=  4 *Result=0.00002507  Best=0.00002507   Time=0.1  Run Time=673.8
FIRESTARTER_OPTIMIZE: Seed=1  Test=215  Generation=  5  Result=0.00058802  Best=0.00002507   Time=0.1  Run Time=674.2
FIRESTARTER_OPTIMIZE: Seed=1  Test=215  Generation=  6  Result=0.00068489  Best=0.00002507   Time=0.1  Run Time=674.7
FIRESTARTER_OPTIMIZE: Seed=1  Test=215  Generation=  7  Result=0.00007069  Best=0.00002507   Time=0.1  Run Time=675.1
FIRESTARTER_OPTIMIZE: Seed=1  Test=215  Generation=  8  Result=0.00028279  Best=0.00002507   Time=0.1  Run Time=675.5
FIRESTARTER_OPTIMIZE: Seed=1  Test=215  Generation=  9  Result=0.00199383  Best=0.00002507   Time=0.1  Run Time=676.0
FIRESTARTER_OPTIMIZE: Seed=1  Test=215  Generation= 10  Result=0.00088413  Best=0.00002507   Time=0.1  Run Time=676.4
FIRESTARTER_OPTIMIZE: Seed=1  Test=215  Generation= 11 *Result=0.00000017  Best=0.00000017   Time=0.1  Run Time=676.8
