CUDA devices = 1
Device 0: NVIDIA GeForce RTX 4090

variations = 1
instructions = 32
registers = 30
opcodes = 2
patternOpcodes = 4

targetMin = 0.000000f
targetMax = 6.283185f
target = 0.000001f

mode = FIRESTARTER_OPTIMIZE
evolveSeed = 1
optimizeSeed = 1
tests = 256
streams = 1
units = 1
states = 1
generations = 0
population = 65536
passes = 384
attempts = 0
optimize = 1

scale = 0.300000f
startScale = 2.500000f
startResult = 10.000000f

FIRESTARTER_OPTIMIZE: Seed=1  Test=146  Generation=  2 *Result=0.00000331  Best=0.00000331   Time=0.1  Run Time=352.9
FIRESTARTER_OPTIMIZE: Seed=1  Test=146  Generation=  3  Result=0.00012723  Best=0.00000331   Time=0.1  Run Time=353.2
FIRESTARTER_OPTIMIZE: Seed=1  Test=146  Generation=  4  Result=0.00003312  Best=0.00000331   Time=0.1  Run Time=353.5
FIRESTARTER_OPTIMIZE: Seed=1  Test=146  Generation=  5  Result=0.00050175  Best=0.00000331   Time=0.1  Run Time=353.8
FIRESTARTER_OPTIMIZE: Seed=1  Test=146  Generation=  6  Result=0.00149574  Best=0.00000331   Time=0.1  Run Time=354.1
FIRESTARTER_OPTIMIZE: Seed=1  Test=146  Generation=  7  Result=0.00005638  Best=0.00000331   Time=0.1  Run Time=354.4
FIRESTARTER_OPTIMIZE: Seed=1  Test=146  Generation=  8  Result=0.00308205  Best=0.00000331   Time=0.1  Run Time=354.7
FIRESTARTER_OPTIMIZE: Seed=1  Test=146  Generation=  9  Result=0.00005266  Best=0.00000331   Time=0.1  Run Time=355.0
FIRESTARTER_OPTIMIZE: Seed=1  Test=146  Generation= 10  Result=0.00013435  Best=0.00000331   Time=0.1  Run Time=355.3
FIRESTARTER_OPTIMIZE: Seed=1  Test=146  Generation= 11  Result=0.00246966  Best=0.00000331   Time=0.1  Run Time=355.6
FIRESTARTER_OPTIMIZE: Seed=1  Test=146  Generation= 12 *Result=0.00000014  Best=0.00000014   Time=0.1  Run Time=355.9
