CUDA devices = 1
Device 0: NVIDIA GeForce RTX 4090

variations = 1
instructions = 32
registers = 30
opcodes = 2
patternOpcodes = 4

targetMin = 0.000000f
targetMax = 6.283185f
target = 0.000001f

mode = FIRESTARTER_OPTIMIZE
evolveSeed = 0
optimizeSeed = 0
tests = 256
streams = 1
units = 1
states = 1
generations = 0
population = 65536
passes = 384
attempts = 0
optimize = 1

scale = 0.300000f
startScale = 2.500000f
startResult = 10.000000f

FIRESTARTER_OPTIMIZE: Seed=0  Test=230  Generation=  2 *Result=0.00023472  Best=0.00023472   Time=0.1  Run Time=635.7
FIRESTARTER_OPTIMIZE: Seed=0  Test=230  Generation=  3  Result=0.00056231  Best=0.00023472   Time=0.1  Run Time=636.1
FIRESTARTER_OPTIMIZE: Seed=0  Test=230  Generation=  4 *Result=0.00000214  Best=0.00000214   Time=0.1  Run Time=636.4
FIRESTARTER_OPTIMIZE: Seed=0  Test=230  Generation=  5  Result=0.00065415  Best=0.00000214   Time=0.1  Run Time=636.8
FIRESTARTER_OPTIMIZE: Seed=0  Test=230  Generation=  6  Result=0.00005956  Best=0.00000214   Time=0.1  Run Time=637.1
FIRESTARTER_OPTIMIZE: Seed=0  Test=230  Generation=  7  Result=0.00005260  Best=0.00000214   Time=0.1  Run Time=637.5
FIRESTARTER_OPTIMIZE: Seed=0  Test=230  Generation=  8  Result=0.00004598  Best=0.00000214   Time=0.1  Run Time=637.8
FIRESTARTER_OPTIMIZE: Seed=0  Test=230  Generation=  9  Result=0.00012260  Best=0.00000214   Time=0.1  Run Time=638.1
FIRESTARTER_OPTIMIZE: Seed=0  Test=230  Generation= 10 *Result=0.00000010  Best=0.00000010   Time=0.1  Run Time=638.4
