CUDA devices = 1
Device 0: NVIDIA GeForce RTX 4090

variations = 1
instructions = 32
registers = 30
opcodes = 2
patternOpcodes = 4

targetMin = 0.000000f
targetMax = 6.283185f
target = 0.000001f

mode = FIRESTARTER_OPTIMIZE
evolveSeed = 0
optimizeSeed = 0
tests = 256
streams = 1
units = 1
states = 1
generations = 0
population = 32768
passes = 512
attempts = 0
optimize = 1

scale = 0.300000f
startScale = 2.500000f
startResult = 10.000000f

FIRESTARTER_OPTIMIZE: Seed=0  Test=124  Generation=  2 *Result=0.00028397  Best=0.00028397   Time=0.1  Run Time=361.5
FIRESTARTER_OPTIMIZE: Seed=0  Test=124  Generation=  3 *Result=0.00013429  Best=0.00013429   Time=0.1  Run Time=361.9
FIRESTARTER_OPTIMIZE: Seed=0  Test=124  Generation=  4  Result=0.00040877  Best=0.00013429   Time=0.1  Run Time=362.2
FIRESTARTER_OPTIMIZE: Seed=0  Test=124  Generation=  5  Result=0.00056292  Best=0.00013429   Time=0.1  Run Time=362.5
FIRESTARTER_OPTIMIZE: Seed=0  Test=124  Generation=  6  Result=0.00021603  Best=0.00013429   Time=0.1  Run Time=362.8
FIRESTARTER_OPTIMIZE: Seed=0  Test=124  Generation=  7 *Result=0.00006180  Best=0.00006180   Time=0.1  Run Time=363.2
FIRESTARTER_OPTIMIZE: Seed=0  Test=124  Generation=  8  Result=0.00016141  Best=0.00006180   Time=0.1  Run Time=363.5
FIRESTARTER_OPTIMIZE: Seed=0  Test=124  Generation=  9  Result=0.00012259  Best=0.00006180   Time=0.1  Run Time=363.9
FIRESTARTER_OPTIMIZE: Seed=0  Test=124  Generation= 10 *Result=0.00000481  Best=0.00000481   Time=0.1  Run Time=364.2
FIRESTARTER_OPTIMIZE: Seed=0  Test=124  Generation= 11  Result=0.00143814  Best=0.00000481   Time=0.1  Run Time=364.6
FIRESTARTER_OPTIMIZE: Seed=0  Test=124  Generation= 12 *Result=0.00000037  Best=0.00000037   Time=0.1  Run Time=364.9
