CUDA devices = 1
Device 0: NVIDIA GeForce RTX 4090

variations = 1
samples = 15
instructions = 32
registers = 30
opcodes = 2
patternOpcodes = 4

targetMin = 0.000000f
targetMax = 6.283185f
target = 0.000001f

mode = FIRESTARTER_OPTIMIZE
evolveSeed = 0
optimizeSeed = 0
tests = 256
streams = 1
units = 1
states = 1
generations = 0
population = 65536
iterations = 64
passes = 512
candidates = 16
attempts = 0
optimize = 1

scale = 0.100000f
startScale = 3.000000f
startResult = 10.000000f

FIRESTARTER_OPTIMIZE: Seed=0  Test=245  Generation=  2 *Result=0.00047600  Best=0.00047600   Time=0.1  Run Time=1471.8
FIRESTARTER_OPTIMIZE: Seed=0  Test=245  Generation=  3  Result=0.00062958  Best=0.00047600   Time=0.1  Run Time=1472.3
FIRESTARTER_OPTIMIZE: Seed=0  Test=245  Generation=  4  Result=0.00048140  Best=0.00047600   Time=0.1  Run Time=1472.7
FIRESTARTER_OPTIMIZE: Seed=0  Test=245  Generation=  5  Result=0.00096115  Best=0.00047600   Time=0.1  Run Time=1473.2
FIRESTARTER_OPTIMIZE: Seed=0  Test=245  Generation=  6 *Result=0.00020275  Best=0.00020275   Time=0.1  Run Time=1473.6
FIRESTARTER_OPTIMIZE: Seed=0  Test=245  Generation=  7 *Result=0.00000032  Best=0.00000032   Time=0.1  Run Time=1474.1
