CUDA devices = 1
Device 0: NVIDIA GeForce RTX 4090

variations = 1
instructions = 32
registers = 30
opcodes = 2
patternOpcodes = 4

targetMin = 0.000000f
targetMax = 6.283185f
target = 0.000001f

mode = FIRESTARTER_OPTIMIZE
evolveSeed = 0
optimizeSeed = 0
tests = 256
streams = 1
units = 1
states = 1
generations = 0
population = 32768
passes = 512
attempts = 0
optimize = 1

scale = 0.300000f
startScale = 2.500000f
startResult = 10.000000f

FIRESTARTER_OPTIMIZE: Seed=0  Test=67  Generation=  2 *Result=0.00063562  Best=0.00063562   Time=0.1  Run Time=186.3
FIRESTARTER_OPTIMIZE: Seed=0  Test=67  Generation=  3  Result=0.00086567  Best=0.00063562   Time=0.1  Run Time=186.6
FIRESTARTER_OPTIMIZE: Seed=0  Test=67  Generation=  4 *Result=0.00001493  Best=0.00001493   Time=0.1  Run Time=187.0
FIRESTARTER_OPTIMIZE: Seed=0  Test=67  Generation=  5 *Result=0.00000485  Best=0.00000485   Time=0.1  Run Time=187.3
FIRESTARTER_OPTIMIZE: Seed=0  Test=67  Generation=  6  Result=0.00002745  Best=0.00000485   Time=0.1  Run Time=187.7
FIRESTARTER_OPTIMIZE: Seed=0  Test=67  Generation=  7  Result=0.00018805  Best=0.00000485   Time=0.1  Run Time=188.0
FIRESTARTER_OPTIMIZE: Seed=0  Test=67  Generation=  8  Result=0.00007684  Best=0.00000485   Time=0.1  Run Time=188.3
FIRESTARTER_OPTIMIZE: Seed=0  Test=67  Generation=  9 *Result=0.00000082  Best=0.00000082   Time=0.1  Run Time=188.7
