CUDA devices = 1
Device 0: NVIDIA GeForce RTX 4090

variations = 1
instructions = 32
registers = 30
opcodes = 2
patternOpcodes = 4

targetMin = 0.000000f
targetMax = 6.283185f
target = 0.000001f

mode = FIRESTARTER_OPTIMIZE
evolveSeed = 1
optimizeSeed = 1
tests = 256
streams = 1
units = 1
states = 1
generations = 0
population = 65536
passes = 512
attempts = 0
optimize = 1

scale = 0.300000f
startScale = 2.500000f
startResult = 10.000000f

FIRESTARTER_OPTIMIZE: Seed=1  Test=12  Generation=  2 *Result=0.00021084  Best=0.00021084   Time=0.1  Run Time=28.9
FIRESTARTER_OPTIMIZE: Seed=1  Test=12  Generation=  3  Result=0.00106665  Best=0.00021084   Time=0.1  Run Time=29.3
FIRESTARTER_OPTIMIZE: Seed=1  Test=12  Generation=  4 *Result=0.00006651  Best=0.00006651   Time=0.1  Run Time=29.8
FIRESTARTER_OPTIMIZE: Seed=1  Test=12  Generation=  5  Result=0.00010419  Best=0.00006651   Time=0.1  Run Time=30.2
FIRESTARTER_OPTIMIZE: Seed=1  Test=12  Generation=  6  Result=0.00046370  Best=0.00006651   Time=0.1  Run Time=30.6
FIRESTARTER_OPTIMIZE: Seed=1  Test=12  Generation=  7  Result=0.00012648  Best=0.00006651   Time=0.1  Run Time=31.1
FIRESTARTER_OPTIMIZE: Seed=1  Test=12  Generation=  8  Result=0.00137981  Best=0.00006651   Time=0.1  Run Time=31.5
FIRESTARTER_OPTIMIZE: Seed=1  Test=12  Generation=  9  Result=0.00026541  Best=0.00006651   Time=0.1  Run Time=32.0
FIRESTARTER_OPTIMIZE: Seed=1  Test=12  Generation= 10 *Result=0.00000046  Best=0.00000046   Time=0.1  Run Time=32.4
