CUDA devices = 1
Device 0: NVIDIA GeForce RTX 4090

variations = 1
samples = 15
instructions = 32
registers = 30
opcodes = 2
patternOpcodes = 4

targetMin = 0.000000f
targetMax = 6.283185f
target = 0.000001f

mode = FIRESTARTER_OPTIMIZE
evolveSeed = 0
optimizeSeed = 0
tests = 256
streams = 1
units = 1
states = 1
generations = 0
population = 65536
iterations = 64
passes = 512
candidates = 16
attempts = 0
optimize = 1

scale = 0.300000f
startScale = 2.500000f
startResult = 10.000000f

FIRESTARTER_OPTIMIZE: Seed=0  Test=93  Generation=  2 *Result=0.00027627  Best=0.00027627   Time=0.1  Run Time=269.8
FIRESTARTER_OPTIMIZE: Seed=0  Test=93  Generation=  3 *Result=0.00007365  Best=0.00007365   Time=0.1  Run Time=270.2
FIRESTARTER_OPTIMIZE: Seed=0  Test=93  Generation=  4 *Result=0.00001694  Best=0.00001694   Time=0.1  Run Time=270.6
FIRESTARTER_OPTIMIZE: Seed=0  Test=93  Generation=  5 *Result=0.00001499  Best=0.00001499   Time=0.1  Run Time=270.9
FIRESTARTER_OPTIMIZE: Seed=0  Test=93  Generation=  6  Result=0.00028816  Best=0.00001499   Time=0.1  Run Time=271.3
FIRESTARTER_OPTIMIZE: Seed=0  Test=93  Generation=  7  Result=0.00024652  Best=0.00001499   Time=0.1  Run Time=271.7
FIRESTARTER_OPTIMIZE: Seed=0  Test=93  Generation=  8  Result=0.00086409  Best=0.00001499   Time=0.1  Run Time=272.1
FIRESTARTER_OPTIMIZE: Seed=0  Test=93  Generation=  9 *Result=0.00000342  Best=0.00000342   Time=0.1  Run Time=272.5
FIRESTARTER_OPTIMIZE: Seed=0  Test=93  Generation= 10 *Result=0.00000012  Best=0.00000012   Time=0.1  Run Time=272.8
