CUDA devices = 1
Device 0: NVIDIA GeForce RTX 4090

variations = 1
samples = 15
instructions = 32
registers = 30
opcodes = 2
patternOpcodes = 4

targetMin = 0.000000f
targetMax = 6.283185f
target = 0.000001f

mode = FIRESTARTER_OPTIMIZE
evolveSeed = 0
optimizeSeed = 0
tests = 256
streams = 1
units = 1
states = 1
generations = 0
population = 65536
iterations = 64
passes = 512
candidates = 16
attempts = 0
optimize = 1

scale = 0.150000f
startScale = 2.500000f
startResult = 10.000000f

FIRESTARTER_OPTIMIZE: Seed=0  Test=200  Generation=  2 *Result=0.00008146  Best=0.00008146   Time=0.1  Run Time=1001.5
FIRESTARTER_OPTIMIZE: Seed=0  Test=200  Generation=  3 *Result=0.00000982  Best=0.00000982   Time=0.1  Run Time=1002.0
FIRESTARTER_OPTIMIZE: Seed=0  Test=200  Generation=  4  Result=0.00023813  Best=0.00000982   Time=0.1  Run Time=1002.5
FIRESTARTER_OPTIMIZE: Seed=0  Test=200  Generation=  5  Result=0.00009361  Best=0.00000982   Time=0.1  Run Time=1002.9
FIRESTARTER_OPTIMIZE: Seed=0  Test=200  Generation=  6  Result=0.00004085  Best=0.00000982   Time=0.1  Run Time=1003.4
FIRESTARTER_OPTIMIZE: Seed=0  Test=200  Generation=  7 *Result=0.00000451  Best=0.00000451   Time=0.1  Run Time=1003.9
FIRESTARTER_OPTIMIZE: Seed=0  Test=200  Generation=  8  Result=0.00018746  Best=0.00000451   Time=0.1  Run Time=1004.4
FIRESTARTER_OPTIMIZE: Seed=0  Test=200  Generation=  9  Result=0.00006235  Best=0.00000451   Time=0.1  Run Time=1004.8
FIRESTARTER_OPTIMIZE: Seed=0  Test=200  Generation= 10  Result=0.00143952  Best=0.00000451   Time=0.1  Run Time=1005.3
FIRESTARTER_OPTIMIZE: Seed=0  Test=200  Generation= 11 *Result=0.00000050  Best=0.00000050   Time=0.1  Run Time=1005.8
