CUDA devices = 1
Device 0: NVIDIA GeForce RTX 4090

variations = 1
samples = 15
instructions = 32
registers = 30
opcodes = 2
patternOpcodes = 4

targetMin = 0.000000f
targetMax = 6.283185f
target = 0.000001f

mode = FIRESTARTER_OPTIMIZE
evolveSeed = 0
optimizeSeed = 0
tests = 256
streams = 1
units = 1
states = 1
generations = 0
population = 65536
iterations = 64
passes = 500
candidates = 16
attempts = 0
optimize = 1

scale = 0.100000f
startScale = 2.000000f
startResult = 10.000000f

FIRESTARTER_OPTIMIZE: Seed=0  Test=161  Generation=  2 *Result=0.00258546  Best=0.00258546   Time=0.1 Seconds  Run Time=1781.6 Seconds
FIRESTARTER_OPTIMIZE: Seed=0  Test=161  Generation=  3 *Result=0.00000484  Best=0.00000484   Time=0.1 Seconds  Run Time=1782.1 Seconds
FIRESTARTER_OPTIMIZE: Seed=0  Test=161  Generation=  4  Result=0.00026757  Best=0.00000484   Time=0.1 Seconds  Run Time=1782.5 Seconds
FIRESTARTER_OPTIMIZE: Seed=0  Test=161  Generation=  5  Result=0.00024503  Best=0.00000484   Time=0.1 Seconds  Run Time=1782.9 Seconds
FIRESTARTER_OPTIMIZE: Seed=0  Test=161  Generation=  6  Result=0.00003811  Best=0.00000484   Time=0.1 Seconds  Run Time=1783.3 Seconds
FIRESTARTER_OPTIMIZE: Seed=0  Test=161  Generation=  7  Result=0.00005734  Best=0.00000484   Time=0.1 Seconds  Run Time=1783.7 Seconds
FIRESTARTER_OPTIMIZE: Seed=0  Test=161  Generation=  8  Result=0.00009350  Best=0.00000484   Time=0.1 Seconds  Run Time=1784.2 Seconds
FIRESTARTER_OPTIMIZE: Seed=0  Test=161  Generation=  9 *Result=0.00000221  Best=0.00000221   Time=0.1 Seconds  Run Time=1784.6 Seconds
FIRESTARTER_OPTIMIZE: Seed=0  Test=161  Generation= 10  Result=0.00021738  Best=0.00000221   Time=0.1 Seconds  Run Time=1785.0 Seconds
FIRESTARTER_OPTIMIZE: Seed=0  Test=161  Generation= 11  Result=0.00018317  Best=0.00000221   Time=0.1 Seconds  Run Time=1785.4 Seconds
FIRESTARTER_OPTIMIZE: Seed=0  Test=161  Generation= 12  Result=0.00014072  Best=0.00000221   Time=0.1 Seconds  Run Time=1785.8 Seconds
FIRESTARTER_OPTIMIZE: Seed=0  Test=161  Generation= 13  Result=0.00008959  Best=0.00000221   Time=0.1 Seconds  Run Time=1786.2 Seconds
FIRESTARTER_OPTIMIZE: Seed=0  Test=161  Generation= 14 *Result=0.00000040  Best=0.00000040   Time=0.1 Seconds  Run Time=1786.7 Seconds
