CUDA devices = 1
Device 0: NVIDIA GeForce RTX 4090

variations = 3
samples = 15
instructions = 32
registers = 30
opcodes = 2
patternOpcodes = 4

targetMin = 0.000000f
targetMax = 6.283185f
evolveTarget = 0.000001f

mode = FIRESTARTER_EVOLVE
evolveSeed = 0
optimizeSeed = 0
tests = 16
streams = 1
units = 8
states = 16
generations = 0
population = 278528
iterations = 64
passes = 500
candidates = 16
attempts = 0
optimize = 8

scale = 0.100000f
startScale = 2.000000f
startResult = 10.000000f

FIRESTARTER_OPTIMIZE: Seed=0  Test= 0  Optimize=0 *Result=0.00000072  Best=0.00000072  BestError=0.00000048  Time=22.1 Seconds  Run Time=2365.7 Seconds
FIRESTARTER_OPTIMIZE: Seed=0  Test= 0  Optimize=1 *Result=0.00000072  Best=0.00000072  BestError=0.00000048  Time=2.6 Seconds  Run Time=2368.3 Seconds
FIRESTARTER_OPTIMIZE: Seed=0  Test= 0  Optimize=2 *Result=0.00000072  Best=0.00000072  BestError=0.00000048  Time=2.6 Seconds  Run Time=2371.0 Seconds
FIRESTARTER_OPTIMIZE: Seed=0  Test= 0  Optimize=3 *Result=0.00000072  Best=0.00000072  BestError=0.00000048  Time=2.6 Seconds  Run Time=2373.6 Seconds
FIRESTARTER_OPTIMIZE: Seed=0  Test= 0  Optimize=4 *Result=0.00000072  Best=0.00000072  BestError=0.00000048  Time=2.6 Seconds  Run Time=2376.3 Seconds
FIRESTARTER_OPTIMIZE: Seed=0  Test= 0  Optimize=5 *Result=0.00000066  Best=0.00000066  BestError=0.00000018  Time=2.6 Seconds  Run Time=2378.9 Seconds
FIRESTARTER_OPTIMIZE: Seed=0  Test= 0  Optimize=6 *Result=0.00000066  Best=0.00000066  BestError=0.00000018  Time=2.6 Seconds  Run Time=2381.6 Seconds
FIRESTARTER_OPTIMIZE: Seed=0  Test= 0  Optimize=7 *Result=0.00000066  Best=0.00000066  BestError=0.00000018  Time=2.6 Seconds  Run Time=2384.2 Seconds
FIRESTARTER_OPTIMIZE: Seed=0  Test= 0  Optimize=8 *Result=0.00000066  Best=0.00000066  BestError=0.00000018  Time=2.6 Seconds  Run Time=2386.9 Seconds
