CUDA devices = 1
Device 0: NVIDIA GeForce RTX 4090

variations = 1
samples = 15
instructions = 32
registers = 30
opcodes = 2
patternOpcodes = 4

targetMin = 0.000000f
targetMax = 6.283185f
target = 0.000001f

mode = FIRESTARTER_OPTIMIZE
evolveSeed = 123
optimizeSeed = 123
tests = 256
streams = 1
units = 1
states = 1
generations = 0
population = 65536
iterations = 64
passes = 512
candidates = 16
attempts = 0
optimize = 1

scale = 0.300000f
startScale = 2.500000f
startResult = 10.000000f

FIRESTARTER_OPTIMIZE: Seed=123  Test=151  Generation=  2 *Result=0.00214764  Best=0.00214764   Time=0.1  Run Time=480.5
FIRESTARTER_OPTIMIZE: Seed=123  Test=151  Generation=  3 *Result=0.00009710  Best=0.00009710   Time=0.1  Run Time=480.8
FIRESTARTER_OPTIMIZE: Seed=123  Test=151  Generation=  4 *Result=0.00000505  Best=0.00000505   Time=0.1  Run Time=481.2
FIRESTARTER_OPTIMIZE: Seed=123  Test=151  Generation=  5  Result=0.00018379  Best=0.00000505   Time=0.1  Run Time=481.6
FIRESTARTER_OPTIMIZE: Seed=123  Test=151  Generation=  6  Result=0.00018311  Best=0.00000505   Time=0.1  Run Time=482.0
FIRESTARTER_OPTIMIZE: Seed=123  Test=151  Generation=  7  Result=0.00000591  Best=0.00000505   Time=0.1  Run Time=482.4
FIRESTARTER_OPTIMIZE: Seed=123  Test=151  Generation=  8 *Result=0.00000164  Best=0.00000164   Time=0.1  Run Time=482.8
FIRESTARTER_OPTIMIZE: Seed=123  Test=151  Generation=  9  Result=0.00018396  Best=0.00000164   Time=0.1  Run Time=483.2
FIRESTARTER_OPTIMIZE: Seed=123  Test=151  Generation= 10 *Result=0.00000036  Best=0.00000036   Time=0.1  Run Time=483.7
