CUDA devices = 1
Device 0: NVIDIA GeForce RTX 4090

variations = 1
samples = 15
instructions = 32
registers = 30
opcodes = 2
patternOpcodes = 4

targetMin = 0.000000f
targetMax = 6.283185f
target = 0.000001f

mode = FIRESTARTER_OPTIMIZE
evolveSeed = 0
optimizeSeed = 0
tests = 256
streams = 1
units = 1
states = 1
generations = 0
population = 65536
iterations = 64
passes = 512
candidates = 16
attempts = 0
optimize = 1

scale = 0.150000f
startScale = 2.500000f
startResult = 10.000000f

FIRESTARTER_OPTIMIZE: Seed=0  Test=95  Generation=  2 *Result=0.00032031  Best=0.00032031   Time=0.1  Run Time=445.8
FIRESTARTER_OPTIMIZE: Seed=0  Test=95  Generation=  3  Result=0.00614386  Best=0.00032031   Time=0.1  Run Time=446.2
FIRESTARTER_OPTIMIZE: Seed=0  Test=95  Generation=  4  Result=0.00050422  Best=0.00032031   Time=0.1  Run Time=446.7
FIRESTARTER_OPTIMIZE: Seed=0  Test=95  Generation=  5 *Result=0.00000163  Best=0.00000163   Time=0.1  Run Time=447.2
FIRESTARTER_OPTIMIZE: Seed=0  Test=95  Generation=  6  Result=0.00050602  Best=0.00000163   Time=0.1  Run Time=447.6
FIRESTARTER_OPTIMIZE: Seed=0  Test=95  Generation=  7  Result=0.00007544  Best=0.00000163   Time=0.1  Run Time=448.1
FIRESTARTER_OPTIMIZE: Seed=0  Test=95  Generation=  8  Result=0.00033200  Best=0.00000163   Time=0.1  Run Time=448.6
FIRESTARTER_OPTIMIZE: Seed=0  Test=95  Generation=  9  Result=0.00614123  Best=0.00000163   Time=0.1  Run Time=449.0
FIRESTARTER_OPTIMIZE: Seed=0  Test=95  Generation= 10  Result=0.00073516  Best=0.00000163   Time=0.1  Run Time=449.5
FIRESTARTER_OPTIMIZE: Seed=0  Test=95  Generation= 11  Result=0.00036231  Best=0.00000163   Time=0.1  Run Time=450.0
FIRESTARTER_OPTIMIZE: Seed=0  Test=95  Generation= 12  Result=0.00028056  Best=0.00000163   Time=0.1  Run Time=450.5
FIRESTARTER_OPTIMIZE: Seed=0  Test=95  Generation= 13  Result=0.00005233  Best=0.00000163   Time=0.1  Run Time=450.9
FIRESTARTER_OPTIMIZE: Seed=0  Test=95  Generation= 14 *Result=0.00000023  Best=0.00000023   Time=0.1  Run Time=451.4
