CUDA devices = 1
Device 0: NVIDIA GeForce RTX 4090

variations = 1
instructions = 32
registers = 30
opcodes = 2
patternOpcodes = 4

targetMin = 0.000000f
targetMax = 6.283185f
target = 0.000001f

mode = FIRESTARTER_OPTIMIZE
evolveSeed = 0
optimizeSeed = 0
tests = 256
streams = 1
units = 1
states = 1
generations = 0
population = 65536
passes = 384
attempts = 0
optimize = 1

scale = 0.300000f
startScale = 2.500000f
startResult = 10.000000f

FIRESTARTER_OPTIMIZE: Seed=0  Test=145  Generation=  2 *Result=0.00001550  Best=0.00001550   Time=0.1  Run Time=349.0
FIRESTARTER_OPTIMIZE: Seed=0  Test=145  Generation=  3  Result=0.00039679  Best=0.00001550   Time=0.1  Run Time=349.3
FIRESTARTER_OPTIMIZE: Seed=0  Test=145  Generation=  4  Result=0.00032171  Best=0.00001550   Time=0.1  Run Time=349.6
FIRESTARTER_OPTIMIZE: Seed=0  Test=145  Generation=  5 *Result=0.00000248  Best=0.00000248   Time=0.1  Run Time=349.9
FIRESTARTER_OPTIMIZE: Seed=0  Test=145  Generation=  6 *Result=0.00000046  Best=0.00000046   Time=0.1  Run Time=350.2
