CUDA devices = 1
Device 0: NVIDIA GeForce RTX 4090

variations = 1
instructions = 32
registers = 30
opcodes = 2
patternOpcodes = 4

targetMin = 0.000000f
targetMax = 6.283185f
target = 0.000001f

mode = FIRESTARTER_OPTIMIZE
evolveSeed = 0
optimizeSeed = 0
tests = 256
streams = 1
units = 1
states = 1
generations = 0
population = 65536
passes = 384
attempts = 0
optimize = 1

scale = 0.300000f
startScale = 2.500000f
startResult = 10.000000f

FIRESTARTER_OPTIMIZE: Seed=0  Test=191  Generation=  1 *Result=0.00001496  Best=0.00001496   Time=0.1  Run Time=701.3
FIRESTARTER_OPTIMIZE: Seed=0  Test=191  Generation=  2  Result=0.00005222  Best=0.00001496   Time=0.1  Run Time=701.4
FIRESTARTER_OPTIMIZE: Seed=0  Test=191  Generation=  3  Result=0.00005287  Best=0.00001496   Time=0.1  Run Time=701.6
FIRESTARTER_OPTIMIZE: Seed=0  Test=191  Generation=  4  Result=0.00008256  Best=0.00001496   Time=0.1  Run Time=701.7
FIRESTARTER_OPTIMIZE: Seed=0  Test=191  Generation=  5  Result=0.00017381  Best=0.00001496   Time=0.1  Run Time=702.0
FIRESTARTER_OPTIMIZE: Seed=0  Test=191  Generation=  6  Result=0.00010509  Best=0.00001496   Time=0.1  Run Time=702.1
FIRESTARTER_OPTIMIZE: Seed=0  Test=191  Generation=  7 *Result=0.00000882  Best=0.00000882   Time=0.1  Run Time=702.3
FIRESTARTER_OPTIMIZE: Seed=0  Test=191  Generation=  8  Result=0.00022660  Best=0.00000882   Time=0.1  Run Time=702.4
FIRESTARTER_OPTIMIZE: Seed=0  Test=191  Generation=  9  Result=0.00011518  Best=0.00000882   Time=0.1  Run Time=702.6
FIRESTARTER_OPTIMIZE: Seed=0  Test=191  Generation= 10 *Result=0.00000113  Best=0.00000113   Time=0.1  Run Time=702.7
FIRESTARTER_OPTIMIZE: Seed=0  Test=191  Generation= 11 *Result=0.00000009  Best=0.00000009   Time=0.1  Run Time=702.9
