CUDA devices = 1
Device 0: NVIDIA GeForce RTX 4090

variations = 1
instructions = 32
registers = 30
opcodes = 2
patternOpcodes = 4

targetMin = 0.000000f
targetMax = 6.283185f
target = 0.000001f

mode = FIRESTARTER_OPTIMIZE
evolveSeed = 1
optimizeSeed = 1
tests = 256
streams = 1
units = 1
states = 1
generations = 0
population = 49152
passes = 384
attempts = 0
optimize = 1

scale = 0.300000f
startScale = 2.500000f
startResult = 10.000000f

FIRESTARTER_OPTIMIZE: Seed=1  Test=113  Generation=  2 *Result=0.00000933  Best=0.00000933   Time=0.1  Run Time=324.7
FIRESTARTER_OPTIMIZE: Seed=1  Test=113  Generation=  3  Result=0.00001138  Best=0.00000933   Time=0.1  Run Time=325.0
FIRESTARTER_OPTIMIZE: Seed=1  Test=113  Generation=  4  Result=0.00002480  Best=0.00000933   Time=0.1  Run Time=325.3
FIRESTARTER_OPTIMIZE: Seed=1  Test=113  Generation=  5 *Result=0.00000255  Best=0.00000255   Time=0.1  Run Time=325.7
FIRESTARTER_OPTIMIZE: Seed=1  Test=113  Generation=  6 *Result=0.00000019  Best=0.00000019   Time=0.1  Run Time=326.0
