CUDA devices = 1
Device 0: NVIDIA GeForce RTX 4090

variations = 1
samples = 15
instructions = 28
registers = 28
opcodes = 2
patternOpcodes = 4

targetMin = 0.000000f
targetMax = 6.283185f
target = 0.000001f

mode = FIRESTARTER_OPTIMIZE
evolveSeed = 0
optimizeSeed = 0
tests = 256
streams = 1
units = 1
states = 1
generations = 0
population = 65536
iterations = 64
passes = 512
candidates = 16
attempts = 0
optimize = 1

scale = 0.300000f
startScale = 2.500000f
startResult = 10.000000f

FIRESTARTER_OPTIMIZE: Seed=0  Test=180  Generation=  2 *Result=0.00012058  Best=0.00012058   Time=0.1  Run Time=679.4
FIRESTARTER_OPTIMIZE: Seed=0  Test=180  Generation=  3 *Result=0.00010662  Best=0.00010662   Time=0.1  Run Time=679.8
FIRESTARTER_OPTIMIZE: Seed=0  Test=180  Generation=  4  Result=0.00025934  Best=0.00010662   Time=0.1  Run Time=680.3
FIRESTARTER_OPTIMIZE: Seed=0  Test=180  Generation=  5  Result=0.00074269  Best=0.00010662   Time=0.1  Run Time=680.7
FIRESTARTER_OPTIMIZE: Seed=0  Test=180  Generation=  6 *Result=0.00005951  Best=0.00005951   Time=0.1  Run Time=681.1
FIRESTARTER_OPTIMIZE: Seed=0  Test=180  Generation=  7 *Result=0.00001243  Best=0.00001243   Time=0.1  Run Time=681.6
FIRESTARTER_OPTIMIZE: Seed=0  Test=180  Generation=  8  Result=0.00042230  Best=0.00001243   Time=0.1  Run Time=682.0
FIRESTARTER_OPTIMIZE: Seed=0  Test=180  Generation=  9  Result=0.00018454  Best=0.00001243   Time=0.1  Run Time=682.4
FIRESTARTER_OPTIMIZE: Seed=0  Test=180  Generation= 10  Result=0.00143328  Best=0.00001243   Time=0.1  Run Time=682.8
FIRESTARTER_OPTIMIZE: Seed=0  Test=180  Generation= 11  Result=0.00008002  Best=0.00001243   Time=0.1  Run Time=683.3
FIRESTARTER_OPTIMIZE: Seed=0  Test=180  Generation= 12  Result=0.00005236  Best=0.00001243   Time=0.1  Run Time=683.7
FIRESTARTER_OPTIMIZE: Seed=0  Test=180  Generation= 13  Result=0.00018150  Best=0.00001243   Time=0.1  Run Time=684.1
FIRESTARTER_OPTIMIZE: Seed=0  Test=180  Generation= 14 *Result=0.00000028  Best=0.00000028   Time=0.1  Run Time=684.5
