CUDA devices = 1
Device 0: NVIDIA GeForce RTX 4090

variations = 1
instructions = 32
registers = 30
opcodes = 2
patternOpcodes = 4

targetMin = 0.000000f
targetMax = 6.283185f
target = 0.000001f

mode = FIRESTARTER_OPTIMIZE
evolveSeed = 1
optimizeSeed = 1
tests = 256
streams = 1
units = 1
states = 1
generations = 0
population = 65536
passes = 512
attempts = 0
optimize = 1

scale = 0.300000f
startScale = 2.500000f
startResult = 10.000000f

FIRESTARTER_OPTIMIZE: Seed=1  Test=50  Generation=  2 *Result=0.00016746  Best=0.00016746   Time=0.1  Run Time=121.6
FIRESTARTER_OPTIMIZE: Seed=1  Test=50  Generation=  3 *Result=0.00004047  Best=0.00004047   Time=0.1  Run Time=122.0
FIRESTARTER_OPTIMIZE: Seed=1  Test=50  Generation=  4  Result=0.00033768  Best=0.00004047   Time=0.1  Run Time=122.4
FIRESTARTER_OPTIMIZE: Seed=1  Test=50  Generation=  5  Result=0.00007201  Best=0.00004047   Time=0.1  Run Time=122.8
FIRESTARTER_OPTIMIZE: Seed=1  Test=50  Generation=  6  Result=0.00005251  Best=0.00004047   Time=0.1  Run Time=123.2
FIRESTARTER_OPTIMIZE: Seed=1  Test=50  Generation=  7  Result=0.00007485  Best=0.00004047   Time=0.1  Run Time=123.5
FIRESTARTER_OPTIMIZE: Seed=1  Test=50  Generation=  8 *Result=0.00000294  Best=0.00000294   Time=0.1  Run Time=123.9
FIRESTARTER_OPTIMIZE: Seed=1  Test=50  Generation=  9  Result=0.00000346  Best=0.00000294   Time=0.1  Run Time=124.3
FIRESTARTER_OPTIMIZE: Seed=1  Test=50  Generation= 10 *Result=0.00000023  Best=0.00000023   Time=0.1  Run Time=124.7
