CUDA devices = 1
Device 0: NVIDIA GeForce RTX 4090

variations = 1
instructions = 32
registers = 30
opcodes = 2
patternOpcodes = 4

targetMin = 0.000000f
targetMax = 6.283185f
target = 0.000001f

mode = FIRESTARTER_OPTIMIZE
evolveSeed = 1
optimizeSeed = 1
tests = 256
streams = 1
units = 1
states = 1
generations = 0
population = 65536
passes = 512
attempts = 0
optimize = 1

scale = 0.300000f
startScale = 2.500000f
startResult = 10.000000f

FIRESTARTER_OPTIMIZE: Seed=1  Test=130  Generation=  2 *Result=0.00021618  Best=0.00021618   Time=0.1  Run Time=400.2
FIRESTARTER_OPTIMIZE: Seed=1  Test=130  Generation=  3 *Result=0.00000147  Best=0.00000147   Time=0.1  Run Time=400.6
FIRESTARTER_OPTIMIZE: Seed=1  Test=130  Generation=  4  Result=0.00024127  Best=0.00000147   Time=0.1  Run Time=401.0
FIRESTARTER_OPTIMIZE: Seed=1  Test=130  Generation=  5  Result=0.00000292  Best=0.00000147   Time=0.1  Run Time=401.4
FIRESTARTER_OPTIMIZE: Seed=1  Test=130  Generation=  6  Result=0.00010791  Best=0.00000147   Time=0.1  Run Time=401.7
FIRESTARTER_OPTIMIZE: Seed=1  Test=130  Generation=  7  Result=0.00052768  Best=0.00000147   Time=0.1  Run Time=402.2
FIRESTARTER_OPTIMIZE: Seed=1  Test=130  Generation=  8 *Result=0.00000021  Best=0.00000021   Time=0.1  Run Time=402.6
