CUDA devices = 1
Device 0: NVIDIA GeForce RTX 4090

variations = 1
instructions = 32
registers = 30
opcodes = 2
patternOpcodes = 4

targetMin = 0.000000f
targetMax = 6.283185f
target = 0.000001f

mode = FIRESTARTER_OPTIMIZE
evolveSeed = 1
optimizeSeed = 1
tests = 256
streams = 1
units = 1
states = 1
generations = 0
population = 49152
passes = 384
attempts = 0
optimize = 1

scale = 0.300000f
startScale = 2.500000f
startResult = 10.000000f

FIRESTARTER_OPTIMIZE: Seed=1  Test=253  Generation=  2 *Result=0.00025334  Best=0.00025334   Time=0.1  Run Time=742.3
FIRESTARTER_OPTIMIZE: Seed=1  Test=253  Generation=  3 *Result=0.00000299  Best=0.00000299   Time=0.1  Run Time=742.6
FIRESTARTER_OPTIMIZE: Seed=1  Test=253  Generation=  4 *Result=0.00000254  Best=0.00000254   Time=0.1  Run Time=742.9
FIRESTARTER_OPTIMIZE: Seed=1  Test=253  Generation=  5  Result=0.00000261  Best=0.00000254   Time=0.1  Run Time=743.2
FIRESTARTER_OPTIMIZE: Seed=1  Test=253  Generation=  6 *Result=0.00000011  Best=0.00000011   Time=0.1  Run Time=743.5
