CUDA devices = 1
Device 0: NVIDIA GeForce RTX 4090

variations = 1
instructions = 32
registers = 30
opcodes = 2
patternOpcodes = 4

targetMin = 0.000000f
targetMax = 6.283185f
target = 0.000001f

mode = FIRESTARTER_OPTIMIZE
evolveSeed = 0
optimizeSeed = 0
tests = 256
streams = 1
units = 1
states = 1
generations = 0
population = 65536
passes = 384
attempts = 0
optimize = 1

scale = 0.300000f
startScale = 2.500000f
startResult = 10.000000f

FIRESTARTER_OPTIMIZE: Seed=0  Test=252  Generation=  1 *Result=0.00017704  Best=0.00017704   Time=0.1  Run Time=885.8
FIRESTARTER_OPTIMIZE: Seed=0  Test=252  Generation=  2 *Result=0.00001141  Best=0.00001141   Time=0.1  Run Time=885.9
FIRESTARTER_OPTIMIZE: Seed=0  Test=252  Generation=  3  Result=0.00001422  Best=0.00001141   Time=0.1  Run Time=886.2
FIRESTARTER_OPTIMIZE: Seed=0  Test=252  Generation=  4  Result=0.00018253  Best=0.00001141   Time=0.1  Run Time=886.3
FIRESTARTER_OPTIMIZE: Seed=0  Test=252  Generation=  5  Result=0.00271310  Best=0.00001141   Time=0.1  Run Time=886.5
FIRESTARTER_OPTIMIZE: Seed=0  Test=252  Generation=  6  Result=0.00034726  Best=0.00001141   Time=0.1  Run Time=886.6
FIRESTARTER_OPTIMIZE: Seed=0  Test=252  Generation=  7  Result=0.00018240  Best=0.00001141   Time=0.1  Run Time=886.8
FIRESTARTER_OPTIMIZE: Seed=0  Test=252  Generation=  8 *Result=0.00000117  Best=0.00000117   Time=0.1  Run Time=886.9
FIRESTARTER_OPTIMIZE: Seed=0  Test=252  Generation=  9  Result=0.00000149  Best=0.00000117   Time=0.1  Run Time=887.1
FIRESTARTER_OPTIMIZE: Seed=0  Test=252  Generation= 10 *Result=0.00000055  Best=0.00000055   Time=0.1  Run Time=887.2
