CUDA devices = 1
Device 0: NVIDIA GeForce RTX 4090

variations = 1
instructions = 32
registers = 30
opcodes = 2
patternOpcodes = 4

targetMin = 0.000000f
targetMax = 6.283185f
target = 0.000001f

mode = FIRESTARTER_OPTIMIZE
evolveSeed = 0
optimizeSeed = 0
tests = 256
streams = 1
units = 1
states = 1
generations = 0
population = 32768
passes = 512
attempts = 0
optimize = 1

scale = 0.300000f
startScale = 2.500000f
startResult = 10.000000f

FIRESTARTER_OPTIMIZE: Seed=0  Test=114  Generation=  2 *Result=0.00022197  Best=0.00022197   Time=0.1  Run Time=325.1
FIRESTARTER_OPTIMIZE: Seed=0  Test=114  Generation=  3 *Result=0.00005270  Best=0.00005270   Time=0.1  Run Time=325.5
FIRESTARTER_OPTIMIZE: Seed=0  Test=114  Generation=  4  Result=0.00014330  Best=0.00005270   Time=0.1  Run Time=325.8
FIRESTARTER_OPTIMIZE: Seed=0  Test=114  Generation=  5  Result=0.00017160  Best=0.00005270   Time=0.1  Run Time=326.1
FIRESTARTER_OPTIMIZE: Seed=0  Test=114  Generation=  6 *Result=0.00000253  Best=0.00000253   Time=0.1  Run Time=326.5
FIRESTARTER_OPTIMIZE: Seed=0  Test=114  Generation=  7  Result=0.00018301  Best=0.00000253   Time=0.1  Run Time=326.8
FIRESTARTER_OPTIMIZE: Seed=0  Test=114  Generation=  8  Result=0.00001568  Best=0.00000253   Time=0.1  Run Time=327.2
FIRESTARTER_OPTIMIZE: Seed=0  Test=114  Generation=  9  Result=0.00070548  Best=0.00000253   Time=0.1  Run Time=327.5
FIRESTARTER_OPTIMIZE: Seed=0  Test=114  Generation= 10 *Result=0.00000059  Best=0.00000059   Time=0.1  Run Time=327.8
