CUDA devices = 1
Device 0: NVIDIA GeForce RTX 4090

variations = 1
samples = 15
instructions = 32
registers = 30
opcodes = 2
patternOpcodes = 4

targetMin = 0.000000f
targetMax = 6.283185f
target = 0.000001f

mode = FIRESTARTER_OPTIMIZE
evolveSeed = 123
optimizeSeed = 123
tests = 256
streams = 1
units = 1
states = 1
generations = 0
population = 65536
iterations = 64
passes = 512
candidates = 16
attempts = 0
optimize = 1

scale = 0.300000f
startScale = 2.500000f
startResult = 10.000000f

FIRESTARTER_OPTIMIZE: Seed=123  Test=71  Generation=  2 *Result=0.00216106  Best=0.00216106   Time=0.1  Run Time=212.4
FIRESTARTER_OPTIMIZE: Seed=123  Test=71  Generation=  3 *Result=0.00021839  Best=0.00021839   Time=0.1  Run Time=212.8
FIRESTARTER_OPTIMIZE: Seed=123  Test=71  Generation=  4  Result=0.00130655  Best=0.00021839   Time=0.1  Run Time=213.3
FIRESTARTER_OPTIMIZE: Seed=123  Test=71  Generation=  5 *Result=0.00000043  Best=0.00000043   Time=0.1  Run Time=213.7
