CUDA devices = 1
Device 0: NVIDIA GeForce RTX 4090

variations = 1
instructions = 32
registers = 30
opcodes = 2
patternOpcodes = 4

targetMin = 0.000000f
targetMax = 6.283185f
target = 0.000001f

mode = FIRESTARTER_OPTIMIZE
evolveSeed = 1
optimizeSeed = 1
tests = 256
streams = 1
units = 1
states = 1
generations = 0
population = 65536
passes = 384
attempts = 0
optimize = 1

scale = 0.300000f
startScale = 2.500000f
startResult = 10.000000f

FIRESTARTER_OPTIMIZE: Seed=1  Test=186  Generation=  2 *Result=0.00002328  Best=0.00002328   Time=0.1  Run Time=457.6
FIRESTARTER_OPTIMIZE: Seed=1  Test=186  Generation=  3 *Result=0.00000251  Best=0.00000251   Time=0.1  Run Time=457.9
FIRESTARTER_OPTIMIZE: Seed=1  Test=186  Generation=  4  Result=0.00020230  Best=0.00000251   Time=0.1  Run Time=458.2
FIRESTARTER_OPTIMIZE: Seed=1  Test=186  Generation=  5  Result=0.00048509  Best=0.00000251   Time=0.1  Run Time=458.5
FIRESTARTER_OPTIMIZE: Seed=1  Test=186  Generation=  6 *Result=0.00000012  Best=0.00000012   Time=0.1  Run Time=458.8
