CUDA devices = 1
Device 0: NVIDIA GeForce RTX 4090

variations = 1
instructions = 32
registers = 30
opcodes = 2
patternOpcodes = 4

targetMin = 0.000000f
targetMax = 6.283185f
target = 0.000001f

mode = FIRESTARTER_OPTIMIZE
evolveSeed = 0
optimizeSeed = 0
tests = 256
streams = 1
units = 1
states = 1
generations = 0
population = 65536
passes = 512
attempts = 0
optimize = 1

scale = 0.300000f
startScale = 2.500000f
startResult = 10.000000f

FIRESTARTER_OPTIMIZE: Seed=0  Test=129  Generation=  2 *Result=0.00001817  Best=0.00001817   Time=0.1  Run Time=376.0
FIRESTARTER_OPTIMIZE: Seed=0  Test=129  Generation=  3 *Result=0.00001645  Best=0.00001645   Time=0.1  Run Time=376.3
FIRESTARTER_OPTIMIZE: Seed=0  Test=129  Generation=  4  Result=0.00010608  Best=0.00001645   Time=0.1  Run Time=376.7
FIRESTARTER_OPTIMIZE: Seed=0  Test=129  Generation=  5  Result=0.00017286  Best=0.00001645   Time=0.1  Run Time=377.1
FIRESTARTER_OPTIMIZE: Seed=0  Test=129  Generation=  6  Result=0.00005233  Best=0.00001645   Time=0.1  Run Time=377.5
FIRESTARTER_OPTIMIZE: Seed=0  Test=129  Generation=  7 *Result=0.00000238  Best=0.00000238   Time=0.1  Run Time=377.8
FIRESTARTER_OPTIMIZE: Seed=0  Test=129  Generation=  8  Result=0.00006145  Best=0.00000238   Time=0.1  Run Time=378.2
FIRESTARTER_OPTIMIZE: Seed=0  Test=129  Generation=  9 *Result=0.00000006  Best=0.00000006   Time=0.1  Run Time=378.6
