CUDA devices = 1
Device 0: NVIDIA GeForce RTX 4090

variations = 1
instructions = 32
registers = 30
opcodes = 2
patternOpcodes = 4

targetMin = 0.000000f
targetMax = 6.283185f
target = 0.000001f

mode = FIRESTARTER_OPTIMIZE
evolveSeed = 1
optimizeSeed = 1
tests = 256
streams = 1
units = 1
states = 1
generations = 0
population = 49152
passes = 512
attempts = 0
optimize = 1

scale = 0.300000f
startScale = 2.500000f
startResult = 10.000000f

FIRESTARTER_OPTIMIZE: Seed=1  Test=104  Generation=  2 *Result=0.00000244  Best=0.00000244   Time=0.1  Run Time=291.7
FIRESTARTER_OPTIMIZE: Seed=1  Test=104  Generation=  3  Result=0.00000442  Best=0.00000244   Time=0.1  Run Time=292.1
FIRESTARTER_OPTIMIZE: Seed=1  Test=104  Generation=  4  Result=0.00000329  Best=0.00000244   Time=0.1  Run Time=292.4
FIRESTARTER_OPTIMIZE: Seed=1  Test=104  Generation=  5  Result=0.00023600  Best=0.00000244   Time=0.1  Run Time=292.8
FIRESTARTER_OPTIMIZE: Seed=1  Test=104  Generation=  6  Result=0.00005195  Best=0.00000244   Time=0.1  Run Time=293.2
FIRESTARTER_OPTIMIZE: Seed=1  Test=104  Generation=  7 *Result=0.00000109  Best=0.00000109   Time=0.1  Run Time=293.5
FIRESTARTER_OPTIMIZE: Seed=1  Test=104  Generation=  8 *Result=0.00000022  Best=0.00000022   Time=0.1  Run Time=293.9
