CUDA devices = 1
Device 0: NVIDIA GeForce RTX 4090

variations = 1
instructions = 32
registers = 30
opcodes = 2
patternOpcodes = 4

targetMin = 0.000000f
targetMax = 6.283185f
target = 0.000001f

mode = FIRESTARTER_OPTIMIZE
evolveSeed = 0
optimizeSeed = 0
tests = 256
streams = 1
units = 1
states = 1
generations = 0
population = 65536
passes = 384
attempts = 0
optimize = 1

scale = 0.300000f
startScale = 2.500000f
startResult = 10.000000f

FIRESTARTER_OPTIMIZE: Seed=0  Test=227  Generation=  2 *Result=0.00119348  Best=0.00119348   Time=0.1  Run Time=564.0
FIRESTARTER_OPTIMIZE: Seed=0  Test=227  Generation=  3 *Result=0.00018739  Best=0.00018739   Time=0.1  Run Time=564.3
FIRESTARTER_OPTIMIZE: Seed=0  Test=227  Generation=  4 *Result=0.00001812  Best=0.00001812   Time=0.1  Run Time=564.6
FIRESTARTER_OPTIMIZE: Seed=0  Test=227  Generation=  5  Result=0.00010848  Best=0.00001812   Time=0.1  Run Time=564.9
FIRESTARTER_OPTIMIZE: Seed=0  Test=227  Generation=  6  Result=0.00002469  Best=0.00001812   Time=0.1  Run Time=565.2
FIRESTARTER_OPTIMIZE: Seed=0  Test=227  Generation=  7 *Result=0.00000124  Best=0.00000124   Time=0.1  Run Time=565.5
FIRESTARTER_OPTIMIZE: Seed=0  Test=227  Generation=  8  Result=0.00005548  Best=0.00000124   Time=0.1  Run Time=565.8
FIRESTARTER_OPTIMIZE: Seed=0  Test=227  Generation=  9 *Result=0.00000085  Best=0.00000085   Time=0.1  Run Time=566.1
