CUDA devices = 1
Device 0: NVIDIA GeForce RTX 4090

variations = 1
samples = 15
instructions = 32
registers = 30
opcodes = 2
patternOpcodes = 4

targetMin = 0.000000f
targetMax = 6.283185f
target = 0.000001f

mode = FIRESTARTER_OPTIMIZE
evolveSeed = 0
optimizeSeed = 0
tests = 256
streams = 1
units = 1
states = 1
generations = 0
population = 65536
iterations = 64
passes = 512
candidates = 16
attempts = 0
optimize = 1

scale = 0.100000f
startScale = 3.000000f
startResult = 10.000000f

FIRESTARTER_OPTIMIZE: Seed=0  Test=60  Generation=  2 *Result=0.00023108  Best=0.00023108   Time=0.1  Run Time=385.3
FIRESTARTER_OPTIMIZE: Seed=0  Test=60  Generation=  3 *Result=0.00019053  Best=0.00019053   Time=0.1  Run Time=385.7
FIRESTARTER_OPTIMIZE: Seed=0  Test=60  Generation=  4  Result=0.00166151  Best=0.00019053   Time=0.1  Run Time=386.2
FIRESTARTER_OPTIMIZE: Seed=0  Test=60  Generation=  5  Result=0.00221119  Best=0.00019053   Time=0.1  Run Time=386.6
FIRESTARTER_OPTIMIZE: Seed=0  Test=60  Generation=  6  Result=0.00075206  Best=0.00019053   Time=0.1  Run Time=387.0
FIRESTARTER_OPTIMIZE: Seed=0  Test=60  Generation=  7 *Result=0.00009912  Best=0.00009912   Time=0.1  Run Time=387.5
FIRESTARTER_OPTIMIZE: Seed=0  Test=60  Generation=  8  Result=0.00020438  Best=0.00009912   Time=0.1  Run Time=387.9
FIRESTARTER_OPTIMIZE: Seed=0  Test=60  Generation=  9  Result=0.00616646  Best=0.00009912   Time=0.1  Run Time=388.4
FIRESTARTER_OPTIMIZE: Seed=0  Test=60  Generation= 10 *Result=0.00000009  Best=0.00000009   Time=0.1  Run Time=388.8
