CUDA devices = 1
Device 0: NVIDIA GeForce RTX 4090

variations = 1
samples = 15
instructions = 30
registers = 30
opcodes = 2
patternOpcodes = 4

targetMin = 0.000000f
targetMax = 6.283185f
target = 0.000001f

mode = FIRESTARTER_OPTIMIZE
evolveSeed = 0
optimizeSeed = 0
tests = 256
streams = 1
units = 1
states = 1
generations = 0
population = 65536
iterations = 64
passes = 512
candidates = 16
attempts = 0
optimize = 1

scale = 0.300000f
startScale = 2.500000f
startResult = 10.000000f

FIRESTARTER_OPTIMIZE: Seed=0  Test=76  Generation=  2 *Result=0.00023186  Best=0.00023186   Time=0.1  Run Time=245.2
FIRESTARTER_OPTIMIZE: Seed=0  Test=76  Generation=  3 *Result=0.00004693  Best=0.00004693   Time=0.1  Run Time=245.6
FIRESTARTER_OPTIMIZE: Seed=0  Test=76  Generation=  4 *Result=0.00001824  Best=0.00001824   Time=0.1  Run Time=246.1
FIRESTARTER_OPTIMIZE: Seed=0  Test=76  Generation=  5  Result=0.00208431  Best=0.00001824   Time=0.1  Run Time=246.5
FIRESTARTER_OPTIMIZE: Seed=0  Test=76  Generation=  6 *Result=0.00000123  Best=0.00000123   Time=0.1  Run Time=246.9
FIRESTARTER_OPTIMIZE: Seed=0  Test=76  Generation=  7  Result=0.00010221  Best=0.00000123   Time=0.1  Run Time=247.4
FIRESTARTER_OPTIMIZE: Seed=0  Test=76  Generation=  8  Result=0.00000290  Best=0.00000123   Time=0.1  Run Time=247.8
FIRESTARTER_OPTIMIZE: Seed=0  Test=76  Generation=  9  Result=0.00000161  Best=0.00000123   Time=0.1  Run Time=248.3
FIRESTARTER_OPTIMIZE: Seed=0  Test=76  Generation= 10  Result=0.00030904  Best=0.00000123   Time=0.1  Run Time=248.7
FIRESTARTER_OPTIMIZE: Seed=0  Test=76  Generation= 11  Result=0.00001860  Best=0.00000123   Time=0.1  Run Time=249.2
FIRESTARTER_OPTIMIZE: Seed=0  Test=76  Generation= 12  Result=0.00000393  Best=0.00000123   Time=0.1  Run Time=249.6
FIRESTARTER_OPTIMIZE: Seed=0  Test=76  Generation= 13  Result=0.00002199  Best=0.00000123   Time=0.1  Run Time=250.0
FIRESTARTER_OPTIMIZE: Seed=0  Test=76  Generation= 14 *Result=0.00000064  Best=0.00000064   Time=0.1  Run Time=250.5
