CUDA devices = 1
Device 0: NVIDIA GeForce RTX 4090

variations = 1
samples = 15
instructions = 32
registers = 30
opcodes = 2
patternOpcodes = 4

targetMin = 0.000000f
targetMax = 6.283185f
evolveTarget = 0.000001f

mode = FIRESTARTER_EVOLVE_GPU
evolveSeed = 0
optimizeSeed = 0
tests = 16
streams = 1
units = 1
states = 1
generations = 0
population = 8704
iterations = 64
passes = 500
candidates = 16
attempts = 0
optimize = 4

scale = 0.100000f
startScale = 2.000000f
startResult = 10.000000f

FIRESTARTER_EVOLVE_GPU: Seed=0  Test= 4  Index=   0  Id=   0  Generation=  0  Age=  1  Evolution= 0  Weight=0.00000000  Old Result=10.00000000 *New Result=0.00165386  Best=0.00165386   EvolveAge1=166  EvolveAge2=54  BestAge=1  Time=1.6 Seconds  Run Time=136.3 Seconds
FIRESTARTER_EVOLVE_GPU: Seed=0  Test= 4  Index=   0  Id=   0  Generation=  1  Age=  1  Evolution= 0  Weight=0.00000000  Old Result=10.00000000 *New Result=0.00113565  Best=0.00113565   EvolveAge1=229  EvolveAge2=2  BestAge=1  Time=1.0 Seconds  Run Time=137.3 Seconds
FIRESTARTER_EVOLVE_GPU: Seed=0  Test= 4  Index=   0  Id=   0  Generation=  2  Age=  1  Evolution= 0  Weight=0.00000000  Old Result=10.00000000 *New Result=0.00005692  Best=0.00005692   EvolveAge1=0  EvolveAge2=12  BestAge=1  Time=1.3 Seconds  Run Time=138.6 Seconds
FIRESTARTER_EVOLVE_GPU: Seed=0  Test= 4  Index=   0  Id=   0  Generation=  3  Age=  1  Evolution= 0  Weight=0.00000000  Old Result=10.00000000 *New Result=0.00003636  Best=0.00003636   EvolveAge1=287  EvolveAge2=71  BestAge=1  Time=1.3 Seconds  Run Time=139.9 Seconds
FIRESTARTER_EVOLVE_GPU: Seed=0  Test= 4  Index=   0  Id=   0  Generation=  4  Age=  1  Evolution= 0  Weight=0.00000000  Old Result=10.00000000 *New Result=0.00003290  Best=0.00003290   EvolveAge1=142  EvolveAge2=152  BestAge=1  Time=1.3 Seconds  Run Time=141.1 Seconds
FIRESTARTER_EVOLVE_GPU: Seed=0  Test= 4  Index=   0  Id=   0  Generation=  5  Age=  1  Evolution= 0  Weight=0.00000000  Old Result=10.00000000 >New Result=0.00003290  Best=0.00003290   EvolveAge1=142  EvolveAge2=152  BestAge=2  Time=1.3 Seconds  Run Time=142.5 Seconds
FIRESTARTER_EVOLVE_GPU: Seed=0  Test= 4  Index=   0  Id=   0  Generation=  6  Age=  1  Evolution= 0  Weight=0.00000000  Old Result=10.00000000 >New Result=0.00003907  Best=0.00003290   EvolveAge1=142  EvolveAge2=152  BestAge=3  Time=1.3 Seconds  Run Time=143.8 Seconds
