CUDA devices = 1
Device 0: NVIDIA GeForce RTX 4090

variations = 1
instructions = 32
registers = 30
opcodes = 2
patternOpcodes = 4

targetMin = 0.000000f
targetMax = 6.283185f
target = 0.000001f

mode = FIRESTARTER_OPTIMIZE
evolveSeed = 2
optimizeSeed = 2
tests = 256
streams = 1
units = 1
states = 1
generations = 0
population = 65536
passes = 384
attempts = 0
optimize = 1

scale = 0.300000f
startScale = 2.500000f
startResult = 10.000000f

FIRESTARTER_OPTIMIZE: Seed=2  Test=145  Generation=  2 *Result=0.00003940  Best=0.00003940   Time=0.1  Run Time=524.3
FIRESTARTER_OPTIMIZE: Seed=2  Test=145  Generation=  3  Result=0.00029370  Best=0.00003940   Time=0.1  Run Time=524.8
FIRESTARTER_OPTIMIZE: Seed=2  Test=145  Generation=  4  Result=0.00019868  Best=0.00003940   Time=0.1  Run Time=525.3
FIRESTARTER_OPTIMIZE: Seed=2  Test=145  Generation=  5 *Result=0.00000251  Best=0.00000251   Time=0.1  Run Time=525.8
FIRESTARTER_OPTIMIZE: Seed=2  Test=145  Generation=  6 *Result=0.00000168  Best=0.00000168   Time=0.1  Run Time=526.2
FIRESTARTER_OPTIMIZE: Seed=2  Test=145  Generation=  7  Result=0.00002366  Best=0.00000168   Time=0.1  Run Time=526.7
FIRESTARTER_OPTIMIZE: Seed=2  Test=145  Generation=  8  Result=0.00008772  Best=0.00000168   Time=0.1  Run Time=527.2
FIRESTARTER_OPTIMIZE: Seed=2  Test=145  Generation=  9  Result=0.00002199  Best=0.00000168   Time=0.1  Run Time=527.7
FIRESTARTER_OPTIMIZE: Seed=2  Test=145  Generation= 10 *Result=0.00000069  Best=0.00000069   Time=0.1  Run Time=528.1
