CUDA devices = 1
Device 0: NVIDIA GeForce RTX 4090

variations = 1
samples = 15
instructions = 32
registers = 30
opcodes = 2
patternOpcodes = 4

targetMin = 0.000000f
targetMax = 6.283185f
target = 0.000001f

mode = FIRESTARTER_OPTIMIZE
evolveSeed = 0
optimizeSeed = 0
tests = 256
streams = 1
units = 1
states = 1
generations = 0
population = 65536
iterations = 64
passes = 512
candidates = 16
attempts = 0
optimize = 1

scale = 0.300000f
startScale = 2.500000f
startResult = 10.000000f

FIRESTARTER_OPTIMIZE: Seed=0  Test=64  Generation=  2 *Result=0.00244040  Best=0.00244040   Time=0.1  Run Time=254.4
FIRESTARTER_OPTIMIZE: Seed=0  Test=64  Generation=  3 *Result=0.00016287  Best=0.00016287   Time=0.1  Run Time=254.9
FIRESTARTER_OPTIMIZE: Seed=0  Test=64  Generation=  4 *Result=0.00004057  Best=0.00004057   Time=0.1  Run Time=255.3
FIRESTARTER_OPTIMIZE: Seed=0  Test=64  Generation=  5  Result=0.00250673  Best=0.00004057   Time=0.1  Run Time=255.8
FIRESTARTER_OPTIMIZE: Seed=0  Test=64  Generation=  6  Result=0.00061438  Best=0.00004057   Time=0.1  Run Time=256.3
FIRESTARTER_OPTIMIZE: Seed=0  Test=64  Generation=  7 *Result=0.00001149  Best=0.00001149   Time=0.1  Run Time=256.8
FIRESTARTER_OPTIMIZE: Seed=0  Test=64  Generation=  8  Result=0.00025290  Best=0.00001149   Time=0.1  Run Time=257.2
FIRESTARTER_OPTIMIZE: Seed=0  Test=64  Generation=  9  Result=0.00026510  Best=0.00001149   Time=0.1  Run Time=257.7
FIRESTARTER_OPTIMIZE: Seed=0  Test=64  Generation= 10  Result=0.00007492  Best=0.00001149   Time=0.1  Run Time=258.2
FIRESTARTER_OPTIMIZE: Seed=0  Test=64  Generation= 11  Result=0.00221220  Best=0.00001149   Time=0.1  Run Time=258.6
FIRESTARTER_OPTIMIZE: Seed=0  Test=64  Generation= 12  Result=0.00006608  Best=0.00001149   Time=0.1  Run Time=259.1
FIRESTARTER_OPTIMIZE: Seed=0  Test=64  Generation= 13 *Result=0.00000100  Best=0.00000100   Time=0.1  Run Time=259.6
