CUDA devices = 1
Device 0: NVIDIA GeForce RTX 4090

variations = 1
samples = 15
instructions = 30
registers = 30
opcodes = 2
patternOpcodes = 4

targetMin = 0.000000f
targetMax = 6.283185f
target = 0.000001f

mode = FIRESTARTER_OPTIMIZE
evolveSeed = 0
optimizeSeed = 0
tests = 256
streams = 1
units = 1
states = 1
generations = 0
population = 65536
iterations = 64
passes = 512
candidates = 16
attempts = 0
optimize = 1

scale = 0.300000f
startScale = 2.500000f
startResult = 10.000000f

FIRESTARTER_OPTIMIZE: Seed=0  Test=117  Generation=  2 *Result=0.00038174  Best=0.00038174   Time=0.1  Run Time=391.3
FIRESTARTER_OPTIMIZE: Seed=0  Test=117  Generation=  3 *Result=0.00000185  Best=0.00000185   Time=0.1  Run Time=391.8
FIRESTARTER_OPTIMIZE: Seed=0  Test=117  Generation=  4  Result=0.00002109  Best=0.00000185   Time=0.1  Run Time=392.3
FIRESTARTER_OPTIMIZE: Seed=0  Test=117  Generation=  5  Result=0.00005329  Best=0.00000185   Time=0.1  Run Time=392.7
FIRESTARTER_OPTIMIZE: Seed=0  Test=117  Generation=  6  Result=0.00000659  Best=0.00000185   Time=0.1  Run Time=393.1
FIRESTARTER_OPTIMIZE: Seed=0  Test=117  Generation=  7  Result=0.00018229  Best=0.00000185   Time=0.1  Run Time=393.5
FIRESTARTER_OPTIMIZE: Seed=0  Test=117  Generation=  8 *Result=0.00000009  Best=0.00000009   Time=0.1  Run Time=394.0
