CUDA devices = 1
Device 0: NVIDIA GeForce RTX 4090

variations = 1
instructions = 32
registers = 30
opcodes = 2
patternOpcodes = 4

targetMin = 0.000000f
targetMax = 6.283185f
target = 0.000001f

mode = FIRESTARTER_OPTIMIZE
evolveSeed = 1
optimizeSeed = 1
tests = 256
streams = 1
units = 1
states = 1
generations = 0
population = 49152
passes = 384
attempts = 0
optimize = 1

scale = 0.300000f
startScale = 2.500000f
startResult = 10.000000f

FIRESTARTER_OPTIMIZE: Seed=1  Test=60  Generation=  2 *Result=0.00013489  Best=0.00013489   Time=0.1  Run Time=168.5
FIRESTARTER_OPTIMIZE: Seed=1  Test=60  Generation=  3  Result=0.00023292  Best=0.00013489   Time=0.1  Run Time=168.8
FIRESTARTER_OPTIMIZE: Seed=1  Test=60  Generation=  4  Result=0.00015467  Best=0.00013489   Time=0.1  Run Time=169.2
FIRESTARTER_OPTIMIZE: Seed=1  Test=60  Generation=  5 *Result=0.00000238  Best=0.00000238   Time=0.1  Run Time=169.5
FIRESTARTER_OPTIMIZE: Seed=1  Test=60  Generation=  6  Result=0.00006001  Best=0.00000238   Time=0.1  Run Time=169.8
FIRESTARTER_OPTIMIZE: Seed=1  Test=60  Generation=  7  Result=0.00000847  Best=0.00000238   Time=0.1  Run Time=170.2
FIRESTARTER_OPTIMIZE: Seed=1  Test=60  Generation=  8  Result=0.00002611  Best=0.00000238   Time=0.1  Run Time=170.5
FIRESTARTER_OPTIMIZE: Seed=1  Test=60  Generation=  9  Result=0.00057588  Best=0.00000238   Time=0.1  Run Time=170.8
FIRESTARTER_OPTIMIZE: Seed=1  Test=60  Generation= 10  Result=0.00004497  Best=0.00000238   Time=0.1  Run Time=171.2
FIRESTARTER_OPTIMIZE: Seed=1  Test=60  Generation= 11  Result=0.00009578  Best=0.00000238   Time=0.1  Run Time=171.5
FIRESTARTER_OPTIMIZE: Seed=1  Test=60  Generation= 12 *Result=0.00000059  Best=0.00000059   Time=0.1  Run Time=171.9
