CUDA devices = 1
Device 0: NVIDIA GeForce RTX 4090

variations = 1
samples = 15
instructions = 28
registers = 28
opcodes = 2
patternOpcodes = 4

targetMin = 0.000000f
targetMax = 6.283185f
target = 0.000001f

mode = FIRESTARTER_OPTIMIZE
evolveSeed = 0
optimizeSeed = 0
tests = 256
streams = 1
units = 1
states = 1
generations = 0
population = 65536
iterations = 64
passes = 512
candidates = 16
attempts = 0
optimize = 1

scale = 0.300000f
startScale = 2.500000f
startResult = 10.000000f

FIRESTARTER_OPTIMIZE: Seed=0  Test=10  Generation=  2 *Result=0.00007826  Best=0.00007826   Time=0.1  Run Time=26.6
FIRESTARTER_OPTIMIZE: Seed=0  Test=10  Generation=  3 *Result=0.00000119  Best=0.00000119   Time=0.1  Run Time=27.0
FIRESTARTER_OPTIMIZE: Seed=0  Test=10  Generation=  4  Result=0.00000137  Best=0.00000119   Time=0.1  Run Time=27.4
FIRESTARTER_OPTIMIZE: Seed=0  Test=10  Generation=  5  Result=0.00028935  Best=0.00000119   Time=0.1  Run Time=27.8
FIRESTARTER_OPTIMIZE: Seed=0  Test=10  Generation=  6  Result=0.00000250  Best=0.00000119   Time=0.1  Run Time=28.2
FIRESTARTER_OPTIMIZE: Seed=0  Test=10  Generation=  7  Result=0.00018236  Best=0.00000119   Time=0.1  Run Time=28.7
FIRESTARTER_OPTIMIZE: Seed=0  Test=10  Generation=  8  Result=0.00117135  Best=0.00000119   Time=0.1  Run Time=29.1
FIRESTARTER_OPTIMIZE: Seed=0  Test=10  Generation=  9  Result=0.00000143  Best=0.00000119   Time=0.1  Run Time=29.5
FIRESTARTER_OPTIMIZE: Seed=0  Test=10  Generation= 10  Result=0.00001305  Best=0.00000119   Time=0.1  Run Time=30.0
FIRESTARTER_OPTIMIZE: Seed=0  Test=10  Generation= 11 *Result=0.00000025  Best=0.00000025   Time=0.1  Run Time=30.4
