CUDA devices = 1
Device 0: NVIDIA GeForce RTX 4090

variations = 1
samples = 15
instructions = 24
registers = 24
opcodes = 2
patternOpcodes = 4

targetMin = 0.000000f
targetMax = 6.283185f
target = 0.000001f

mode = FIRESTARTER_OPTIMIZE
evolveSeed = 0
optimizeSeed = 0
tests = 256
streams = 1
units = 1
states = 1
generations = 0
population = 65536
iterations = 64
passes = 512
candidates = 16
attempts = 0
optimize = 1

scale = 0.300000f
startScale = 2.500000f
startResult = 10.000000f

FIRESTARTER_OPTIMIZE: Seed=0  Test= 6  Generation=  2 *Result=0.00009088  Best=0.00009088   Time=0.1  Run Time=30.2
FIRESTARTER_OPTIMIZE: Seed=0  Test= 6  Generation=  3  Result=0.00018215  Best=0.00009088   Time=0.1  Run Time=30.7
FIRESTARTER_OPTIMIZE: Seed=0  Test= 6  Generation=  4 *Result=0.00004476  Best=0.00004476   Time=0.1  Run Time=31.1
FIRESTARTER_OPTIMIZE: Seed=0  Test= 6  Generation=  5  Result=0.00149555  Best=0.00004476   Time=0.1  Run Time=31.5
FIRESTARTER_OPTIMIZE: Seed=0  Test= 6  Generation=  6  Result=0.00005232  Best=0.00004476   Time=0.1  Run Time=31.9
FIRESTARTER_OPTIMIZE: Seed=0  Test= 6  Generation=  7 *Result=0.00004274  Best=0.00004274   Time=0.1  Run Time=32.3
FIRESTARTER_OPTIMIZE: Seed=0  Test= 6  Generation=  8  Result=0.00018231  Best=0.00004274   Time=0.1  Run Time=32.7
FIRESTARTER_OPTIMIZE: Seed=0  Test= 6  Generation=  9  Result=0.00006235  Best=0.00004274   Time=0.1  Run Time=33.2
FIRESTARTER_OPTIMIZE: Seed=0  Test= 6  Generation= 10  Result=0.00018225  Best=0.00004274   Time=0.1  Run Time=33.6
FIRESTARTER_OPTIMIZE: Seed=0  Test= 6  Generation= 11  Result=0.00140802  Best=0.00004274   Time=0.1  Run Time=34.0
FIRESTARTER_OPTIMIZE: Seed=0  Test= 6  Generation= 12  Result=0.00018256  Best=0.00004274   Time=0.1  Run Time=34.4
FIRESTARTER_OPTIMIZE: Seed=0  Test= 6  Generation= 13  Result=0.00221012  Best=0.00004274   Time=0.1  Run Time=34.8
FIRESTARTER_OPTIMIZE: Seed=0  Test= 6  Generation= 14 *Result=0.00000097  Best=0.00000097   Time=0.1  Run Time=35.3
