CUDA devices = 1
Device 0: NVIDIA GeForce RTX 4090

variations = 1
instructions = 32
registers = 30
opcodes = 2
patternOpcodes = 4

targetMin = 0.000000f
targetMax = 6.283185f
target = 0.000001f

mode = FIRESTARTER_OPTIMIZE
evolveSeed = 0
optimizeSeed = 0
tests = 256
streams = 1
units = 1
states = 1
generations = 0
population = 49152
passes = 512
attempts = 0
optimize = 1

scale = 0.300000f
startScale = 2.500000f
startResult = 10.000000f

FIRESTARTER_OPTIMIZE: Seed=0  Test=213  Generation=  2 *Result=0.00037553  Best=0.00037553   Time=0.1  Run Time=575.4
FIRESTARTER_OPTIMIZE: Seed=0  Test=213  Generation=  3 *Result=0.00021964  Best=0.00021964   Time=0.1  Run Time=575.8
FIRESTARTER_OPTIMIZE: Seed=0  Test=213  Generation=  4 *Result=0.00001179  Best=0.00001179   Time=0.1  Run Time=576.1
FIRESTARTER_OPTIMIZE: Seed=0  Test=213  Generation=  5 *Result=0.00000553  Best=0.00000553   Time=0.1  Run Time=576.4
FIRESTARTER_OPTIMIZE: Seed=0  Test=213  Generation=  6  Result=0.00270054  Best=0.00000553   Time=0.1  Run Time=576.8
FIRESTARTER_OPTIMIZE: Seed=0  Test=213  Generation=  7  Result=0.00019305  Best=0.00000553   Time=0.1  Run Time=577.1
FIRESTARTER_OPTIMIZE: Seed=0  Test=213  Generation=  8  Result=0.00001317  Best=0.00000553   Time=0.1  Run Time=577.5
FIRESTARTER_OPTIMIZE: Seed=0  Test=213  Generation=  9  Result=0.00005223  Best=0.00000553   Time=0.1  Run Time=577.8
FIRESTARTER_OPTIMIZE: Seed=0  Test=213  Generation= 10  Result=0.00053382  Best=0.00000553   Time=0.1  Run Time=578.2
FIRESTARTER_OPTIMIZE: Seed=0  Test=213  Generation= 11  Result=0.00225618  Best=0.00000553   Time=0.1  Run Time=578.5
FIRESTARTER_OPTIMIZE: Seed=0  Test=213  Generation= 12 *Result=0.00000075  Best=0.00000075   Time=0.1  Run Time=578.9
