CUDA devices = 1
Device 0: NVIDIA GeForce RTX 4090

variations = 1
samples = 15
instructions = 28
registers = 28
opcodes = 2
patternOpcodes = 4

targetMin = 0.000000f
targetMax = 6.283185f
target = 0.000001f

mode = FIRESTARTER_OPTIMIZE
evolveSeed = 0
optimizeSeed = 0
tests = 256
streams = 1
units = 1
states = 1
generations = 0
population = 65536
iterations = 64
passes = 512
candidates = 16
attempts = 0
optimize = 1

scale = 0.300000f
startScale = 2.500000f
startResult = 10.000000f

FIRESTARTER_OPTIMIZE: Seed=0  Test=202  Generation=  2 *Result=0.00005229  Best=0.00005229   Time=0.1  Run Time=739.2
FIRESTARTER_OPTIMIZE: Seed=0  Test=202  Generation=  3 *Result=0.00000621  Best=0.00000621   Time=0.1  Run Time=739.6
FIRESTARTER_OPTIMIZE: Seed=0  Test=202  Generation=  4  Result=0.00002874  Best=0.00000621   Time=0.1  Run Time=740.0
FIRESTARTER_OPTIMIZE: Seed=0  Test=202  Generation=  5  Result=0.00011932  Best=0.00000621   Time=0.1  Run Time=740.5
FIRESTARTER_OPTIMIZE: Seed=0  Test=202  Generation=  6  Result=0.00149896  Best=0.00000621   Time=0.1  Run Time=740.9
FIRESTARTER_OPTIMIZE: Seed=0  Test=202  Generation=  7 *Result=0.00000042  Best=0.00000042   Time=0.1  Run Time=741.4
