CUDA devices = 1
Device 0: NVIDIA GeForce RTX 4090

variations = 1
samples = 15
instructions = 32
registers = 30
opcodes = 2
patternOpcodes = 2

targetMin = 0.000000f
targetMax = 6.283185f
target = 0.000001f

mode = FIRESTARTER_EVOLVE_GPU
evolveSeed = 0
optimizeSeed = 0
tests = 16
streams = 1
units = 1
states = 1
generations = 0
population = 262144
iterations = 64
passes = 100
candidates = 16
attempts = 0
optimize = 1

scale = 0.100000f
startScale = 2.000000f
startResult = 10.000000f

FIRESTARTER_EVOLVE_GPU: Seed=0  Test= 4  Generation=  0  Age=  1  Evolution= 0  Weight=0.00000000  Old Result=10.00000000 *New Result=0.00387413  Index=216967  EvolveAge1=1  EvolveAge2=34  Best=0.00387413   BestAge=0  Time=0.5 Seconds  Run Time=166.0 Seconds
FIRESTARTER_EVOLVE_GPU: Seed=0  Test= 4  Generation=  1  Age=  1  Evolution= 0  Weight=0.00000000  Old Result=0.00387413  Bad Result=0.00441036  Index=108109  EvolveAge1=0  EvolveAge2=6  Best=0.00387413   BestAge=1  Time=0.6 Seconds  Run Time=166.6 Seconds
FIRESTARTER_EVOLVE_GPU: Seed=0  Test= 4  Generation=  2  Age=  1  Evolution= 0  Weight=0.00000000  Old Result=0.00441036  Bad Result=0.00594294  Index=5786  EvolveAge1=1  EvolveAge2=16  Best=0.00387413   BestAge=2  Time=0.7 Seconds  Run Time=167.3 Seconds
FIRESTARTER_EVOLVE_GPU: Seed=0  Test= 4  Generation=  3  Age=  1  Evolution= 0  Weight=0.00000000  Old Result=0.00594294 *New Result=0.00191343  Index=48156  EvolveAge1=0  EvolveAge2=8  Best=0.00191343   BestAge=0  Time=0.7 Seconds  Run Time=168.0 Seconds
FIRESTARTER_EVOLVE_GPU: Seed=0  Test= 4  Generation=  4  Age=  1  Evolution= 0  Weight=0.00000000  Old Result=0.00191343 *New Result=0.00109378  Index=59774  EvolveAge1=0  EvolveAge2=37  Best=0.00109378   BestAge=0  Time=0.7 Seconds  Run Time=168.7 Seconds
FIRESTARTER_EVOLVE_GPU: Seed=0  Test= 4  Generation=  5  Age=  1  Evolution= 0  Weight=0.00000000  Old Result=0.00109378  Bad Result=0.00583289  Index=118735  EvolveAge1=0  EvolveAge2=102  Best=0.00109378   BestAge=1  Time=0.7 Seconds  Run Time=169.4 Seconds
FIRESTARTER_OPTIMIZE_CPU: Seed=0  Test= 4  Optimize=0  Generation=  0 *Result=0.00000085  Best=0.00000085   Time=4.2 Seconds  Run Time=169.7 Seconds
