CUDA devices = 1
Device 0: NVIDIA GeForce RTX 4090

variations = 1
instructions = 32
registers = 30
opcodes = 2
patternOpcodes = 4

targetMin = 0.000000f
targetMax = 6.283185f
target = 0.000001f

mode = FIRESTARTER_OPTIMIZE
evolveSeed = 1
optimizeSeed = 1
tests = 256
streams = 1
units = 1
states = 1
generations = 0
population = 49152
passes = 512
attempts = 0
optimize = 1

scale = 0.300000f
startScale = 2.500000f
startResult = 10.000000f

FIRESTARTER_OPTIMIZE: Seed=1  Test=15  Generation=  2 *Result=0.00027526  Best=0.00027526   Time=0.1  Run Time=39.4
FIRESTARTER_OPTIMIZE: Seed=1  Test=15  Generation=  3 *Result=0.00000159  Best=0.00000159   Time=0.1  Run Time=39.8
FIRESTARTER_OPTIMIZE: Seed=1  Test=15  Generation=  4  Result=0.00019449  Best=0.00000159   Time=0.1  Run Time=40.1
FIRESTARTER_OPTIMIZE: Seed=1  Test=15  Generation=  5  Result=0.00006422  Best=0.00000159   Time=0.1  Run Time=40.5
FIRESTARTER_OPTIMIZE: Seed=1  Test=15  Generation=  6  Result=0.00000662  Best=0.00000159   Time=0.1  Run Time=40.8
FIRESTARTER_OPTIMIZE: Seed=1  Test=15  Generation=  7  Result=0.00017452  Best=0.00000159   Time=0.1  Run Time=41.2
FIRESTARTER_OPTIMIZE: Seed=1  Test=15  Generation=  8  Result=0.00002253  Best=0.00000159   Time=0.1  Run Time=41.6
FIRESTARTER_OPTIMIZE: Seed=1  Test=15  Generation=  9  Result=0.00000276  Best=0.00000159   Time=0.1  Run Time=41.9
FIRESTARTER_OPTIMIZE: Seed=1  Test=15  Generation= 10  Result=0.00033428  Best=0.00000159   Time=0.1  Run Time=42.3
FIRESTARTER_OPTIMIZE: Seed=1  Test=15  Generation= 11 *Result=0.00000015  Best=0.00000015   Time=0.1  Run Time=42.6
