CUDA devices = 1
Device 0: NVIDIA GeForce RTX 4090

variations = 1
instructions = 32
registers = 30
opcodes = 2
patternOpcodes = 4

targetMin = 0.000000f
targetMax = 6.283185f
target = 0.000001f

mode = FIRESTARTER_OPTIMIZE
evolveSeed = 0
optimizeSeed = 0
tests = 256
streams = 1
units = 1
states = 1
generations = 0
population = 49152
passes = 256
attempts = 0
optimize = 1

scale = 0.300000f
startScale = 2.500000f
startResult = 10.000000f

FIRESTARTER_OPTIMIZE: Seed=0  Test=15  Generation=  2 *Result=0.00024186  Best=0.00024186   Time=0.1  Run Time=46.0
FIRESTARTER_OPTIMIZE: Seed=0  Test=15  Generation=  3 *Result=0.00000868  Best=0.00000868   Time=0.1  Run Time=46.3
FIRESTARTER_OPTIMIZE: Seed=0  Test=15  Generation=  4  Result=0.00019216  Best=0.00000868   Time=0.1  Run Time=46.6
FIRESTARTER_OPTIMIZE: Seed=0  Test=15  Generation=  5  Result=0.00007136  Best=0.00000868   Time=0.1  Run Time=46.9
FIRESTARTER_OPTIMIZE: Seed=0  Test=15  Generation=  6  Result=0.00006151  Best=0.00000868   Time=0.1  Run Time=47.2
FIRESTARTER_OPTIMIZE: Seed=0  Test=15  Generation=  7  Result=0.00065420  Best=0.00000868   Time=0.1  Run Time=47.5
FIRESTARTER_OPTIMIZE: Seed=0  Test=15  Generation=  8  Result=0.00011832  Best=0.00000868   Time=0.1  Run Time=47.8
FIRESTARTER_OPTIMIZE: Seed=0  Test=15  Generation=  9 *Result=0.00000633  Best=0.00000633   Time=0.1  Run Time=48.1
FIRESTARTER_OPTIMIZE: Seed=0  Test=15  Generation= 10  Result=0.00033416  Best=0.00000633   Time=0.1  Run Time=48.5
FIRESTARTER_OPTIMIZE: Seed=0  Test=15  Generation= 11  Result=0.00005510  Best=0.00000633   Time=0.1  Run Time=48.8
FIRESTARTER_OPTIMIZE: Seed=0  Test=15  Generation= 12 *Result=0.00000037  Best=0.00000037   Time=0.1  Run Time=49.1
