CUDA devices = 1
Device 0: NVIDIA GeForce RTX 4090

variations = 1
instructions = 32
registers = 30
opcodes = 2
patternOpcodes = 4

targetMin = 0.000000f
targetMax = 6.283185f
target = 0.000001f

mode = FIRESTARTER_OPTIMIZE
evolveSeed = 0
optimizeSeed = 0
tests = 256
streams = 1
units = 1
states = 1
generations = 0
population = 65536
passes = 384
attempts = 0
optimize = 1

scale = 0.300000f
startScale = 2.500000f
startResult = 10.000000f

FIRESTARTER_OPTIMIZE: Seed=0  Test=14  Generation=  2 *Result=0.00109664  Best=0.00109664   Time=0.1  Run Time=39.3
FIRESTARTER_OPTIMIZE: Seed=0  Test=14  Generation=  3 *Result=0.00030108  Best=0.00030108   Time=0.1  Run Time=39.6
FIRESTARTER_OPTIMIZE: Seed=0  Test=14  Generation=  4 *Result=0.00001759  Best=0.00001759   Time=0.1  Run Time=39.9
FIRESTARTER_OPTIMIZE: Seed=0  Test=14  Generation=  5  Result=0.00002386  Best=0.00001759   Time=0.1  Run Time=40.3
FIRESTARTER_OPTIMIZE: Seed=0  Test=14  Generation=  6 *Result=0.00000285  Best=0.00000285   Time=0.1  Run Time=40.7
FIRESTARTER_OPTIMIZE: Seed=0  Test=14  Generation=  7  Result=0.00011206  Best=0.00000285   Time=0.1  Run Time=41.0
FIRESTARTER_OPTIMIZE: Seed=0  Test=14  Generation=  8  Result=0.00001100  Best=0.00000285   Time=0.1  Run Time=41.4
FIRESTARTER_OPTIMIZE: Seed=0  Test=14  Generation=  9 *Result=0.00000013  Best=0.00000013   Time=0.1  Run Time=41.7
