CUDA devices = 1
Device 0: NVIDIA GeForce RTX 4090

variations = 1
instructions = 32
registers = 30
opcodes = 2
patternOpcodes = 4

targetMin = 0.000000f
targetMax = 6.283185f
target = 0.000001f

mode = FIRESTARTER_OPTIMIZE
evolveSeed = 0
optimizeSeed = 0
tests = 256
streams = 1
units = 1
states = 1
generations = 0
population = 49152
passes = 512
attempts = 0
optimize = 1

scale = 0.300000f
startScale = 2.500000f
startResult = 10.000000f

FIRESTARTER_OPTIMIZE: Seed=0  Test=214  Generation=  2 *Result=0.00006118  Best=0.00006118   Time=0.1  Run Time=579.5
FIRESTARTER_OPTIMIZE: Seed=0  Test=214  Generation=  3  Result=0.00224177  Best=0.00006118   Time=0.1  Run Time=579.9
FIRESTARTER_OPTIMIZE: Seed=0  Test=214  Generation=  4 *Result=0.00000115  Best=0.00000115   Time=0.1  Run Time=580.2
FIRESTARTER_OPTIMIZE: Seed=0  Test=214  Generation=  5  Result=0.00224847  Best=0.00000115   Time=0.1  Run Time=580.6
FIRESTARTER_OPTIMIZE: Seed=0  Test=214  Generation=  6  Result=0.00035612  Best=0.00000115   Time=0.1  Run Time=580.9
FIRESTARTER_OPTIMIZE: Seed=0  Test=214  Generation=  7  Result=0.00115740  Best=0.00000115   Time=0.1  Run Time=581.3
FIRESTARTER_OPTIMIZE: Seed=0  Test=214  Generation=  8  Result=0.00031078  Best=0.00000115   Time=0.1  Run Time=581.6
FIRESTARTER_OPTIMIZE: Seed=0  Test=214  Generation=  9  Result=0.00613960  Best=0.00000115   Time=0.1  Run Time=582.0
FIRESTARTER_OPTIMIZE: Seed=0  Test=214  Generation= 10  Result=0.00016785  Best=0.00000115   Time=0.1  Run Time=582.3
FIRESTARTER_OPTIMIZE: Seed=0  Test=214  Generation= 11 *Result=0.00000018  Best=0.00000018   Time=0.1  Run Time=582.6
