CUDA devices = 1
Device 0: NVIDIA GeForce RTX 4090

variations = 1
instructions = 32
registers = 30
opcodes = 2
patternOpcodes = 4

targetMin = 0.000000f
targetMax = 6.283185f
target = 0.000001f

mode = FIRESTARTER_OPTIMIZE
evolveSeed = 0
optimizeSeed = 0
tests = 256
streams = 1
units = 1
states = 1
generations = 0
population = 65536
passes = 512
attempts = 0
optimize = 1

scale = 0.300000f
startScale = 2.500000f
startResult = 10.000000f

FIRESTARTER_OPTIMIZE: Seed=0  Test=223  Generation=  2 *Result=0.00025266  Best=0.00025266   Time=0.1  Run Time=626.4
FIRESTARTER_OPTIMIZE: Seed=0  Test=223  Generation=  3 *Result=0.00000306  Best=0.00000306   Time=0.1  Run Time=626.8
FIRESTARTER_OPTIMIZE: Seed=0  Test=223  Generation=  4  Result=0.00001667  Best=0.00000306   Time=0.1  Run Time=627.2
FIRESTARTER_OPTIMIZE: Seed=0  Test=223  Generation=  5 *Result=0.00000066  Best=0.00000066   Time=0.1  Run Time=627.5
