CUDA devices = 1
Device 0: NVIDIA GeForce RTX 4090

variations = 1
instructions = 32
registers = 30
opcodes = 2
patternOpcodes = 4

targetMin = 0.000000f
targetMax = 6.283185f
target = 0.000001f

mode = FIRESTARTER_OPTIMIZE
evolveSeed = 0
optimizeSeed = 0
tests = 256
streams = 1
units = 1
states = 1
generations = 0
population = 65536
passes = 512
attempts = 0
optimize = 1

scale = 0.300000f
startScale = 2.500000f
startResult = 10.000000f

FIRESTARTER_OPTIMIZE: Seed=0  Test=189  Generation=  2 *Result=0.00004110  Best=0.00004110   Time=0.1  Run Time=527.5
FIRESTARTER_OPTIMIZE: Seed=0  Test=189  Generation=  3  Result=0.00028205  Best=0.00004110   Time=0.1  Run Time=527.8
FIRESTARTER_OPTIMIZE: Seed=0  Test=189  Generation=  4  Result=0.00025045  Best=0.00004110   Time=0.1  Run Time=528.2
FIRESTARTER_OPTIMIZE: Seed=0  Test=189  Generation=  5  Result=0.00071679  Best=0.00004110   Time=0.1  Run Time=528.6
FIRESTARTER_OPTIMIZE: Seed=0  Test=189  Generation=  6  Result=0.00048405  Best=0.00004110   Time=0.1  Run Time=528.9
FIRESTARTER_OPTIMIZE: Seed=0  Test=189  Generation=  7 *Result=0.00000013  Best=0.00000013   Time=0.1  Run Time=529.3
