CUDA devices = 1
Device 0: NVIDIA GeForce RTX 4090

variations = 1
samples = 15
instructions = 30
registers = 30
opcodes = 2
patternOpcodes = 4

targetMin = 0.000000f
targetMax = 6.283185f
target = 0.000001f

mode = FIRESTARTER_OPTIMIZE
evolveSeed = 0
optimizeSeed = 0
tests = 256
streams = 1
units = 1
states = 1
generations = 0
population = 65536
iterations = 64
passes = 512
candidates = 16
attempts = 0
optimize = 1

scale = 0.300000f
startScale = 2.500000f
startResult = 10.000000f

FIRESTARTER_OPTIMIZE: Seed=0  Test=88  Generation=  2 *Result=0.00015795  Best=0.00015795   Time=0.1  Run Time=273.9
FIRESTARTER_OPTIMIZE: Seed=0  Test=88  Generation=  3 *Result=0.00000492  Best=0.00000492   Time=0.1  Run Time=274.4
FIRESTARTER_OPTIMIZE: Seed=0  Test=88  Generation=  4  Result=0.00069787  Best=0.00000492   Time=0.1  Run Time=274.8
FIRESTARTER_OPTIMIZE: Seed=0  Test=88  Generation=  5  Result=0.00149369  Best=0.00000492   Time=0.1  Run Time=275.2
FIRESTARTER_OPTIMIZE: Seed=0  Test=88  Generation=  6  Result=0.00008942  Best=0.00000492   Time=0.1  Run Time=275.7
FIRESTARTER_OPTIMIZE: Seed=0  Test=88  Generation=  7 *Result=0.00000034  Best=0.00000034   Time=0.1  Run Time=276.1
