CUDA devices = 1
Device 0: NVIDIA GeForce RTX 4090

variations = 1
instructions = 32
registers = 30
opcodes = 2
patternOpcodes = 4

targetMin = 0.000000f
targetMax = 6.283185f
target = 0.000001f

mode = FIRESTARTER_OPTIMIZE
evolveSeed = 1
optimizeSeed = 1
tests = 256
streams = 1
units = 1
states = 1
generations = 0
population = 65536
passes = 384
attempts = 0
optimize = 1

scale = 0.300000f
startScale = 2.500000f
startResult = 10.000000f

FIRESTARTER_OPTIMIZE: Seed=1  Test=135  Generation=  2 *Result=0.00007242  Best=0.00007242   Time=0.1  Run Time=315.0
FIRESTARTER_OPTIMIZE: Seed=1  Test=135  Generation=  3 *Result=0.00000333  Best=0.00000333   Time=0.1  Run Time=315.3
FIRESTARTER_OPTIMIZE: Seed=1  Test=135  Generation=  4  Result=0.00028211  Best=0.00000333   Time=0.1  Run Time=315.6
FIRESTARTER_OPTIMIZE: Seed=1  Test=135  Generation=  5  Result=0.00002440  Best=0.00000333   Time=0.1  Run Time=316.0
FIRESTARTER_OPTIMIZE: Seed=1  Test=135  Generation=  6  Result=0.00009665  Best=0.00000333   Time=0.1  Run Time=316.4
FIRESTARTER_OPTIMIZE: Seed=1  Test=135  Generation=  7  Result=0.00000792  Best=0.00000333   Time=0.1  Run Time=316.7
FIRESTARTER_OPTIMIZE: Seed=1  Test=135  Generation=  8  Result=0.00006661  Best=0.00000333   Time=0.1  Run Time=317.1
FIRESTARTER_OPTIMIZE: Seed=1  Test=135  Generation=  9  Result=0.00000551  Best=0.00000333   Time=0.1  Run Time=317.5
FIRESTARTER_OPTIMIZE: Seed=1  Test=135  Generation= 10  Result=0.00006694  Best=0.00000333   Time=0.1  Run Time=317.8
FIRESTARTER_OPTIMIZE: Seed=1  Test=135  Generation= 11 *Result=0.00000110  Best=0.00000110   Time=0.1  Run Time=318.2
FIRESTARTER_OPTIMIZE: Seed=1  Test=135  Generation= 12 *Result=0.00000048  Best=0.00000048   Time=0.1  Run Time=318.6
