CUDA devices = 1
Device 0: NVIDIA GeForce RTX 4090

variations = 1
samples = 15
instructions = 32
registers = 30
opcodes = 2
patternOpcodes = 4

targetMin = 0.000000f
targetMax = 6.283185f
target = 0.000001f

mode = FIRESTARTER_OPTIMIZE
evolveSeed = 0
optimizeSeed = 0
tests = 256
streams = 1
units = 1
states = 1
generations = 0
population = 65536
iterations = 64
passes = 512
candidates = 16
attempts = 0
optimize = 1

scale = 0.200000f
startScale = 2.500000f
startResult = 10.000000f

FIRESTARTER_OPTIMIZE: Seed=0  Test=231  Generation=  2 *Result=0.00000227  Best=0.00000227   Time=0.1  Run Time=1007.5
FIRESTARTER_OPTIMIZE: Seed=0  Test=231  Generation=  3  Result=0.00000310  Best=0.00000227   Time=0.1  Run Time=1008.0
FIRESTARTER_OPTIMIZE: Seed=0  Test=231  Generation=  4  Result=0.00103178  Best=0.00000227   Time=0.1  Run Time=1008.4
FIRESTARTER_OPTIMIZE: Seed=0  Test=231  Generation=  5  Result=0.00019836  Best=0.00000227   Time=0.1  Run Time=1008.9
FIRESTARTER_OPTIMIZE: Seed=0  Test=231  Generation=  6 *Result=0.00000192  Best=0.00000192   Time=0.1  Run Time=1009.4
FIRESTARTER_OPTIMIZE: Seed=0  Test=231  Generation=  7  Result=0.00007722  Best=0.00000192   Time=0.1  Run Time=1009.8
FIRESTARTER_OPTIMIZE: Seed=0  Test=231  Generation=  8  Result=0.00066902  Best=0.00000192   Time=0.1  Run Time=1010.3
FIRESTARTER_OPTIMIZE: Seed=0  Test=231  Generation=  9  Result=0.00121831  Best=0.00000192   Time=0.1  Run Time=1010.7
FIRESTARTER_OPTIMIZE: Seed=0  Test=231  Generation= 10  Result=0.00050518  Best=0.00000192   Time=0.1  Run Time=1011.2
FIRESTARTER_OPTIMIZE: Seed=0  Test=231  Generation= 11 *Result=0.00000026  Best=0.00000026   Time=0.1  Run Time=1011.6
