CUDA devices = 1
Device 0: NVIDIA GeForce RTX 4090

variations = 1
samples = 15
instructions = 32
registers = 30
opcodes = 2
patternOpcodes = 4

targetMin = 0.000000f
targetMax = 6.283185f
target = 0.000001f

mode = FIRESTARTER_OPTIMIZE
evolveSeed = 123
optimizeSeed = 123
tests = 256
streams = 1
units = 1
states = 1
generations = 0
population = 65536
iterations = 64
passes = 512
candidates = 16
attempts = 0
optimize = 1

scale = 0.300000f
startScale = 2.500000f
startResult = 10.000000f

FIRESTARTER_OPTIMIZE: Seed=123  Test=11  Generation=  2 *Result=0.00070937  Best=0.00070937   Time=0.1  Run Time=49.9
FIRESTARTER_OPTIMIZE: Seed=123  Test=11  Generation=  3 *Result=0.00002530  Best=0.00002530   Time=0.1  Run Time=50.3
FIRESTARTER_OPTIMIZE: Seed=123  Test=11  Generation=  4 *Result=0.00000832  Best=0.00000832   Time=0.1  Run Time=50.7
FIRESTARTER_OPTIMIZE: Seed=123  Test=11  Generation=  5  Result=0.00020146  Best=0.00000832   Time=0.1  Run Time=51.1
FIRESTARTER_OPTIMIZE: Seed=123  Test=11  Generation=  6 *Result=0.00000021  Best=0.00000021   Time=0.1  Run Time=51.4
