CUDA devices = 1
Device 0: NVIDIA GeForce RTX 4090

variations = 1
samples = 15
instructions = 32
registers = 30
opcodes = 2
patternOpcodes = 4

targetMin = 0.000000f
targetMax = 6.283185f
target = 0.000001f

mode = FIRESTARTER_OPTIMIZE
evolveSeed = 0
optimizeSeed = 0
tests = 256
streams = 1
units = 1
states = 1
generations = 0
population = 65536
iterations = 64
passes = 500
candidates = 16
attempts = 0
optimize = 1

scale = 0.100000f
startScale = 2.000000f
startResult = 10.000000f

FIRESTARTER_OPTIMIZE: Seed=0  Test=237  Generation=  2 *Result=0.00000560  Best=0.00000560   Time=0.1 Seconds  Run Time=2532.1 Seconds
FIRESTARTER_OPTIMIZE: Seed=0  Test=237  Generation=  3  Result=0.00270750  Best=0.00000560   Time=0.1 Seconds  Run Time=2532.5 Seconds
FIRESTARTER_OPTIMIZE: Seed=0  Test=237  Generation=  4  Result=0.00005975  Best=0.00000560   Time=0.1 Seconds  Run Time=2533.0 Seconds
FIRESTARTER_OPTIMIZE: Seed=0  Test=237  Generation=  5  Result=0.00004762  Best=0.00000560   Time=0.1 Seconds  Run Time=2533.4 Seconds
FIRESTARTER_OPTIMIZE: Seed=0  Test=237  Generation=  6  Result=0.00019035  Best=0.00000560   Time=0.1 Seconds  Run Time=2533.8 Seconds
FIRESTARTER_OPTIMIZE: Seed=0  Test=237  Generation=  7  Result=0.00009075  Best=0.00000560   Time=0.1 Seconds  Run Time=2534.2 Seconds
FIRESTARTER_OPTIMIZE: Seed=0  Test=237  Generation=  8  Result=0.00003594  Best=0.00000560   Time=0.1 Seconds  Run Time=2534.6 Seconds
FIRESTARTER_OPTIMIZE: Seed=0  Test=237  Generation=  9  Result=0.00000710  Best=0.00000560   Time=0.1 Seconds  Run Time=2535.1 Seconds
FIRESTARTER_OPTIMIZE: Seed=0  Test=237  Generation= 10  Result=0.00013163  Best=0.00000560   Time=0.1 Seconds  Run Time=2535.5 Seconds
FIRESTARTER_OPTIMIZE: Seed=0  Test=237  Generation= 11  Result=0.00015165  Best=0.00000560   Time=0.1 Seconds  Run Time=2535.9 Seconds
FIRESTARTER_OPTIMIZE: Seed=0  Test=237  Generation= 12  Result=0.00035503  Best=0.00000560   Time=0.1 Seconds  Run Time=2536.3 Seconds
FIRESTARTER_OPTIMIZE: Seed=0  Test=237  Generation= 13  Result=0.00020969  Best=0.00000560   Time=0.1 Seconds  Run Time=2536.7 Seconds
FIRESTARTER_OPTIMIZE: Seed=0  Test=237  Generation= 14 *Result=0.00000018  Best=0.00000018   Time=0.1 Seconds  Run Time=2537.1 Seconds
