CUDA devices = 1
Device 0: NVIDIA GeForce RTX 4090

variations = 1
samples = 15
instructions = 30
registers = 30
opcodes = 2
patternOpcodes = 4

targetMin = 0.000000f
targetMax = 6.283185f
target = 0.000001f

mode = FIRESTARTER_OPTIMIZE
evolveSeed = 0
optimizeSeed = 0
tests = 256
streams = 1
units = 1
states = 1
generations = 0
population = 65536
iterations = 64
passes = 512
candidates = 16
attempts = 0
optimize = 1

scale = 0.300000f
startScale = 2.500000f
startResult = 10.000000f

FIRESTARTER_OPTIMIZE: Seed=0  Test=215  Generation=  2 *Result=0.00003017  Best=0.00003017   Time=0.1  Run Time=746.0
FIRESTARTER_OPTIMIZE: Seed=0  Test=215  Generation=  3  Result=0.00021875  Best=0.00003017   Time=0.1  Run Time=746.5
FIRESTARTER_OPTIMIZE: Seed=0  Test=215  Generation=  4  Result=0.00036387  Best=0.00003017   Time=0.1  Run Time=746.9
FIRESTARTER_OPTIMIZE: Seed=0  Test=215  Generation=  5  Result=0.00018627  Best=0.00003017   Time=0.1  Run Time=747.3
FIRESTARTER_OPTIMIZE: Seed=0  Test=215  Generation=  6  Result=0.00071075  Best=0.00003017   Time=0.1  Run Time=747.8
FIRESTARTER_OPTIMIZE: Seed=0  Test=215  Generation=  7 *Result=0.00000028  Best=0.00000028   Time=0.1  Run Time=748.2
