CUDA devices = 1
Device 0: NVIDIA GeForce RTX 4090

variations = 1
samples = 15
instructions = 32
registers = 30
opcodes = 2
patternOpcodes = 4

targetMin = 0.000000f
targetMax = 6.283185f
target = 0.000001f

mode = FIRESTARTER_OPTIMIZE
evolveSeed = 0
optimizeSeed = 0
tests = 256
streams = 1
units = 1
states = 1
generations = 0
population = 65536
iterations = 64
passes = 500
candidates = 16
attempts = 0
optimize = 1

scale = 0.100000f
startScale = 2.000000f
startResult = 10.000000f

FIRESTARTER_OPTIMIZE: Seed=0  Test=58  Generation=  2 *Result=0.00098411  Best=0.00098411   Time=0.1  Run Time=465.1
FIRESTARTER_OPTIMIZE: Seed=0  Test=58  Generation=  3 *Result=0.00012059  Best=0.00012059   Time=0.1  Run Time=465.5
FIRESTARTER_OPTIMIZE: Seed=0  Test=58  Generation=  4 *Result=0.00001904  Best=0.00001904   Time=0.1  Run Time=465.8
FIRESTARTER_OPTIMIZE: Seed=0  Test=58  Generation=  5  Result=0.00003575  Best=0.00001904   Time=0.1  Run Time=466.2
FIRESTARTER_OPTIMIZE: Seed=0  Test=58  Generation=  6  Result=0.00013942  Best=0.00001904   Time=0.1  Run Time=466.6
FIRESTARTER_OPTIMIZE: Seed=0  Test=58  Generation=  7  Result=0.00009011  Best=0.00001904   Time=0.1  Run Time=467.0
FIRESTARTER_OPTIMIZE: Seed=0  Test=58  Generation=  8  Result=0.00065807  Best=0.00001904   Time=0.1  Run Time=467.4
FIRESTARTER_OPTIMIZE: Seed=0  Test=58  Generation=  9  Result=0.00004516  Best=0.00001904   Time=0.1  Run Time=467.8
FIRESTARTER_OPTIMIZE: Seed=0  Test=58  Generation= 10  Result=0.00006872  Best=0.00001904   Time=0.1  Run Time=468.1
FIRESTARTER_OPTIMIZE: Seed=0  Test=58  Generation= 11  Result=0.00002832  Best=0.00001904   Time=0.1  Run Time=468.5
FIRESTARTER_OPTIMIZE: Seed=0  Test=58  Generation= 12 *Result=0.00000071  Best=0.00000071   Time=0.1  Run Time=468.9
