CUDA devices = 1
Device 0: NVIDIA GeForce RTX 4090

variations = 1
instructions = 32
registers = 30
opcodes = 2
patternOpcodes = 4

targetMin = 0.000000f
targetMax = 6.283185f
target = 0.000001f

mode = FIRESTARTER_OPTIMIZE
evolveSeed = 0
optimizeSeed = 0
tests = 256
streams = 1
units = 1
states = 1
generations = 0
population = 32768
passes = 512
attempts = 0
optimize = 1

scale = 0.300000f
startScale = 2.500000f
startResult = 10.000000f

FIRESTARTER_OPTIMIZE: Seed=0  Test=131  Generation=  2 *Result=0.00000215  Best=0.00000215   Time=0.1  Run Time=385.8
FIRESTARTER_OPTIMIZE: Seed=0  Test=131  Generation=  3  Result=0.00258797  Best=0.00000215   Time=0.1  Run Time=386.1
FIRESTARTER_OPTIMIZE: Seed=0  Test=131  Generation=  4  Result=0.00223434  Best=0.00000215   Time=0.1  Run Time=386.5
FIRESTARTER_OPTIMIZE: Seed=0  Test=131  Generation=  5  Result=0.00020144  Best=0.00000215   Time=0.1  Run Time=386.8
FIRESTARTER_OPTIMIZE: Seed=0  Test=131  Generation=  6  Result=0.00015675  Best=0.00000215   Time=0.1  Run Time=387.1
FIRESTARTER_OPTIMIZE: Seed=0  Test=131  Generation=  7 *Result=0.00000018  Best=0.00000018   Time=0.1  Run Time=387.5
