CUDA devices = 1
Device 0: NVIDIA GeForce RTX 4090

variations = 1
instructions = 32
registers = 30
opcodes = 2
patternOpcodes = 4

targetMin = 0.000000f
targetMax = 6.283185f
target = 0.000001f

mode = FIRESTARTER_OPTIMIZE
evolveSeed = 1
optimizeSeed = 1
tests = 256
streams = 1
units = 1
states = 1
generations = 0
population = 65536
passes = 384
attempts = 0
optimize = 1

scale = 0.300000f
startScale = 2.500000f
startResult = 10.000000f

FIRESTARTER_OPTIMIZE: Seed=1  Test=209  Generation=  2 *Result=0.00026116  Best=0.00026116   Time=0.1  Run Time=600.5
FIRESTARTER_OPTIMIZE: Seed=1  Test=209  Generation=  3 *Result=0.00001829  Best=0.00001829   Time=0.1  Run Time=600.8
FIRESTARTER_OPTIMIZE: Seed=1  Test=209  Generation=  4  Result=0.00013046  Best=0.00001829   Time=0.1  Run Time=601.1
FIRESTARTER_OPTIMIZE: Seed=1  Test=209  Generation=  5  Result=0.00031245  Best=0.00001829   Time=0.1  Run Time=601.4
FIRESTARTER_OPTIMIZE: Seed=1  Test=209  Generation=  6 *Result=0.00000013  Best=0.00000013   Time=0.1  Run Time=601.8
