CUDA devices = 1
Device 0: NVIDIA GeForce RTX 4090

variations = 1
samples = 15
instructions = 32
registers = 30
opcodes = 2
patternOpcodes = 4

targetMin = 0.000000f
targetMax = 6.283185f
target = 0.000001f

mode = FIRESTARTER_OPTIMIZE
evolveSeed = 0
optimizeSeed = 0
tests = 256
streams = 1
units = 1
states = 1
generations = 0
population = 65536
iterations = 64
passes = 512
candidates = 16
attempts = 0
optimize = 1

scale = 0.150000f
startScale = 2.500000f
startResult = 10.000000f

FIRESTARTER_OPTIMIZE: Seed=0  Test=58  Generation=  2 *Result=0.00024414  Best=0.00024414   Time=0.1  Run Time=289.8
FIRESTARTER_OPTIMIZE: Seed=0  Test=58  Generation=  3 *Result=0.00005439  Best=0.00005439   Time=0.1  Run Time=290.3
FIRESTARTER_OPTIMIZE: Seed=0  Test=58  Generation=  4  Result=0.00018108  Best=0.00005439   Time=0.1  Run Time=290.7
FIRESTARTER_OPTIMIZE: Seed=0  Test=58  Generation=  5  Result=0.00036788  Best=0.00005439   Time=0.1  Run Time=291.2
FIRESTARTER_OPTIMIZE: Seed=0  Test=58  Generation=  6  Result=0.00037089  Best=0.00005439   Time=0.1  Run Time=291.7
FIRESTARTER_OPTIMIZE: Seed=0  Test=58  Generation=  7  Result=0.00044403  Best=0.00005439   Time=0.1  Run Time=292.1
FIRESTARTER_OPTIMIZE: Seed=0  Test=58  Generation=  8  Result=0.00330106  Best=0.00005439   Time=0.1  Run Time=292.6
FIRESTARTER_OPTIMIZE: Seed=0  Test=58  Generation=  9 *Result=0.00000023  Best=0.00000023   Time=0.1  Run Time=293.1
