CUDA devices = 1
Device 0: NVIDIA GeForce RTX 4090

variations = 1
samples = 15
instructions = 32
registers = 30
opcodes = 2
patternOpcodes = 4

targetMin = 0.000000f
targetMax = 6.283185f
target = 0.000001f

mode = FIRESTARTER_OPTIMIZE
evolveSeed = 0
optimizeSeed = 0
tests = 256
streams = 1
units = 1
states = 1
generations = 0
population = 65536
iterations = 64
passes = 512
candidates = 16
attempts = 0
optimize = 1

scale = 0.150000f
startScale = 2.500000f
startResult = 10.000000f

FIRESTARTER_OPTIMIZE: Seed=0  Test=117  Generation=  2 *Result=0.00002557  Best=0.00002557   Time=0.1  Run Time=541.9
FIRESTARTER_OPTIMIZE: Seed=0  Test=117  Generation=  3  Result=0.00026064  Best=0.00002557   Time=0.1  Run Time=542.4
FIRESTARTER_OPTIMIZE: Seed=0  Test=117  Generation=  4  Result=0.00012833  Best=0.00002557   Time=0.1  Run Time=542.9
FIRESTARTER_OPTIMIZE: Seed=0  Test=117  Generation=  5  Result=0.00002790  Best=0.00002557   Time=0.1  Run Time=543.4
FIRESTARTER_OPTIMIZE: Seed=0  Test=117  Generation=  6 *Result=0.00000763  Best=0.00000763   Time=0.1  Run Time=543.8
FIRESTARTER_OPTIMIZE: Seed=0  Test=117  Generation=  7  Result=0.00230353  Best=0.00000763   Time=0.1  Run Time=544.3
FIRESTARTER_OPTIMIZE: Seed=0  Test=117  Generation=  8  Result=0.00167837  Best=0.00000763   Time=0.1  Run Time=544.8
FIRESTARTER_OPTIMIZE: Seed=0  Test=117  Generation=  9  Result=0.00001121  Best=0.00000763   Time=0.1  Run Time=545.2
FIRESTARTER_OPTIMIZE: Seed=0  Test=117  Generation= 10  Result=0.00002941  Best=0.00000763   Time=0.1  Run Time=545.7
FIRESTARTER_OPTIMIZE: Seed=0  Test=117  Generation= 11 *Result=0.00000025  Best=0.00000025   Time=0.1  Run Time=546.2
