CUDA devices = 1
Device 0: NVIDIA GeForce RTX 4090

variations = 1
instructions = 32
registers = 30
opcodes = 2
patternOpcodes = 4

targetMin = 0.000000f
targetMax = 6.283185f
target = 0.000001f

mode = FIRESTARTER_OPTIMIZE
evolveSeed = 0
optimizeSeed = 0
tests = 256
streams = 1
units = 1
states = 1
generations = 0
population = 65536
passes = 384
attempts = 0
optimize = 1

scale = 0.300000f
startScale = 2.500000f
startResult = 10.000000f

FIRESTARTER_OPTIMIZE: Seed=0  Test=236  Generation=  1 *Result=0.00070477  Best=0.00070477   Time=0.1  Run Time=846.0
FIRESTARTER_OPTIMIZE: Seed=0  Test=236  Generation=  2 *Result=0.00006283  Best=0.00006283   Time=0.1  Run Time=846.1
FIRESTARTER_OPTIMIZE: Seed=0  Test=236  Generation=  3  Result=0.00014177  Best=0.00006283   Time=0.1  Run Time=846.3
FIRESTARTER_OPTIMIZE: Seed=0  Test=236  Generation=  4  Result=0.00009261  Best=0.00006283   Time=0.1  Run Time=846.4
FIRESTARTER_OPTIMIZE: Seed=0  Test=236  Generation=  5  Result=0.00018665  Best=0.00006283   Time=0.1  Run Time=846.6
FIRESTARTER_OPTIMIZE: Seed=0  Test=236  Generation=  6  Result=0.00050044  Best=0.00006283   Time=0.1  Run Time=846.7
FIRESTARTER_OPTIMIZE: Seed=0  Test=236  Generation=  7 *Result=0.00006176  Best=0.00006176   Time=0.1  Run Time=846.9
FIRESTARTER_OPTIMIZE: Seed=0  Test=236  Generation=  8 *Result=0.00000044  Best=0.00000044   Time=0.1  Run Time=847.0
