CUDA devices = 1
Device 0: NVIDIA GeForce RTX 4090

variations = 1
instructions = 32
registers = 30
opcodes = 2
patternOpcodes = 4

targetMin = 0.000000f
targetMax = 6.283185f
target = 0.000001f

mode = FIRESTARTER_OPTIMIZE
evolveSeed = 1
optimizeSeed = 1
tests = 256
streams = 1
units = 1
states = 1
generations = 0
population = 65536
passes = 384
attempts = 0
optimize = 1

scale = 0.300000f
startScale = 2.500000f
startResult = 10.000000f

FIRESTARTER_OPTIMIZE: Seed=1  Test=197  Generation=  2 *Result=0.00007689  Best=0.00007689   Time=0.1  Run Time=503.3
FIRESTARTER_OPTIMIZE: Seed=1  Test=197  Generation=  3 *Result=0.00000113  Best=0.00000113   Time=0.1  Run Time=503.5
FIRESTARTER_OPTIMIZE: Seed=1  Test=197  Generation=  4  Result=0.00001554  Best=0.00000113   Time=0.1  Run Time=503.8
FIRESTARTER_OPTIMIZE: Seed=1  Test=197  Generation=  5  Result=0.00017788  Best=0.00000113   Time=0.1  Run Time=504.1
FIRESTARTER_OPTIMIZE: Seed=1  Test=197  Generation=  6  Result=0.00003893  Best=0.00000113   Time=0.1  Run Time=504.4
FIRESTARTER_OPTIMIZE: Seed=1  Test=197  Generation=  7  Result=0.00064509  Best=0.00000113   Time=0.1  Run Time=504.7
FIRESTARTER_OPTIMIZE: Seed=1  Test=197  Generation=  8  Result=0.00001091  Best=0.00000113   Time=0.1  Run Time=505.0
FIRESTARTER_OPTIMIZE: Seed=1  Test=197  Generation=  9  Result=0.00038478  Best=0.00000113   Time=0.1  Run Time=505.3
FIRESTARTER_OPTIMIZE: Seed=1  Test=197  Generation= 10 *Result=0.00000012  Best=0.00000012   Time=0.1  Run Time=505.6
