CUDA devices = 1
Device 0: NVIDIA GeForce RTX 4090

variations = 1
samples = 15
instructions = 32
registers = 30
opcodes = 2
patternOpcodes = 4

targetMin = 0.000000f
targetMax = 6.283185f
target = 0.000001f

mode = FIRESTARTER_OPTIMIZE
evolveSeed = 0
optimizeSeed = 0
tests = 256
streams = 1
units = 1
states = 1
generations = 0
population = 65536
iterations = 64
passes = 512
candidates = 16
attempts = 0
optimize = 1

scale = 0.100000f
startScale = 2.500000f
startResult = 10.000000f

FIRESTARTER_OPTIMIZE: Seed=0  Test=191  Generation=  2 *Result=0.00000235  Best=0.00000235   Time=0.1  Run Time=1044.5
FIRESTARTER_OPTIMIZE: Seed=0  Test=191  Generation=  3  Result=0.00003638  Best=0.00000235   Time=0.1  Run Time=1044.9
FIRESTARTER_OPTIMIZE: Seed=0  Test=191  Generation=  4  Result=0.00003730  Best=0.00000235   Time=0.1  Run Time=1045.4
FIRESTARTER_OPTIMIZE: Seed=0  Test=191  Generation=  5  Result=0.00222650  Best=0.00000235   Time=0.1  Run Time=1045.9
FIRESTARTER_OPTIMIZE: Seed=0  Test=191  Generation=  6  Result=0.00000278  Best=0.00000235   Time=0.1  Run Time=1046.3
FIRESTARTER_OPTIMIZE: Seed=0  Test=191  Generation=  7 *Result=0.00000229  Best=0.00000229   Time=0.1  Run Time=1046.7
FIRESTARTER_OPTIMIZE: Seed=0  Test=191  Generation=  8  Result=0.00024672  Best=0.00000229   Time=0.1  Run Time=1047.2
FIRESTARTER_OPTIMIZE: Seed=0  Test=191  Generation=  9  Result=0.00007252  Best=0.00000229   Time=0.1  Run Time=1047.6
FIRESTARTER_OPTIMIZE: Seed=0  Test=191  Generation= 10 *Result=0.00000009  Best=0.00000009   Time=0.1  Run Time=1048.1
