CUDA devices = 1
Device 0: NVIDIA GeForce RTX 4090

variations = 1
samples = 15
instructions = 30
registers = 30
opcodes = 2
patternOpcodes = 4

targetMin = 0.000000f
targetMax = 6.283185f
target = 0.000001f

mode = FIRESTARTER_OPTIMIZE
evolveSeed = 0
optimizeSeed = 0
tests = 256
streams = 1
units = 1
states = 1
generations = 0
population = 65536
iterations = 64
passes = 512
candidates = 16
attempts = 0
optimize = 1

scale = 0.300000f
startScale = 2.500000f
startResult = 10.000000f

FIRESTARTER_OPTIMIZE: Seed=0  Test=239  Generation=  2 *Result=0.00000715  Best=0.00000715   Time=0.1  Run Time=838.6
FIRESTARTER_OPTIMIZE: Seed=0  Test=239  Generation=  3  Result=0.00006135  Best=0.00000715   Time=0.1  Run Time=839.0
FIRESTARTER_OPTIMIZE: Seed=0  Test=239  Generation=  4  Result=0.00026357  Best=0.00000715   Time=0.1  Run Time=839.4
FIRESTARTER_OPTIMIZE: Seed=0  Test=239  Generation=  5  Result=0.00021645  Best=0.00000715   Time=0.1  Run Time=839.9
FIRESTARTER_OPTIMIZE: Seed=0  Test=239  Generation=  6  Result=0.00022531  Best=0.00000715   Time=0.1  Run Time=840.3
FIRESTARTER_OPTIMIZE: Seed=0  Test=239  Generation=  7  Result=0.00006197  Best=0.00000715   Time=0.1  Run Time=840.8
FIRESTARTER_OPTIMIZE: Seed=0  Test=239  Generation=  8  Result=0.00027616  Best=0.00000715   Time=0.1  Run Time=841.2
FIRESTARTER_OPTIMIZE: Seed=0  Test=239  Generation=  9 *Result=0.00000089  Best=0.00000089   Time=0.1  Run Time=841.7
