CUDA devices = 1
Device 0: NVIDIA GeForce RTX 4090

variations = 1
instructions = 32
registers = 30
opcodes = 2
patternOpcodes = 4

targetMin = 0.000000f
targetMax = 6.283185f
target = 0.000001f

mode = FIRESTARTER_OPTIMIZE
evolveSeed = 0
optimizeSeed = 0
tests = 256
streams = 1
units = 1
states = 1
generations = 0
population = 32768
passes = 512
attempts = 0
optimize = 1

scale = 0.300000f
startScale = 2.500000f
startResult = 10.000000f

FIRESTARTER_OPTIMIZE: Seed=0  Test=52  Generation=  2 *Result=0.00005239  Best=0.00005239   Time=0.1  Run Time=150.9
FIRESTARTER_OPTIMIZE: Seed=0  Test=52  Generation=  3  Result=0.00008671  Best=0.00005239   Time=0.1  Run Time=151.3
FIRESTARTER_OPTIMIZE: Seed=0  Test=52  Generation=  4  Result=0.00007298  Best=0.00005239   Time=0.1  Run Time=151.6
FIRESTARTER_OPTIMIZE: Seed=0  Test=52  Generation=  5 *Result=0.00001669  Best=0.00001669   Time=0.1  Run Time=151.9
FIRESTARTER_OPTIMIZE: Seed=0  Test=52  Generation=  6 *Result=0.00000187  Best=0.00000187   Time=0.1  Run Time=152.3
FIRESTARTER_OPTIMIZE: Seed=0  Test=52  Generation=  7  Result=0.00018552  Best=0.00000187   Time=0.1  Run Time=152.6
FIRESTARTER_OPTIMIZE: Seed=0  Test=52  Generation=  8  Result=0.00024299  Best=0.00000187   Time=0.1  Run Time=152.9
FIRESTARTER_OPTIMIZE: Seed=0  Test=52  Generation=  9  Result=0.00143361  Best=0.00000187   Time=0.1  Run Time=153.3
FIRESTARTER_OPTIMIZE: Seed=0  Test=52  Generation= 10  Result=0.00006528  Best=0.00000187   Time=0.1  Run Time=153.6
FIRESTARTER_OPTIMIZE: Seed=0  Test=52  Generation= 11 *Result=0.00000023  Best=0.00000023   Time=0.1  Run Time=153.9
