CUDA devices = 1
Device 0: NVIDIA GeForce RTX 4090

variations = 1
instructions = 32
registers = 30
opcodes = 2
patternOpcodes = 4

targetMin = 0.000000f
targetMax = 6.283185f
target = 0.000001f

mode = FIRESTARTER_OPTIMIZE
evolveSeed = 1
optimizeSeed = 1
tests = 256
streams = 1
units = 1
states = 1
generations = 0
population = 65536
passes = 512
attempts = 0
optimize = 1

scale = 0.300000f
startScale = 2.500000f
startResult = 10.000000f

FIRESTARTER_OPTIMIZE: Seed=1  Test=51  Generation=  2 *Result=0.00000173  Best=0.00000173   Time=0.1  Run Time=142.1
FIRESTARTER_OPTIMIZE: Seed=1  Test=51  Generation=  3  Result=0.00054708  Best=0.00000173   Time=0.1  Run Time=142.5
FIRESTARTER_OPTIMIZE: Seed=1  Test=51  Generation=  4  Result=0.00003592  Best=0.00000173   Time=0.1  Run Time=142.9
FIRESTARTER_OPTIMIZE: Seed=1  Test=51  Generation=  5  Result=0.00001158  Best=0.00000173   Time=0.1  Run Time=143.3
FIRESTARTER_OPTIMIZE: Seed=1  Test=51  Generation=  6  Result=0.00010722  Best=0.00000173   Time=0.1  Run Time=143.6
FIRESTARTER_OPTIMIZE: Seed=1  Test=51  Generation=  7  Result=0.00004672  Best=0.00000173   Time=0.1  Run Time=144.0
FIRESTARTER_OPTIMIZE: Seed=1  Test=51  Generation=  8  Result=0.00018614  Best=0.00000173   Time=0.1  Run Time=144.3
FIRESTARTER_OPTIMIZE: Seed=1  Test=51  Generation=  9  Result=0.00042520  Best=0.00000173   Time=0.1  Run Time=144.7
FIRESTARTER_OPTIMIZE: Seed=1  Test=51  Generation= 10  Result=0.00001727  Best=0.00000173   Time=0.1  Run Time=145.0
FIRESTARTER_OPTIMIZE: Seed=1  Test=51  Generation= 11  Result=0.00048599  Best=0.00000173   Time=0.1  Run Time=145.4
FIRESTARTER_OPTIMIZE: Seed=1  Test=51  Generation= 12 *Result=0.00000013  Best=0.00000013   Time=0.1  Run Time=145.8
