CUDA devices = 1
Device 0: NVIDIA GeForce RTX 4090

variations = 1
instructions = 32
registers = 30
opcodes = 2
patternOpcodes = 4

targetMin = 0.000000f
targetMax = 6.283185f
target = 0.000001f

mode = FIRESTARTER_OPTIMIZE
evolveSeed = 2
optimizeSeed = 2
tests = 256
streams = 1
units = 1
states = 1
generations = 0
population = 65536
passes = 384
attempts = 0
optimize = 1

scale = 0.300000f
startScale = 2.500000f
startResult = 10.000000f

FIRESTARTER_OPTIMIZE: Seed=2  Test=236  Generation=  2 *Result=0.00006269  Best=0.00006269   Time=0.1  Run Time=595.4
FIRESTARTER_OPTIMIZE: Seed=2  Test=236  Generation=  3  Result=0.00020770  Best=0.00006269   Time=0.1  Run Time=595.7
FIRESTARTER_OPTIMIZE: Seed=2  Test=236  Generation=  4  Result=0.00144061  Best=0.00006269   Time=0.1  Run Time=596.0
FIRESTARTER_OPTIMIZE: Seed=2  Test=236  Generation=  5  Result=0.00006574  Best=0.00006269   Time=0.1  Run Time=596.3
FIRESTARTER_OPTIMIZE: Seed=2  Test=236  Generation=  6  Result=0.00021289  Best=0.00006269   Time=0.1  Run Time=596.6
FIRESTARTER_OPTIMIZE: Seed=2  Test=236  Generation=  7  Result=0.00070594  Best=0.00006269   Time=0.1  Run Time=596.9
FIRESTARTER_OPTIMIZE: Seed=2  Test=236  Generation=  8 *Result=0.00002093  Best=0.00002093   Time=0.1  Run Time=597.2
FIRESTARTER_OPTIMIZE: Seed=2  Test=236  Generation=  9  Result=0.00092745  Best=0.00002093   Time=0.1  Run Time=597.5
FIRESTARTER_OPTIMIZE: Seed=2  Test=236  Generation= 10  Result=0.00270104  Best=0.00002093   Time=0.1  Run Time=597.9
FIRESTARTER_OPTIMIZE: Seed=2  Test=236  Generation= 11  Result=0.00006559  Best=0.00002093   Time=0.1  Run Time=598.3
FIRESTARTER_OPTIMIZE: Seed=2  Test=236  Generation= 12 *Result=0.00000010  Best=0.00000010   Time=0.1  Run Time=598.6
