CUDA devices = 1
Device 0: NVIDIA GeForce RTX 4090

variations = 1
samples = 15
instructions = 32
registers = 30
opcodes = 2
patternOpcodes = 4

targetMin = 0.000000f
targetMax = 6.283185f
target = 0.000001f

mode = FIRESTARTER_OPTIMIZE
evolveSeed = 0
optimizeSeed = 0
tests = 256
streams = 1
units = 1
states = 1
generations = 0
population = 65536
iterations = 64
passes = 512
candidates = 16
attempts = 0
optimize = 1

scale = 0.100000f
startScale = 3.000000f
startResult = 10.000000f

FIRESTARTER_OPTIMIZE: Seed=0  Test=70  Generation=  2 *Result=0.00046442  Best=0.00046442   Time=0.1  Run Time=429.5
FIRESTARTER_OPTIMIZE: Seed=0  Test=70  Generation=  3 *Result=0.00013113  Best=0.00013113   Time=0.1  Run Time=430.0
FIRESTARTER_OPTIMIZE: Seed=0  Test=70  Generation=  4  Result=0.00614026  Best=0.00013113   Time=0.1  Run Time=430.4
FIRESTARTER_OPTIMIZE: Seed=0  Test=70  Generation=  5  Result=0.00025568  Best=0.00013113   Time=0.1  Run Time=430.8
FIRESTARTER_OPTIMIZE: Seed=0  Test=70  Generation=  6  Result=0.00018233  Best=0.00013113   Time=0.1  Run Time=431.3
FIRESTARTER_OPTIMIZE: Seed=0  Test=70  Generation=  7  Result=0.00283755  Best=0.00013113   Time=0.1  Run Time=431.7
FIRESTARTER_OPTIMIZE: Seed=0  Test=70  Generation=  8 *Result=0.00005702  Best=0.00005702   Time=0.1  Run Time=432.2
FIRESTARTER_OPTIMIZE: Seed=0  Test=70  Generation=  9 *Result=0.00000243  Best=0.00000243   Time=0.1  Run Time=432.6
FIRESTARTER_OPTIMIZE: Seed=0  Test=70  Generation= 10 *Result=0.00000060  Best=0.00000060   Time=0.1  Run Time=433.1
