CUDA devices = 1
Device 0: NVIDIA GeForce RTX 4090

variations = 1
samples = 15
instructions = 30
registers = 30
opcodes = 2
patternOpcodes = 4

targetMin = 0.000000f
targetMax = 6.283185f
target = 0.000001f

mode = FIRESTARTER_OPTIMIZE
evolveSeed = 0
optimizeSeed = 0
tests = 256
streams = 1
units = 1
states = 1
generations = 0
population = 65536
iterations = 64
passes = 512
candidates = 16
attempts = 0
optimize = 1

scale = 0.300000f
startScale = 2.500000f
startResult = 10.000000f

FIRESTARTER_OPTIMIZE: Seed=0  Test=177  Generation=  2 *Result=0.00003080  Best=0.00003080   Time=0.1  Run Time=600.5
FIRESTARTER_OPTIMIZE: Seed=0  Test=177  Generation=  3 *Result=0.00000882  Best=0.00000882   Time=0.1  Run Time=601.0
FIRESTARTER_OPTIMIZE: Seed=0  Test=177  Generation=  4 *Result=0.00000533  Best=0.00000533   Time=0.1  Run Time=601.4
FIRESTARTER_OPTIMIZE: Seed=0  Test=177  Generation=  5 *Result=0.00000137  Best=0.00000137   Time=0.1  Run Time=601.9
FIRESTARTER_OPTIMIZE: Seed=0  Test=177  Generation=  6  Result=0.00009219  Best=0.00000137   Time=0.1  Run Time=602.3
FIRESTARTER_OPTIMIZE: Seed=0  Test=177  Generation=  7  Result=0.00000237  Best=0.00000137   Time=0.1  Run Time=602.7
FIRESTARTER_OPTIMIZE: Seed=0  Test=177  Generation=  8  Result=0.00007565  Best=0.00000137   Time=0.1  Run Time=603.2
FIRESTARTER_OPTIMIZE: Seed=0  Test=177  Generation=  9  Result=0.00038001  Best=0.00000137   Time=0.1  Run Time=603.6
FIRESTARTER_OPTIMIZE: Seed=0  Test=177  Generation= 10 *Result=0.00000011  Best=0.00000011   Time=0.1  Run Time=604.1
