CUDA devices = 1
Device 0: NVIDIA GeForce RTX 4090

variations = 1
instructions = 32
registers = 30
opcodes = 2
patternOpcodes = 4

targetMin = 0.000000f
targetMax = 6.283185f
target = 0.000001f

mode = FIRESTARTER_OPTIMIZE
evolveSeed = 0
optimizeSeed = 0
tests = 256
streams = 1
units = 1
states = 1
generations = 0
population = 49152
passes = 384
attempts = 0
optimize = 1

scale = 0.300000f
startScale = 2.500000f
startResult = 10.000000f

FIRESTARTER_OPTIMIZE: Seed=0  Test=60  Generation=  2 *Result=0.00035635  Best=0.00035635   Time=0.1  Run Time=155.1
FIRESTARTER_OPTIMIZE: Seed=0  Test=60  Generation=  3 *Result=0.00025710  Best=0.00025710   Time=0.1  Run Time=155.4
FIRESTARTER_OPTIMIZE: Seed=0  Test=60  Generation=  4 *Result=0.00007001  Best=0.00007001   Time=0.1  Run Time=155.8
FIRESTARTER_OPTIMIZE: Seed=0  Test=60  Generation=  5 *Result=0.00000286  Best=0.00000286   Time=0.1  Run Time=156.0
FIRESTARTER_OPTIMIZE: Seed=0  Test=60  Generation=  6  Result=0.00002754  Best=0.00000286   Time=0.1  Run Time=156.4
FIRESTARTER_OPTIMIZE: Seed=0  Test=60  Generation=  7 *Result=0.00000043  Best=0.00000043   Time=0.1  Run Time=156.7
