CUDA devices = 1
Device 0: NVIDIA GeForce RTX 4090

variations = 1
samples = 15
instructions = 32
registers = 30
opcodes = 2
patternOpcodes = 4

targetMin = 0.000000f
targetMax = 6.283185f
target = 0.000001f

mode = FIRESTARTER_OPTIMIZE
evolveSeed = 0
optimizeSeed = 0
tests = 256
streams = 1
units = 1
states = 1
generations = 0
population = 65536
iterations = 64
passes = 512
candidates = 16
attempts = 0
optimize = 1

scale = 0.100000f
startScale = 3.000000f
startResult = 10.000000f

FIRESTARTER_OPTIMIZE: Seed=0  Test=228  Generation=  2 *Result=0.00025803  Best=0.00025803   Time=0.1  Run Time=1403.9
FIRESTARTER_OPTIMIZE: Seed=0  Test=228  Generation=  3 *Result=0.00010020  Best=0.00010020   Time=0.1  Run Time=1404.3
FIRESTARTER_OPTIMIZE: Seed=0  Test=228  Generation=  4 *Result=0.00003007  Best=0.00003007   Time=0.1  Run Time=1404.8
FIRESTARTER_OPTIMIZE: Seed=0  Test=228  Generation=  5  Result=0.00029820  Best=0.00003007   Time=0.1  Run Time=1405.2
FIRESTARTER_OPTIMIZE: Seed=0  Test=228  Generation=  6  Result=0.00670518  Best=0.00003007   Time=0.1  Run Time=1405.7
FIRESTARTER_OPTIMIZE: Seed=0  Test=228  Generation=  7  Result=0.00010613  Best=0.00003007   Time=0.1  Run Time=1406.1
FIRESTARTER_OPTIMIZE: Seed=0  Test=228  Generation=  8 *Result=0.00000021  Best=0.00000021   Time=0.1  Run Time=1406.6
