CUDA devices = 1
Device 0: NVIDIA GeForce RTX 4090

variations = 1
samples = 15
instructions = 32
registers = 30
opcodes = 2
patternOpcodes = 4

targetMin = 0.000000f
targetMax = 6.283185f
target = 0.000001f

mode = FIRESTARTER_OPTIMIZE
evolveSeed = 0
optimizeSeed = 0
tests = 256
streams = 1
units = 1
states = 1
generations = 0
population = 65536
iterations = 64
passes = 512
candidates = 16
attempts = 0
optimize = 1

scale = 0.300000f
startScale = 2.500000f
startResult = 10.000000f

FIRESTARTER_OPTIMIZE: Seed=0  Test=240  Generation=  2 *Result=0.00006815  Best=0.00006815   Time=0.1  Run Time=694.0
FIRESTARTER_OPTIMIZE: Seed=0  Test=240  Generation=  3 *Result=0.00005703  Best=0.00005703   Time=0.1  Run Time=694.3
FIRESTARTER_OPTIMIZE: Seed=0  Test=240  Generation=  4  Result=0.00011897  Best=0.00005703   Time=0.1  Run Time=694.7
FIRESTARTER_OPTIMIZE: Seed=0  Test=240  Generation=  5  Result=0.00009270  Best=0.00005703   Time=0.1  Run Time=695.1
FIRESTARTER_OPTIMIZE: Seed=0  Test=240  Generation=  6  Result=0.00150705  Best=0.00005703   Time=0.1  Run Time=695.5
FIRESTARTER_OPTIMIZE: Seed=0  Test=240  Generation=  7 *Result=0.00000027  Best=0.00000027   Time=0.1  Run Time=695.9
