CUDA devices = 1
Device 0: NVIDIA GeForce RTX 4090

variations = 1
samples = 15
instructions = 32
registers = 30
opcodes = 2
patternOpcodes = 4

targetMin = 0.000000f
targetMax = 6.283185f
evolveTarget = 0.000001f

mode = FIRESTARTER_EVOLVE_GPU
evolveSeed = 0
optimizeSeed = 0
tests = 16
streams = 1
units = 1
states = 1
generations = 0
population = 8192
iterations = 64
passes = 500
candidates = 16
attempts = 0
optimize = 1

scale = 0.100000f
startScale = 2.000000f
startResult = 10.000000f

FIRESTARTER_EVOLVE_GPU: Seed=0  Test= 6  Generation=  0  Age=  1  Evolution= 0  Weight=0.00000000  Old Result=10.00000000 *New Result=0.00291103  Index=7522  EvolveAge1=1  EvolveAge2=85  Best=0.00291103   BestAge=1  Time=1.9 Seconds  Run Time=322.9 Seconds
FIRESTARTER_EVOLVE_GPU: Seed=0  Test= 6  Generation=  1  Age=  1  Evolution= 0  Weight=0.00000000  Old Result=0.00291103 *New Result=0.00210871  Index=6325  EvolveAge1=295  EvolveAge2=404  Best=0.00210871   BestAge=1  Time=1.2 Seconds  Run Time=324.1 Seconds
FIRESTARTER_EVOLVE_GPU: Seed=0  Test= 6  Generation=  2  Age=  1  Evolution= 0  Weight=0.00000000  Old Result=0.00210871 *New Result=0.00062117  Index=4828  EvolveAge1=0  EvolveAge2=438  Best=0.00062117   BestAge=1  Time=1.5 Seconds  Run Time=325.6 Seconds
FIRESTARTER_EVOLVE_GPU: Seed=0  Test= 6  Generation=  3  Age=  1  Evolution= 0  Weight=0.00000000  Old Result=0.00062117 *New Result=0.00033456  Index=6086  EvolveAge1=313  EvolveAge2=170  Best=0.00033456   BestAge=1  Time=1.5 Seconds  Run Time=327.1 Seconds
FIRESTARTER_EVOLVE_GPU: Seed=0  Test= 6  Generation=  4  Age=  1  Evolution= 0  Weight=0.00000000  Old Result=0.00033456 *New Result=0.00025541  Index=4828  EvolveAge1=320  EvolveAge2=657  Best=0.00025541   BestAge=1  Time=1.4 Seconds  Run Time=328.4 Seconds
FIRESTARTER_EVOLVE_GPU: Seed=0  Test= 6  Generation=  5  Age=  1  Evolution= 0  Weight=0.00000000  Old Result=0.00025541  Bad Result=0.00025541  Index=4828  EvolveAge1=820  EvolveAge2=657  Best=0.00025541   BestAge=2  Time=1.4 Seconds  Run Time=329.9 Seconds
FIRESTARTER_OPTIMIZE_GPU: Seed=0  Test= 6  Optimize=0  Generation=  4 *Result=0.00000024  Best=0.00000024   Time=2.3 Seconds  Run Time=332.2 Seconds
