CUDA devices = 1
Device 0: NVIDIA GeForce RTX 4090

variations = 1
instructions = 32
registers = 30
opcodes = 2
patternOpcodes = 4

targetMin = 0.000000f
targetMax = 6.283185f
target = 0.000001f

mode = FIRESTARTER_OPTIMIZE
evolveSeed = 0
optimizeSeed = 0
tests = 256
streams = 1
units = 1
states = 1
generations = 0
population = 65536
passes = 512
attempts = 0
optimize = 1

scale = 0.300000f
startScale = 2.500000f
startResult = 10.000000f

FIRESTARTER_OPTIMIZE: Seed=0  Test=251  Generation=  2 *Result=0.00143229  Best=0.00143229   Time=0.1  Run Time=721.3
FIRESTARTER_OPTIMIZE: Seed=0  Test=251  Generation=  3 *Result=0.00053832  Best=0.00053832   Time=0.1  Run Time=721.7
FIRESTARTER_OPTIMIZE: Seed=0  Test=251  Generation=  4  Result=0.00233347  Best=0.00053832   Time=0.1  Run Time=722.0
FIRESTARTER_OPTIMIZE: Seed=0  Test=251  Generation=  5 *Result=0.00028616  Best=0.00028616   Time=0.1  Run Time=722.4
FIRESTARTER_OPTIMIZE: Seed=0  Test=251  Generation=  6 *Result=0.00020173  Best=0.00020173   Time=0.1  Run Time=722.7
FIRESTARTER_OPTIMIZE: Seed=0  Test=251  Generation=  7  Result=0.00040482  Best=0.00020173   Time=0.1  Run Time=723.1
FIRESTARTER_OPTIMIZE: Seed=0  Test=251  Generation=  8 *Result=0.00000185  Best=0.00000185   Time=0.1  Run Time=723.5
FIRESTARTER_OPTIMIZE: Seed=0  Test=251  Generation=  9 *Result=0.00000006  Best=0.00000006   Time=0.1  Run Time=723.8
