CUDA devices = 1
Device 0: NVIDIA GeForce RTX 4090

variations = 1
instructions = 32
registers = 30
opcodes = 2
patternOpcodes = 4

targetMin = 0.000000f
targetMax = 6.283185f
target = 0.000001f

mode = FIRESTARTER_OPTIMIZE
evolveSeed = 0
optimizeSeed = 0
tests = 256
streams = 1
units = 1
states = 1
generations = 0
population = 32768
passes = 512
attempts = 0
optimize = 1

scale = 0.300000f
startScale = 2.500000f
startResult = 10.000000f

FIRESTARTER_OPTIMIZE: Seed=0  Test=55  Generation=  2 *Result=0.00018483  Best=0.00018483   Time=0.1  Run Time=161.3
FIRESTARTER_OPTIMIZE: Seed=0  Test=55  Generation=  3  Result=0.00024223  Best=0.00018483   Time=0.1  Run Time=161.7
FIRESTARTER_OPTIMIZE: Seed=0  Test=55  Generation=  4 *Result=0.00017585  Best=0.00017585   Time=0.1  Run Time=162.0
FIRESTARTER_OPTIMIZE: Seed=0  Test=55  Generation=  5  Result=0.00169906  Best=0.00017585   Time=0.1  Run Time=162.4
FIRESTARTER_OPTIMIZE: Seed=0  Test=55  Generation=  6  Result=0.00072744  Best=0.00017585   Time=0.1  Run Time=162.7
FIRESTARTER_OPTIMIZE: Seed=0  Test=55  Generation=  7 *Result=0.00004941  Best=0.00004941   Time=0.1  Run Time=163.0
FIRESTARTER_OPTIMIZE: Seed=0  Test=55  Generation=  8 *Result=0.00000706  Best=0.00000706   Time=0.1  Run Time=163.4
FIRESTARTER_OPTIMIZE: Seed=0  Test=55  Generation=  9 *Result=0.00000041  Best=0.00000041   Time=0.1  Run Time=163.7
