CUDA devices = 1
Device 0: NVIDIA GeForce RTX 4090

variations = 1
samples = 15
instructions = 32
registers = 30
opcodes = 2
patternOpcodes = 4

targetMin = 0.000000f
targetMax = 6.283185f
target = 0.000001f

mode = FIRESTARTER_OPTIMIZE
evolveSeed = 123
optimizeSeed = 123
tests = 256
streams = 1
units = 1
states = 1
generations = 0
population = 65536
iterations = 64
passes = 512
candidates = 16
attempts = 0
optimize = 1

scale = 0.300000f
startScale = 2.500000f
startResult = 10.000000f

FIRESTARTER_OPTIMIZE: Seed=123  Test=14  Generation=  2 *Result=0.00009346  Best=0.00009346   Time=0.1  Run Time=43.5
FIRESTARTER_OPTIMIZE: Seed=123  Test=14  Generation=  3  Result=0.00242206  Best=0.00009346   Time=0.1  Run Time=43.9
FIRESTARTER_OPTIMIZE: Seed=123  Test=14  Generation=  4 *Result=0.00000822  Best=0.00000822   Time=0.1  Run Time=44.4
FIRESTARTER_OPTIMIZE: Seed=123  Test=14  Generation=  5 *Result=0.00000158  Best=0.00000158   Time=0.1  Run Time=44.8
FIRESTARTER_OPTIMIZE: Seed=123  Test=14  Generation=  6  Result=0.00000238  Best=0.00000158   Time=0.1  Run Time=45.2
FIRESTARTER_OPTIMIZE: Seed=123  Test=14  Generation=  7 *Result=0.00000064  Best=0.00000064   Time=0.1  Run Time=45.7
