CUDA devices = 1
Device 0: NVIDIA GeForce RTX 4090

variations = 1
samples = 15
instructions = 32
registers = 30
opcodes = 2
patternOpcodes = 4

targetMin = 0.000000f
targetMax = 6.283185f
target = 0.000001f

mode = FIRESTARTER_OPTIMIZE
evolveSeed = 0
optimizeSeed = 0
tests = 256
streams = 1
units = 1
states = 1
generations = 0
population = 65536
iterations = 64
passes = 512
candidates = 16
attempts = 0
optimize = 1

scale = 0.200000f
startScale = 2.500000f
startResult = 10.000000f

FIRESTARTER_OPTIMIZE: Seed=0  Test=142  Generation=  2 *Result=0.00005183  Best=0.00005183   Time=0.1  Run Time=610.2
FIRESTARTER_OPTIMIZE: Seed=0  Test=142  Generation=  3  Result=0.00065343  Best=0.00005183   Time=0.1  Run Time=610.6
FIRESTARTER_OPTIMIZE: Seed=0  Test=142  Generation=  4 *Result=0.00000117  Best=0.00000117   Time=0.1  Run Time=611.1
FIRESTARTER_OPTIMIZE: Seed=0  Test=142  Generation=  5  Result=0.00670515  Best=0.00000117   Time=0.1  Run Time=611.5
FIRESTARTER_OPTIMIZE: Seed=0  Test=142  Generation=  6  Result=0.00033460  Best=0.00000117   Time=0.1  Run Time=611.9
FIRESTARTER_OPTIMIZE: Seed=0  Test=142  Generation=  7  Result=0.00040124  Best=0.00000117   Time=0.1  Run Time=612.4
FIRESTARTER_OPTIMIZE: Seed=0  Test=142  Generation=  8  Result=0.00149623  Best=0.00000117   Time=0.1  Run Time=612.8
FIRESTARTER_OPTIMIZE: Seed=0  Test=142  Generation=  9  Result=0.00026374  Best=0.00000117   Time=0.1  Run Time=613.3
FIRESTARTER_OPTIMIZE: Seed=0  Test=142  Generation= 10  Result=0.00018501  Best=0.00000117   Time=0.1  Run Time=613.7
FIRESTARTER_OPTIMIZE: Seed=0  Test=142  Generation= 11 *Result=0.00000023  Best=0.00000023   Time=0.1  Run Time=614.1
