CUDA devices = 1
Device 0: NVIDIA GeForce RTX 4090

variations = 1
instructions = 32
registers = 30
opcodes = 2
patternOpcodes = 4

targetMin = 0.000000f
targetMax = 6.283185f
target = 0.000001f

mode = FIRESTARTER_OPTIMIZE
evolveSeed = 0
optimizeSeed = 0
tests = 256
streams = 1
units = 1
states = 1
generations = 0
population = 32768
passes = 512
attempts = 0
optimize = 1

scale = 0.300000f
startScale = 2.500000f
startResult = 10.000000f

FIRESTARTER_OPTIMIZE: Seed=0  Test= 6  Generation=  2 *Result=0.00037581  Best=0.00037581   Time=0.1  Run Time=13.1
FIRESTARTER_OPTIMIZE: Seed=0  Test= 6  Generation=  3  Result=0.00041645  Best=0.00037581   Time=0.1  Run Time=13.4
FIRESTARTER_OPTIMIZE: Seed=0  Test= 6  Generation=  4 *Result=0.00000267  Best=0.00000267   Time=0.1  Run Time=13.7
FIRESTARTER_OPTIMIZE: Seed=0  Test= 6  Generation=  5  Result=0.00023538  Best=0.00000267   Time=0.1  Run Time=14.1
FIRESTARTER_OPTIMIZE: Seed=0  Test= 6  Generation=  6  Result=0.00034520  Best=0.00000267   Time=0.1  Run Time=14.4
FIRESTARTER_OPTIMIZE: Seed=0  Test= 6  Generation=  7  Result=0.00067854  Best=0.00000267   Time=0.1  Run Time=14.7
FIRESTARTER_OPTIMIZE: Seed=0  Test= 6  Generation=  8  Result=0.00018551  Best=0.00000267   Time=0.1  Run Time=15.1
FIRESTARTER_OPTIMIZE: Seed=0  Test= 6  Generation=  9 *Result=0.00000222  Best=0.00000222   Time=0.1  Run Time=15.4
FIRESTARTER_OPTIMIZE: Seed=0  Test= 6  Generation= 10  Result=0.00005168  Best=0.00000222   Time=0.1  Run Time=15.8
FIRESTARTER_OPTIMIZE: Seed=0  Test= 6  Generation= 11  Result=0.00010427  Best=0.00000222   Time=0.1  Run Time=16.2
FIRESTARTER_OPTIMIZE: Seed=0  Test= 6  Generation= 12 *Result=0.00000029  Best=0.00000029   Time=0.1  Run Time=16.6
