CUDA devices = 1
Device 0: NVIDIA GeForce RTX 4090

variations = 1
samples = 15
instructions = 32
registers = 30
opcodes = 2
patternOpcodes = 4

targetMin = 0.000000f
targetMax = 6.283185f
target = 0.000001f

mode = FIRESTARTER_OPTIMIZE
evolveSeed = 0
optimizeSeed = 0
tests = 256
streams = 1
units = 1
states = 1
generations = 0
population = 65536
iterations = 64
passes = 512
candidates = 16
attempts = 0
optimize = 1

scale = 0.200000f
startScale = 2.500000f
startResult = 10.000000f

FIRESTARTER_OPTIMIZE: Seed=0  Test=167  Generation=  2 *Result=0.00007379  Best=0.00007379   Time=0.1  Run Time=732.2
FIRESTARTER_OPTIMIZE: Seed=0  Test=167  Generation=  3 *Result=0.00000226  Best=0.00000226   Time=0.1  Run Time=732.7
FIRESTARTER_OPTIMIZE: Seed=0  Test=167  Generation=  4  Result=0.00015008  Best=0.00000226   Time=0.1  Run Time=733.1
FIRESTARTER_OPTIMIZE: Seed=0  Test=167  Generation=  5  Result=0.00017837  Best=0.00000226   Time=0.1  Run Time=733.5
FIRESTARTER_OPTIMIZE: Seed=0  Test=167  Generation=  6  Result=0.00000324  Best=0.00000226   Time=0.1  Run Time=734.0
FIRESTARTER_OPTIMIZE: Seed=0  Test=167  Generation=  7  Result=0.00000973  Best=0.00000226   Time=0.1  Run Time=734.4
FIRESTARTER_OPTIMIZE: Seed=0  Test=167  Generation=  8  Result=0.00008830  Best=0.00000226   Time=0.1  Run Time=734.9
FIRESTARTER_OPTIMIZE: Seed=0  Test=167  Generation=  9 *Result=0.00000048  Best=0.00000048   Time=0.1  Run Time=735.3
