CUDA devices = 1
Device 0: NVIDIA GeForce RTX 4090

variations = 1
instructions = 32
registers = 30
opcodes = 2
patternOpcodes = 4

targetMin = 0.000000f
targetMax = 6.283185f
target = 0.000001f

mode = FIRESTARTER_OPTIMIZE
evolveSeed = 0
optimizeSeed = 0
tests = 256
streams = 1
units = 1
states = 1
generations = 0
population = 49152
passes = 384
attempts = 0
optimize = 1

scale = 0.300000f
startScale = 2.500000f
startResult = 10.000000f

FIRESTARTER_OPTIMIZE: Seed=0  Test=70  Generation=  2 *Result=0.00001337  Best=0.00001337   Time=0.1  Run Time=175.7
FIRESTARTER_OPTIMIZE: Seed=0  Test=70  Generation=  3  Result=0.00033885  Best=0.00001337   Time=0.1  Run Time=176.0
FIRESTARTER_OPTIMIZE: Seed=0  Test=70  Generation=  4  Result=0.00074406  Best=0.00001337   Time=0.1  Run Time=176.3
FIRESTARTER_OPTIMIZE: Seed=0  Test=70  Generation=  5  Result=0.00003674  Best=0.00001337   Time=0.1  Run Time=176.7
FIRESTARTER_OPTIMIZE: Seed=0  Test=70  Generation=  6 *Result=0.00001147  Best=0.00001147   Time=0.1  Run Time=177.0
FIRESTARTER_OPTIMIZE: Seed=0  Test=70  Generation=  7  Result=0.00003306  Best=0.00001147   Time=0.1  Run Time=177.3
FIRESTARTER_OPTIMIZE: Seed=0  Test=70  Generation=  8  Result=0.00009074  Best=0.00001147   Time=0.1  Run Time=177.6
FIRESTARTER_OPTIMIZE: Seed=0  Test=70  Generation=  9  Result=0.00143606  Best=0.00001147   Time=0.1  Run Time=177.9
FIRESTARTER_OPTIMIZE: Seed=0  Test=70  Generation= 10 *Result=0.00000024  Best=0.00000024   Time=0.1  Run Time=178.2
