CUDA devices = 1
Device 0: NVIDIA GeForce RTX 4090

variations = 1
instructions = 32
registers = 30
opcodes = 2
patternOpcodes = 4

targetMin = 0.000000f
targetMax = 6.283185f
target = 0.000001f

mode = FIRESTARTER_OPTIMIZE
evolveSeed = 0
optimizeSeed = 0
tests = 256
streams = 1
units = 1
states = 1
generations = 0
population = 65536
passes = 384
attempts = 0
optimize = 1

scale = 0.300000f
startScale = 2.500000f
startResult = 10.000000f

FIRESTARTER_OPTIMIZE: Seed=0  Test=226  Generation=  2 *Result=0.00000471  Best=0.00000471   Time=0.1  Run Time=561.4
FIRESTARTER_OPTIMIZE: Seed=0  Test=226  Generation=  3 *Result=0.00000209  Best=0.00000209   Time=0.1  Run Time=561.7
FIRESTARTER_OPTIMIZE: Seed=0  Test=226  Generation=  4  Result=0.00037264  Best=0.00000209   Time=0.1  Run Time=562.0
FIRESTARTER_OPTIMIZE: Seed=0  Test=226  Generation=  5  Result=0.00075585  Best=0.00000209   Time=0.1  Run Time=562.3
FIRESTARTER_OPTIMIZE: Seed=0  Test=226  Generation=  6 *Result=0.00000115  Best=0.00000115   Time=0.1  Run Time=562.6
FIRESTARTER_OPTIMIZE: Seed=0  Test=226  Generation=  7  Result=0.00023198  Best=0.00000115   Time=0.1  Run Time=562.9
FIRESTARTER_OPTIMIZE: Seed=0  Test=226  Generation=  8  Result=0.00065494  Best=0.00000115   Time=0.1  Run Time=563.2
FIRESTARTER_OPTIMIZE: Seed=0  Test=226  Generation=  9  Result=0.00000116  Best=0.00000115   Time=0.1  Run Time=563.5
FIRESTARTER_OPTIMIZE: Seed=0  Test=226  Generation= 10  Result=0.00009918  Best=0.00000115   Time=0.1  Run Time=563.8
FIRESTARTER_OPTIMIZE: Seed=0  Test=226  Generation= 11  Result=0.00005344  Best=0.00000115   Time=0.1  Run Time=564.1
FIRESTARTER_OPTIMIZE: Seed=0  Test=226  Generation= 12 *Result=0.00000054  Best=0.00000054   Time=0.1  Run Time=564.4
