CUDA devices = 1
Device 0: NVIDIA GeForce RTX 4090

variations = 1
samples = 15
instructions = 28
registers = 28
opcodes = 2
patternOpcodes = 4

targetMin = 0.000000f
targetMax = 6.283185f
target = 0.000001f

mode = FIRESTARTER_OPTIMIZE
evolveSeed = 0
optimizeSeed = 0
tests = 256
streams = 1
units = 1
states = 1
generations = 0
population = 65536
iterations = 64
passes = 512
candidates = 16
attempts = 0
optimize = 1

scale = 0.300000f
startScale = 2.500000f
startResult = 10.000000f

FIRESTARTER_OPTIMIZE: Seed=0  Test=76  Generation=  2 *Result=0.00000113  Best=0.00000113   Time=0.1  Run Time=248.5
FIRESTARTER_OPTIMIZE: Seed=0  Test=76  Generation=  3  Result=0.00000373  Best=0.00000113   Time=0.1  Run Time=248.9
FIRESTARTER_OPTIMIZE: Seed=0  Test=76  Generation=  4  Result=0.00149373  Best=0.00000113   Time=0.1  Run Time=249.3
FIRESTARTER_OPTIMIZE: Seed=0  Test=76  Generation=  5  Result=0.00006696  Best=0.00000113   Time=0.1  Run Time=249.7
FIRESTARTER_OPTIMIZE: Seed=0  Test=76  Generation=  6  Result=0.00006232  Best=0.00000113   Time=0.1  Run Time=250.1
FIRESTARTER_OPTIMIZE: Seed=0  Test=76  Generation=  7  Result=0.00007017  Best=0.00000113   Time=0.1  Run Time=250.5
FIRESTARTER_OPTIMIZE: Seed=0  Test=76  Generation=  8  Result=0.00018231  Best=0.00000113   Time=0.1  Run Time=251.0
FIRESTARTER_OPTIMIZE: Seed=0  Test=76  Generation=  9  Result=0.00000688  Best=0.00000113   Time=0.1  Run Time=251.4
FIRESTARTER_OPTIMIZE: Seed=0  Test=76  Generation= 10  Result=0.00107701  Best=0.00000113   Time=0.1  Run Time=251.8
FIRESTARTER_OPTIMIZE: Seed=0  Test=76  Generation= 11  Result=0.00000232  Best=0.00000113   Time=0.1  Run Time=252.2
FIRESTARTER_OPTIMIZE: Seed=0  Test=76  Generation= 12  Result=0.00103937  Best=0.00000113   Time=0.1  Run Time=252.6
FIRESTARTER_OPTIMIZE: Seed=0  Test=76  Generation= 13 *Result=0.00000029  Best=0.00000029   Time=0.1  Run Time=253.1
