CUDA devices = 1
Device 0: NVIDIA GeForce RTX 4090

variations = 1
instructions = 32
registers = 30
opcodes = 2
patternOpcodes = 4

targetMin = 0.000000f
targetMax = 6.283185f
target = 0.000001f

mode = FIRESTARTER_OPTIMIZE
evolveSeed = 1
optimizeSeed = 1
tests = 256
streams = 1
units = 1
states = 1
generations = 0
population = 65536
passes = 512
attempts = 0
optimize = 1

scale = 0.300000f
startScale = 2.500000f
startResult = 10.000000f

FIRESTARTER_OPTIMIZE: Seed=1  Test=214  Generation=  2 *Result=0.00000215  Best=0.00000215   Time=0.1  Run Time=664.7
FIRESTARTER_OPTIMIZE: Seed=1  Test=214  Generation=  3  Result=0.00012137  Best=0.00000215   Time=0.1  Run Time=665.1
FIRESTARTER_OPTIMIZE: Seed=1  Test=214  Generation=  4  Result=0.00012316  Best=0.00000215   Time=0.1  Run Time=665.6
FIRESTARTER_OPTIMIZE: Seed=1  Test=214  Generation=  5  Result=0.00005488  Best=0.00000215   Time=0.1  Run Time=665.9
FIRESTARTER_OPTIMIZE: Seed=1  Test=214  Generation=  6  Result=0.00023385  Best=0.00000215   Time=0.1  Run Time=666.4
FIRESTARTER_OPTIMIZE: Seed=1  Test=214  Generation=  7 *Result=0.00000020  Best=0.00000020   Time=0.1  Run Time=666.7
