CUDA devices = 1
Device 0: NVIDIA GeForce RTX 4090

variations = 1
instructions = 32
registers = 30
opcodes = 2
patternOpcodes = 4

targetMin = 0.000000f
targetMax = 6.283185f
target = 0.000001f

mode = FIRESTARTER_OPTIMIZE
evolveSeed = 1
optimizeSeed = 1
tests = 256
streams = 1
units = 1
states = 1
generations = 0
population = 65536
passes = 384
attempts = 0
optimize = 1

scale = 0.300000f
startScale = 2.500000f
startResult = 10.000000f

FIRESTARTER_OPTIMIZE: Seed=1  Test=215  Generation=  2 *Result=0.00004460  Best=0.00004460   Time=0.1  Run Time=620.0
FIRESTARTER_OPTIMIZE: Seed=1  Test=215  Generation=  3  Result=0.00018150  Best=0.00004460   Time=0.1  Run Time=620.4
FIRESTARTER_OPTIMIZE: Seed=1  Test=215  Generation=  4  Result=0.00038314  Best=0.00004460   Time=0.1  Run Time=620.7
FIRESTARTER_OPTIMIZE: Seed=1  Test=215  Generation=  5  Result=0.00009342  Best=0.00004460   Time=0.1  Run Time=621.0
FIRESTARTER_OPTIMIZE: Seed=1  Test=215  Generation=  6 *Result=0.00000056  Best=0.00000056   Time=0.1  Run Time=621.4
