CUDA devices = 1
Device 0: NVIDIA GeForce RTX 4090

variations = 1
instructions = 32
registers = 30
opcodes = 2
patternOpcodes = 4

targetMin = 0.000000f
targetMax = 6.283185f
target = 0.000001f

mode = FIRESTARTER_OPTIMIZE
evolveSeed = 0
optimizeSeed = 0
tests = 256
streams = 1
units = 1
states = 1
generations = 0
population = 49152
passes = 384
attempts = 0
optimize = 1

scale = 0.300000f
startScale = 2.500000f
startResult = 10.000000f

FIRESTARTER_OPTIMIZE: Seed=0  Test=15  Generation=  2 *Result=0.00024121  Best=0.00024121   Time=0.1  Run Time=39.7
FIRESTARTER_OPTIMIZE: Seed=0  Test=15  Generation=  3 *Result=0.00000837  Best=0.00000837   Time=0.1  Run Time=40.0
FIRESTARTER_OPTIMIZE: Seed=0  Test=15  Generation=  4  Result=0.00018821  Best=0.00000837   Time=0.1  Run Time=40.3
FIRESTARTER_OPTIMIZE: Seed=0  Test=15  Generation=  5  Result=0.00006998  Best=0.00000837   Time=0.1  Run Time=40.6
FIRESTARTER_OPTIMIZE: Seed=0  Test=15  Generation=  6  Result=0.00005701  Best=0.00000837   Time=0.1  Run Time=40.9
FIRESTARTER_OPTIMIZE: Seed=0  Test=15  Generation=  7  Result=0.00048827  Best=0.00000837   Time=0.1  Run Time=41.2
FIRESTARTER_OPTIMIZE: Seed=0  Test=15  Generation=  8  Result=0.00011820  Best=0.00000837   Time=0.1  Run Time=41.5
FIRESTARTER_OPTIMIZE: Seed=0  Test=15  Generation=  9 *Result=0.00000311  Best=0.00000311   Time=0.1  Run Time=41.9
FIRESTARTER_OPTIMIZE: Seed=0  Test=15  Generation= 10  Result=0.00033387  Best=0.00000311   Time=0.1  Run Time=42.2
FIRESTARTER_OPTIMIZE: Seed=0  Test=15  Generation= 11  Result=0.00004679  Best=0.00000311   Time=0.1  Run Time=42.5
FIRESTARTER_OPTIMIZE: Seed=0  Test=15  Generation= 12 *Result=0.00000029  Best=0.00000029   Time=0.1  Run Time=42.8
