CUDA devices = 1
Device 0: NVIDIA GeForce RTX 4090

variations = 1
samples = 15
instructions = 30
registers = 30
opcodes = 2
patternOpcodes = 4

targetMin = 0.000000f
targetMax = 6.283185f
target = 0.000001f

mode = FIRESTARTER_OPTIMIZE
evolveSeed = 0
optimizeSeed = 0
tests = 256
streams = 1
units = 1
states = 1
generations = 0
population = 65536
iterations = 64
passes = 512
candidates = 16
attempts = 0
optimize = 1

scale = 0.300000f
startScale = 2.500000f
startResult = 10.000000f

FIRESTARTER_OPTIMIZE: Seed=0  Test=195  Generation=  2 *Result=0.00010441  Best=0.00010441   Time=0.1  Run Time=678.5
FIRESTARTER_OPTIMIZE: Seed=0  Test=195  Generation=  3 *Result=0.00007182  Best=0.00007182   Time=0.1  Run Time=679.0
FIRESTARTER_OPTIMIZE: Seed=0  Test=195  Generation=  4 *Result=0.00001501  Best=0.00001501   Time=0.1  Run Time=679.4
FIRESTARTER_OPTIMIZE: Seed=0  Test=195  Generation=  5  Result=0.00221074  Best=0.00001501   Time=0.1  Run Time=679.9
FIRESTARTER_OPTIMIZE: Seed=0  Test=195  Generation=  6  Result=0.00004980  Best=0.00001501   Time=0.1  Run Time=680.3
FIRESTARTER_OPTIMIZE: Seed=0  Test=195  Generation=  7 *Result=0.00000082  Best=0.00000082   Time=0.1  Run Time=680.8
