CUDA devices = 1
Device 0: NVIDIA GeForce RTX 4090

variations = 1
instructions = 32
registers = 30
opcodes = 2
patternOpcodes = 4

targetMin = 0.000000f
targetMax = 6.283185f
target = 0.000001f

mode = FIRESTARTER_OPTIMIZE
evolveSeed = 0
optimizeSeed = 0
tests = 256
streams = 1
units = 1
states = 1
generations = 0
population = 49152
passes = 512
attempts = 0
optimize = 1

scale = 0.300000f
startScale = 2.500000f
startResult = 10.000000f

FIRESTARTER_OPTIMIZE: Seed=0  Test=176  Generation=  2 *Result=0.00015354  Best=0.00015354   Time=0.1  Run Time=501.6
FIRESTARTER_OPTIMIZE: Seed=0  Test=176  Generation=  3 *Result=0.00015032  Best=0.00015032   Time=0.1  Run Time=501.9
FIRESTARTER_OPTIMIZE: Seed=0  Test=176  Generation=  4 *Result=0.00000751  Best=0.00000751   Time=0.1  Run Time=502.3
FIRESTARTER_OPTIMIZE: Seed=0  Test=176  Generation=  5  Result=0.00017425  Best=0.00000751   Time=0.1  Run Time=502.6
FIRESTARTER_OPTIMIZE: Seed=0  Test=176  Generation=  6  Result=0.00001156  Best=0.00000751   Time=0.1  Run Time=503.0
FIRESTARTER_OPTIMIZE: Seed=0  Test=176  Generation=  7  Result=0.00011449  Best=0.00000751   Time=0.1  Run Time=503.3
FIRESTARTER_OPTIMIZE: Seed=0  Test=176  Generation=  8  Result=0.00159626  Best=0.00000751   Time=0.1  Run Time=503.6
FIRESTARTER_OPTIMIZE: Seed=0  Test=176  Generation=  9 *Result=0.00000350  Best=0.00000350   Time=0.1  Run Time=504.0
FIRESTARTER_OPTIMIZE: Seed=0  Test=176  Generation= 10 *Result=0.00000088  Best=0.00000088   Time=0.1  Run Time=504.3
