CUDA devices = 1
Device 0: NVIDIA GeForce RTX 2080 Ti

variations = 1
instructions = 32
registers = 30
opcodes = 2
patternOpcodes = 4

targetMin = 0.000000f
targetMax = 6.283185f
target = 0.000001f

mode = FIRESTARTER_OPTIMIZE
evolveSeed = 0
optimizeSeed = 0
tests = 256
streams = 1
units = 1
states = 1
generations = 0
population = 65536
passes = 384
attempts = 0
optimize = 1

scale = 0.300000f
startScale = 2.500000f
startResult = 10.000000f

FIRESTARTER_OPTIMIZE: Seed=0  Test=197  Generation=  2 *Result=0.00004554  Best=0.00004554   Time=0.2  Run Time=1404.8
FIRESTARTER_OPTIMIZE: Seed=0  Test=197  Generation=  3 *Result=0.00000980  Best=0.00000980   Time=0.2  Run Time=1405.7
FIRESTARTER_OPTIMIZE: Seed=0  Test=197  Generation=  4  Result=0.00001609  Best=0.00000980   Time=0.2  Run Time=1406.6
FIRESTARTER_OPTIMIZE: Seed=0  Test=197  Generation=  5  Result=0.00010864  Best=0.00000980   Time=0.2  Run Time=1407.5
FIRESTARTER_OPTIMIZE: Seed=0  Test=197  Generation=  6  Result=0.00007713  Best=0.00000980   Time=0.2  Run Time=1408.4
FIRESTARTER_OPTIMIZE: Seed=0  Test=197  Generation=  7  Result=0.00019990  Best=0.00000980   Time=0.2  Run Time=1409.3
FIRESTARTER_OPTIMIZE: Seed=0  Test=197  Generation=  8  Result=0.00001103  Best=0.00000980   Time=0.2  Run Time=1410.2
FIRESTARTER_OPTIMIZE: Seed=0  Test=197  Generation=  9  Result=0.00010109  Best=0.00000980   Time=0.2  Run Time=1411.1
FIRESTARTER_OPTIMIZE: Seed=0  Test=197  Generation= 10 *Result=0.00000043  Best=0.00000043   Time=0.2  Run Time=1412.0
