CUDA devices = 1
Device 0: NVIDIA GeForce RTX 4090

variations = 1
samples = 15
instructions = 32
registers = 30
opcodes = 2
patternOpcodes = 4

targetMin = 0.000000f
targetMax = 6.283185f
target = 0.000001f

mode = FIRESTARTER_OPTIMIZE
evolveSeed = 123
optimizeSeed = 123
tests = 256
streams = 1
units = 1
states = 1
generations = 0
population = 65536
iterations = 64
passes = 512
candidates = 16
attempts = 0
optimize = 1

scale = 0.300000f
startScale = 2.500000f
startResult = 10.000000f

FIRESTARTER_OPTIMIZE: Seed=123  Test=140  Generation=  2 *Result=0.00007832  Best=0.00007832   Time=0.1  Run Time=446.3
FIRESTARTER_OPTIMIZE: Seed=123  Test=140  Generation=  3  Result=0.00008607  Best=0.00007832   Time=0.1  Run Time=446.7
FIRESTARTER_OPTIMIZE: Seed=123  Test=140  Generation=  4  Result=0.00009605  Best=0.00007832   Time=0.1  Run Time=447.0
FIRESTARTER_OPTIMIZE: Seed=123  Test=140  Generation=  5 *Result=0.00003999  Best=0.00003999   Time=0.1  Run Time=447.5
FIRESTARTER_OPTIMIZE: Seed=123  Test=140  Generation=  6 *Result=0.00001627  Best=0.00001627   Time=0.1  Run Time=447.9
FIRESTARTER_OPTIMIZE: Seed=123  Test=140  Generation=  7  Result=0.00027416  Best=0.00001627   Time=0.1  Run Time=448.4
FIRESTARTER_OPTIMIZE: Seed=123  Test=140  Generation=  8  Result=0.00016869  Best=0.00001627   Time=0.1  Run Time=448.9
FIRESTARTER_OPTIMIZE: Seed=123  Test=140  Generation=  9  Result=0.00019801  Best=0.00001627   Time=0.1  Run Time=449.3
FIRESTARTER_OPTIMIZE: Seed=123  Test=140  Generation= 10  Result=0.00009203  Best=0.00001627   Time=0.1  Run Time=449.8
FIRESTARTER_OPTIMIZE: Seed=123  Test=140  Generation= 11 *Result=0.00000019  Best=0.00000019   Time=0.1  Run Time=450.2
