CUDA devices = 1
Device 0: NVIDIA GeForce RTX 4090

variations = 1
instructions = 32
registers = 30
opcodes = 2
patternOpcodes = 4

targetMin = 0.000000f
targetMax = 6.283185f
target = 0.000001f

mode = FIRESTARTER_OPTIMIZE
evolveSeed = 2
optimizeSeed = 2
tests = 256
streams = 1
units = 1
states = 1
generations = 0
population = 65536
passes = 384
attempts = 0
optimize = 1

scale = 0.300000f
startScale = 2.500000f
startResult = 10.000000f

FIRESTARTER_OPTIMIZE: Seed=2  Test=243  Generation=  2 *Result=0.00028479  Best=0.00028479   Time=0.1  Run Time=920.0
FIRESTARTER_OPTIMIZE: Seed=2  Test=243  Generation=  3 *Result=0.00006866  Best=0.00006866   Time=0.1  Run Time=920.4
FIRESTARTER_OPTIMIZE: Seed=2  Test=243  Generation=  4  Result=0.00061908  Best=0.00006866   Time=0.1  Run Time=920.9
FIRESTARTER_OPTIMIZE: Seed=2  Test=243  Generation=  5  Result=0.00018245  Best=0.00006866   Time=0.1  Run Time=921.3
FIRESTARTER_OPTIMIZE: Seed=2  Test=243  Generation=  6 *Result=0.00000014  Best=0.00000014   Time=0.1  Run Time=921.8
