Test: 0  Pass=0  Evolve Result=0.00000000  Optimize Result=0.97492790  Duration: 0.8
Test: 1  Pass=0  Evolve Result=0.00000000  Optimize Result=0.97492790  Duration: 0.8
Test: 2  Pass=0  Evolve Result=0.00000000  Optimize Result=0.97492790  Duration: 0.8
