CUDA devices = 1
Device 0: NVIDIA GeForce RTX 4090

variations = 1
instructions = 32
registers = 30
opcodes = 2
patternOpcodes = 4

targetMin = 0.000000f
targetMax = 6.283185f
target = 0.000001f

mode = FIRESTARTER_OPTIMIZE
evolveSeed = 0
optimizeSeed = 0
tests = 256
streams = 1
units = 1
states = 1
generations = 0
population = 49152
passes = 512
attempts = 0
optimize = 1

scale = 0.300000f
startScale = 2.500000f
startResult = 10.000000f

FIRESTARTER_OPTIMIZE: Seed=0  Test=45  Generation=  2 *Result=0.00018245  Best=0.00018245   Time=0.1  Run Time=105.8
FIRESTARTER_OPTIMIZE: Seed=0  Test=45  Generation=  3 *Result=0.00005490  Best=0.00005490   Time=0.1  Run Time=106.1
FIRESTARTER_OPTIMIZE: Seed=0  Test=45  Generation=  4  Result=0.00015601  Best=0.00005490   Time=0.1  Run Time=106.5
FIRESTARTER_OPTIMIZE: Seed=0  Test=45  Generation=  5  Result=0.00018278  Best=0.00005490   Time=0.1  Run Time=106.8
FIRESTARTER_OPTIMIZE: Seed=0  Test=45  Generation=  6  Result=0.00012964  Best=0.00005490   Time=0.1  Run Time=107.2
FIRESTARTER_OPTIMIZE: Seed=0  Test=45  Generation=  7  Result=0.00011982  Best=0.00005490   Time=0.1  Run Time=107.5
FIRESTARTER_OPTIMIZE: Seed=0  Test=45  Generation=  8  Result=0.00042952  Best=0.00005490   Time=0.1  Run Time=107.9
FIRESTARTER_OPTIMIZE: Seed=0  Test=45  Generation=  9 *Result=0.00000028  Best=0.00000028   Time=0.1  Run Time=108.2
