CUDA devices = 1
Device 0: NVIDIA GeForce RTX 4090

variations = 1
instructions = 32
registers = 30
opcodes = 2
patternOpcodes = 4

targetMin = 0.000000f
targetMax = 6.283185f
target = 0.000001f

mode = FIRESTARTER_OPTIMIZE
evolveSeed = 0
optimizeSeed = 0
tests = 256
streams = 1
units = 1
states = 1
generations = 0
population = 65536
passes = 512
attempts = 0
optimize = 1

scale = 0.300000f
startScale = 2.500000f
startResult = 10.000000f

FIRESTARTER_OPTIMIZE: Seed=0  Test=68  Generation=  2 *Result=0.00104737  Best=0.00104737   Time=0.1  Run Time=185.5
FIRESTARTER_OPTIMIZE: Seed=0  Test=68  Generation=  3 *Result=0.00005393  Best=0.00005393   Time=0.1  Run Time=185.8
FIRESTARTER_OPTIMIZE: Seed=0  Test=68  Generation=  4  Result=0.00023931  Best=0.00005393   Time=0.1  Run Time=186.2
FIRESTARTER_OPTIMIZE: Seed=0  Test=68  Generation=  5 *Result=0.00000329  Best=0.00000329   Time=0.1  Run Time=186.6
FIRESTARTER_OPTIMIZE: Seed=0  Test=68  Generation=  6  Result=0.00221053  Best=0.00000329   Time=0.1  Run Time=187.0
FIRESTARTER_OPTIMIZE: Seed=0  Test=68  Generation=  7  Result=0.00012009  Best=0.00000329   Time=0.1  Run Time=187.4
FIRESTARTER_OPTIMIZE: Seed=0  Test=68  Generation=  8  Result=0.00003790  Best=0.00000329   Time=0.1  Run Time=187.8
FIRESTARTER_OPTIMIZE: Seed=0  Test=68  Generation=  9  Result=0.00013373  Best=0.00000329   Time=0.1  Run Time=188.1
FIRESTARTER_OPTIMIZE: Seed=0  Test=68  Generation= 10  Result=0.00025487  Best=0.00000329   Time=0.1  Run Time=188.5
FIRESTARTER_OPTIMIZE: Seed=0  Test=68  Generation= 11 *Result=0.00000014  Best=0.00000014   Time=0.1  Run Time=188.9
