CUDA devices = 1
Device 0: NVIDIA GeForce RTX 2080 Ti

variations = 1
instructions = 32
registers = 30
opcodes = 2
patternOpcodes = 4

targetMin = 0.000000f
targetMax = 6.283185f
target = 0.000001f

mode = FIRESTARTER_OPTIMIZE
evolveSeed = 0
optimizeSeed = 0
tests = 256
streams = 1
units = 1
states = 1
generations = 0
population = 65536
passes = 384
attempts = 0
optimize = 1

scale = 0.300000f
startScale = 2.500000f
startResult = 10.000000f

FIRESTARTER_OPTIMIZE: Seed=0  Test=29  Generation=  2 *Result=0.00005555  Best=0.00005555   Time=0.2  Run Time=196.8
FIRESTARTER_OPTIMIZE: Seed=0  Test=29  Generation=  3  Result=0.00095159  Best=0.00005555   Time=0.2  Run Time=197.7
FIRESTARTER_OPTIMIZE: Seed=0  Test=29  Generation=  4  Result=0.00201674  Best=0.00005555   Time=0.3  Run Time=198.6
FIRESTARTER_OPTIMIZE: Seed=0  Test=29  Generation=  5 *Result=0.00000247  Best=0.00000247   Time=0.2  Run Time=199.5
FIRESTARTER_OPTIMIZE: Seed=0  Test=29  Generation=  6  Result=0.00021159  Best=0.00000247   Time=0.2  Run Time=200.3
FIRESTARTER_OPTIMIZE: Seed=0  Test=29  Generation=  7 *Result=0.00000016  Best=0.00000016   Time=0.2  Run Time=201.2
