CUDA devices = 1
Device 0: NVIDIA GeForce RTX 4090

variations = 1
samples = 15
instructions = 32
registers = 30
opcodes = 2
patternOpcodes = 4

targetMin = 0.000000f
targetMax = 6.283185f
target = 0.000001f

mode = FIRESTARTER_OPTIMIZE
evolveSeed = 0
optimizeSeed = 0
tests = 256
streams = 1
units = 1
states = 1
generations = 0
population = 65536
iterations = 64
passes = 512
candidates = 16
attempts = 0
optimize = 1

scale = 0.200000f
startScale = 2.500000f
startResult = 10.000000f

FIRESTARTER_OPTIMIZE: Seed=0  Test=145  Generation=  2 *Result=0.00025766  Best=0.00025766   Time=0.1  Run Time=626.6
FIRESTARTER_OPTIMIZE: Seed=0  Test=145  Generation=  3 *Result=0.00000129  Best=0.00000129   Time=0.1  Run Time=627.0
FIRESTARTER_OPTIMIZE: Seed=0  Test=145  Generation=  4  Result=0.00000368  Best=0.00000129   Time=0.1  Run Time=627.5
FIRESTARTER_OPTIMIZE: Seed=0  Test=145  Generation=  5  Result=0.00000166  Best=0.00000129   Time=0.1  Run Time=627.9
FIRESTARTER_OPTIMIZE: Seed=0  Test=145  Generation=  6  Result=0.00009374  Best=0.00000129   Time=0.1  Run Time=628.4
FIRESTARTER_OPTIMIZE: Seed=0  Test=145  Generation=  7  Result=0.00008976  Best=0.00000129   Time=0.1  Run Time=628.8
FIRESTARTER_OPTIMIZE: Seed=0  Test=145  Generation=  8  Result=0.00000167  Best=0.00000129   Time=0.1  Run Time=629.2
FIRESTARTER_OPTIMIZE: Seed=0  Test=145  Generation=  9 *Result=0.00000017  Best=0.00000017   Time=0.1  Run Time=629.7
