CUDA devices = 1
Device 0: NVIDIA GeForce RTX 4090

variations = 1
instructions = 32
registers = 30
opcodes = 2
patternOpcodes = 4

targetMin = 0.000000f
targetMax = 6.283185f
target = 0.000001f

mode = FIRESTARTER_OPTIMIZE
evolveSeed = 1
optimizeSeed = 1
tests = 256
streams = 1
units = 1
states = 1
generations = 0
population = 49152
passes = 512
attempts = 0
optimize = 1

scale = 0.300000f
startScale = 2.500000f
startResult = 10.000000f

FIRESTARTER_OPTIMIZE: Seed=1  Test=129  Generation=  2 *Result=0.00005633  Best=0.00005633   Time=0.1  Run Time=364.9
FIRESTARTER_OPTIMIZE: Seed=1  Test=129  Generation=  3 *Result=0.00000992  Best=0.00000992   Time=0.1  Run Time=365.3
FIRESTARTER_OPTIMIZE: Seed=1  Test=129  Generation=  4  Result=0.00002241  Best=0.00000992   Time=0.1  Run Time=365.7
FIRESTARTER_OPTIMIZE: Seed=1  Test=129  Generation=  5  Result=0.00018309  Best=0.00000992   Time=0.1  Run Time=366.0
FIRESTARTER_OPTIMIZE: Seed=1  Test=129  Generation=  6  Result=0.00005209  Best=0.00000992   Time=0.1  Run Time=366.4
FIRESTARTER_OPTIMIZE: Seed=1  Test=129  Generation=  7 *Result=0.00000238  Best=0.00000238   Time=0.1  Run Time=366.7
FIRESTARTER_OPTIMIZE: Seed=1  Test=129  Generation=  8  Result=0.00003746  Best=0.00000238   Time=0.1  Run Time=367.1
FIRESTARTER_OPTIMIZE: Seed=1  Test=129  Generation=  9 *Result=0.00000011  Best=0.00000011   Time=0.1  Run Time=367.5
