CUDA devices = 1
Device 0: NVIDIA GeForce RTX 4090

variations = 1
samples = 15
instructions = 32
registers = 30
opcodes = 2
patternOpcodes = 4

targetMin = 0.000000f
targetMax = 6.283185f
target = 0.000001f

mode = FIRESTARTER_OPTIMIZE
evolveSeed = 0
optimizeSeed = 0
tests = 256
streams = 1
units = 1
states = 1
generations = 0
population = 65536
iterations = 64
passes = 512
candidates = 16
attempts = 0
optimize = 1

scale = 0.300000f
startScale = 2.500000f
startResult = 10.000000f

FIRESTARTER_OPTIMIZE: Seed=0  Test=253  Generation=  2 *Result=0.00001201  Best=0.00001201   Time=0.1  Run Time=753.1
FIRESTARTER_OPTIMIZE: Seed=0  Test=253  Generation=  3  Result=0.00006377  Best=0.00001201   Time=0.1  Run Time=753.4
FIRESTARTER_OPTIMIZE: Seed=0  Test=253  Generation=  4  Result=0.00021845  Best=0.00001201   Time=0.1  Run Time=753.8
FIRESTARTER_OPTIMIZE: Seed=0  Test=253  Generation=  5  Result=0.00053447  Best=0.00001201   Time=0.1  Run Time=754.2
FIRESTARTER_OPTIMIZE: Seed=0  Test=253  Generation=  6  Result=0.00019442  Best=0.00001201   Time=0.1  Run Time=754.6
FIRESTARTER_OPTIMIZE: Seed=0  Test=253  Generation=  7 *Result=0.00000286  Best=0.00000286   Time=0.1  Run Time=754.9
FIRESTARTER_OPTIMIZE: Seed=0  Test=253  Generation=  8  Result=0.00011763  Best=0.00000286   Time=0.1  Run Time=755.3
FIRESTARTER_OPTIMIZE: Seed=0  Test=253  Generation=  9  Result=0.00002092  Best=0.00000286   Time=0.1  Run Time=755.7
FIRESTARTER_OPTIMIZE: Seed=0  Test=253  Generation= 10 *Result=0.00000028  Best=0.00000028   Time=0.1  Run Time=756.1
