CUDA devices = 1
Device 0: NVIDIA GeForce RTX 4090

variations = 1
samples = 15
instructions = 32
registers = 30
opcodes = 2
patternOpcodes = 4

targetMin = 0.000000f
targetMax = 6.283185f
target = 0.000001f

mode = FIRESTARTER_OPTIMIZE
evolveSeed = 0
optimizeSeed = 0
tests = 256
streams = 1
units = 1
states = 1
generations = 0
population = 65536
iterations = 64
passes = 512
candidates = 16
attempts = 0
optimize = 1

scale = 0.100000f
startScale = 3.000000f
startResult = 10.000000f

FIRESTARTER_OPTIMIZE: Seed=0  Test=26  Generation=  2 *Result=0.00006958  Best=0.00006958   Time=0.1  Run Time=155.7
FIRESTARTER_OPTIMIZE: Seed=0  Test=26  Generation=  3  Result=0.00017620  Best=0.00006958   Time=0.1  Run Time=156.1
FIRESTARTER_OPTIMIZE: Seed=0  Test=26  Generation=  4 *Result=0.00000465  Best=0.00000465   Time=0.1  Run Time=156.6
FIRESTARTER_OPTIMIZE: Seed=0  Test=26  Generation=  5  Result=0.00007090  Best=0.00000465   Time=0.1  Run Time=157.0
FIRESTARTER_OPTIMIZE: Seed=0  Test=26  Generation=  6  Result=0.00006145  Best=0.00000465   Time=0.1  Run Time=157.5
FIRESTARTER_OPTIMIZE: Seed=0  Test=26  Generation=  7  Result=0.00068319  Best=0.00000465   Time=0.1  Run Time=157.9
FIRESTARTER_OPTIMIZE: Seed=0  Test=26  Generation=  8  Result=0.00035334  Best=0.00000465   Time=0.1  Run Time=158.3
FIRESTARTER_OPTIMIZE: Seed=0  Test=26  Generation=  9  Result=0.00028265  Best=0.00000465   Time=0.1  Run Time=158.8
FIRESTARTER_OPTIMIZE: Seed=0  Test=26  Generation= 10 *Result=0.00000203  Best=0.00000203   Time=0.1  Run Time=159.2
FIRESTARTER_OPTIMIZE: Seed=0  Test=26  Generation= 11 *Result=0.00000010  Best=0.00000010   Time=0.1  Run Time=159.7
