CUDA devices = 1
Device 0: NVIDIA GeForce RTX 4090

variations = 1
samples = 15
instructions = 32
registers = 30
opcodes = 2
patternOpcodes = 4

targetMin = 0.000000f
targetMax = 6.283185f
target = 0.000001f

mode = FIRESTARTER_OPTIMIZE
evolveSeed = 123
optimizeSeed = 123
tests = 256
streams = 1
units = 1
states = 1
generations = 0
population = 65536
iterations = 64
passes = 512
candidates = 16
attempts = 0
optimize = 1

scale = 0.300000f
startScale = 2.500000f
startResult = 10.000000f

FIRESTARTER_OPTIMIZE: Seed=123  Test=202  Generation=  2 *Result=0.00034857  Best=0.00034857   Time=0.1  Run Time=680.5
FIRESTARTER_OPTIMIZE: Seed=123  Test=202  Generation=  3 *Result=0.00018474  Best=0.00018474   Time=0.1  Run Time=680.8
FIRESTARTER_OPTIMIZE: Seed=123  Test=202  Generation=  4  Result=0.00086881  Best=0.00018474   Time=0.1  Run Time=681.2
FIRESTARTER_OPTIMIZE: Seed=123  Test=202  Generation=  5 *Result=0.00011021  Best=0.00011021   Time=0.1  Run Time=681.6
FIRESTARTER_OPTIMIZE: Seed=123  Test=202  Generation=  6 *Result=0.00007842  Best=0.00007842   Time=0.1  Run Time=682.0
FIRESTARTER_OPTIMIZE: Seed=123  Test=202  Generation=  7 *Result=0.00000010  Best=0.00000010   Time=0.1  Run Time=682.3
