CUDA devices = 1
Device 0: NVIDIA GeForce RTX 4090

variations = 1
instructions = 32
registers = 30
opcodes = 2
patternOpcodes = 4

targetMin = 0.000000f
targetMax = 6.283185f
target = 0.000001f

mode = FIRESTARTER_OPTIMIZE
evolveSeed = 1
optimizeSeed = 1
tests = 256
streams = 1
units = 1
states = 1
generations = 0
population = 65536
passes = 512
attempts = 0
optimize = 1

scale = 0.300000f
startScale = 2.500000f
startResult = 10.000000f

FIRESTARTER_OPTIMIZE: Seed=1  Test=51  Generation=  2 *Result=0.00000173  Best=0.00000173   Time=0.1  Run Time=172.0
FIRESTARTER_OPTIMIZE: Seed=1  Test=51  Generation=  3  Result=0.00001633  Best=0.00000173   Time=0.1  Run Time=172.5
FIRESTARTER_OPTIMIZE: Seed=1  Test=51  Generation=  4  Result=0.00003592  Best=0.00000173   Time=0.1  Run Time=172.8
FIRESTARTER_OPTIMIZE: Seed=1  Test=51  Generation=  5  Result=0.00009060  Best=0.00000173   Time=0.1  Run Time=173.2
FIRESTARTER_OPTIMIZE: Seed=1  Test=51  Generation=  6  Result=0.00135258  Best=0.00000173   Time=0.1  Run Time=173.6
FIRESTARTER_OPTIMIZE: Seed=1  Test=51  Generation=  7  Result=0.00027978  Best=0.00000173   Time=0.1  Run Time=174.1
FIRESTARTER_OPTIMIZE: Seed=1  Test=51  Generation=  8  Result=0.00006451  Best=0.00000173   Time=0.1  Run Time=174.5
FIRESTARTER_OPTIMIZE: Seed=1  Test=51  Generation=  9  Result=0.00018258  Best=0.00000173   Time=0.1  Run Time=174.9
FIRESTARTER_OPTIMIZE: Seed=1  Test=51  Generation= 10  Result=0.00002724  Best=0.00000173   Time=0.1  Run Time=175.4
FIRESTARTER_OPTIMIZE: Seed=1  Test=51  Generation= 11  Result=0.00001737  Best=0.00000173   Time=0.1  Run Time=175.8
FIRESTARTER_OPTIMIZE: Seed=1  Test=51  Generation= 12 *Result=0.00000013  Best=0.00000013   Time=0.1  Run Time=176.1
