CUDA devices = 1
Device 0: NVIDIA GeForce RTX 4090

variations = 1
samples = 15
instructions = 30
registers = 30
opcodes = 2
patternOpcodes = 4

targetMin = 0.000000f
targetMax = 6.283185f
target = 0.000001f

mode = FIRESTARTER_OPTIMIZE
evolveSeed = 0
optimizeSeed = 0
tests = 256
streams = 1
units = 1
states = 1
generations = 0
population = 65536
iterations = 64
passes = 512
candidates = 16
attempts = 0
optimize = 1

scale = 0.300000f
startScale = 2.500000f
startResult = 10.000000f

FIRESTARTER_OPTIMIZE: Seed=0  Test=42  Generation=  2 *Result=0.00006966  Best=0.00006966   Time=0.1  Run Time=135.0
FIRESTARTER_OPTIMIZE: Seed=0  Test=42  Generation=  3  Result=0.00014079  Best=0.00006966   Time=0.1  Run Time=135.4
FIRESTARTER_OPTIMIZE: Seed=0  Test=42  Generation=  4  Result=0.00011454  Best=0.00006966   Time=0.1  Run Time=135.9
FIRESTARTER_OPTIMIZE: Seed=0  Test=42  Generation=  5  Result=0.00032234  Best=0.00006966   Time=0.1  Run Time=136.3
FIRESTARTER_OPTIMIZE: Seed=0  Test=42  Generation=  6 *Result=0.00004499  Best=0.00004499   Time=0.1  Run Time=136.8
FIRESTARTER_OPTIMIZE: Seed=0  Test=42  Generation=  7 *Result=0.00000263  Best=0.00000263   Time=0.1  Run Time=137.2
FIRESTARTER_OPTIMIZE: Seed=0  Test=42  Generation=  8  Result=0.00026440  Best=0.00000263   Time=0.1  Run Time=137.7
FIRESTARTER_OPTIMIZE: Seed=0  Test=42  Generation=  9  Result=0.00006557  Best=0.00000263   Time=0.1  Run Time=138.1
FIRESTARTER_OPTIMIZE: Seed=0  Test=42  Generation= 10  Result=0.00242447  Best=0.00000263   Time=0.1  Run Time=138.5
FIRESTARTER_OPTIMIZE: Seed=0  Test=42  Generation= 11 *Result=0.00000007  Best=0.00000007   Time=0.1  Run Time=139.0
