CUDA devices = 1
Device 0: NVIDIA GeForce RTX 4090

variations = 1
samples = 15
instructions = 32
registers = 30
opcodes = 2
patternOpcodes = 4

targetMin = 0.000000f
targetMax = 6.283185f
target = 0.000001f

mode = FIRESTARTER_OPTIMIZE
evolveSeed = 0
optimizeSeed = 0
tests = 256
streams = 1
units = 1
states = 1
generations = 0
population = 65536
iterations = 64
passes = 512
candidates = 16
attempts = 0
optimize = 1

scale = 0.300000f
startScale = 2.500000f
startResult = 10.000000f

FIRESTARTER_OPTIMIZE: Seed=0  Test=125  Generation=  2 *Result=0.00018274  Best=0.00018274   Time=0.1  Run Time=369.5
FIRESTARTER_OPTIMIZE: Seed=0  Test=125  Generation=  3 *Result=0.00018225  Best=0.00018225   Time=0.1  Run Time=369.9
FIRESTARTER_OPTIMIZE: Seed=0  Test=125  Generation=  4  Result=0.00143388  Best=0.00018225   Time=0.1  Run Time=370.2
FIRESTARTER_OPTIMIZE: Seed=0  Test=125  Generation=  5 *Result=0.00008183  Best=0.00008183   Time=0.1  Run Time=370.6
FIRESTARTER_OPTIMIZE: Seed=0  Test=125  Generation=  6  Result=0.00008976  Best=0.00008183   Time=0.1  Run Time=371.0
FIRESTARTER_OPTIMIZE: Seed=0  Test=125  Generation=  7  Result=0.00160825  Best=0.00008183   Time=0.1  Run Time=371.4
FIRESTARTER_OPTIMIZE: Seed=0  Test=125  Generation=  8  Result=0.00032798  Best=0.00008183   Time=0.1  Run Time=371.7
FIRESTARTER_OPTIMIZE: Seed=0  Test=125  Generation=  9 *Result=0.00000013  Best=0.00000013   Time=0.1  Run Time=372.2
