CUDA devices = 1
Device 0: NVIDIA GeForce RTX 4090

variations = 1
instructions = 32
registers = 30
opcodes = 2
patternOpcodes = 4

targetMin = 0.000000f
targetMax = 6.283185f
target = 0.000001f

mode = FIRESTARTER_OPTIMIZE
evolveSeed = 0
optimizeSeed = 0
tests = 256
streams = 1
units = 1
states = 1
generations = 0
population = 49152
passes = 512
attempts = 0
optimize = 1

scale = 0.300000f
startScale = 2.500000f
startResult = 10.000000f

FIRESTARTER_OPTIMIZE: Seed=0  Test=100  Generation=  2 *Result=0.00081140  Best=0.00081140   Time=0.1  Run Time=264.8
FIRESTARTER_OPTIMIZE: Seed=0  Test=100  Generation=  3 *Result=0.00033197  Best=0.00033197   Time=0.1  Run Time=265.2
FIRESTARTER_OPTIMIZE: Seed=0  Test=100  Generation=  4 *Result=0.00003862  Best=0.00003862   Time=0.1  Run Time=265.5
FIRESTARTER_OPTIMIZE: Seed=0  Test=100  Generation=  5  Result=0.00039113  Best=0.00003862   Time=0.1  Run Time=265.9
FIRESTARTER_OPTIMIZE: Seed=0  Test=100  Generation=  6 *Result=0.00002773  Best=0.00002773   Time=0.1  Run Time=266.2
FIRESTARTER_OPTIMIZE: Seed=0  Test=100  Generation=  7 *Result=0.00000015  Best=0.00000015   Time=0.1  Run Time=266.6
