CUDA devices = 1
Device 0: NVIDIA GeForce RTX 4090

variations = 1
instructions = 32
registers = 30
opcodes = 2
patternOpcodes = 4

targetMin = 0.000000f
targetMax = 6.283185f
target = 0.000001f

mode = FIRESTARTER_OPTIMIZE
evolveSeed = 1
optimizeSeed = 1
tests = 256
streams = 1
units = 1
states = 1
generations = 0
population = 65536
passes = 512
attempts = 0
optimize = 1

scale = 0.300000f
startScale = 2.500000f
startResult = 10.000000f

FIRESTARTER_OPTIMIZE: Seed=1  Test=131  Generation=  2 *Result=0.00221900  Best=0.00221900   Time=0.1  Run Time=403.2
FIRESTARTER_OPTIMIZE: Seed=1  Test=131  Generation=  3 *Result=0.00011206  Best=0.00011206   Time=0.1  Run Time=403.6
FIRESTARTER_OPTIMIZE: Seed=1  Test=131  Generation=  4 *Result=0.00009477  Best=0.00009477   Time=0.1  Run Time=404.0
FIRESTARTER_OPTIMIZE: Seed=1  Test=131  Generation=  5  Result=0.00018410  Best=0.00009477   Time=0.1  Run Time=404.4
FIRESTARTER_OPTIMIZE: Seed=1  Test=131  Generation=  6 *Result=0.00008312  Best=0.00008312   Time=0.1  Run Time=404.8
FIRESTARTER_OPTIMIZE: Seed=1  Test=131  Generation=  7 *Result=0.00007722  Best=0.00007722   Time=0.1  Run Time=405.2
FIRESTARTER_OPTIMIZE: Seed=1  Test=131  Generation=  8  Result=0.00008784  Best=0.00007722   Time=0.1  Run Time=405.6
FIRESTARTER_OPTIMIZE: Seed=1  Test=131  Generation=  9 *Result=0.00000028  Best=0.00000028   Time=0.1  Run Time=406.0
