CUDA devices = 1
Device 0: NVIDIA GeForce RTX 4090

variations = 1
instructions = 32
registers = 30
opcodes = 2
patternOpcodes = 4

targetMin = 0.000000f
targetMax = 6.283185f
target = 0.000001f

mode = FIRESTARTER_OPTIMIZE
evolveSeed = 0
optimizeSeed = 0
tests = 256
streams = 1
units = 1
states = 1
generations = 0
population = 65536
passes = 384
attempts = 0
optimize = 1

scale = 0.300000f
startScale = 2.500000f
startResult = 10.000000f

FIRESTARTER_OPTIMIZE: Seed=0  Test=255  Generation=  2 *Result=0.00007465  Best=0.00007465   Time=0.1  Run Time=710.9
FIRESTARTER_OPTIMIZE: Seed=0  Test=255  Generation=  3  Result=0.00117701  Best=0.00007465   Time=0.1  Run Time=711.3
FIRESTARTER_OPTIMIZE: Seed=0  Test=255  Generation=  4 *Result=0.00001398  Best=0.00001398   Time=0.1  Run Time=711.6
FIRESTARTER_OPTIMIZE: Seed=0  Test=255  Generation=  5  Result=0.00011113  Best=0.00001398   Time=0.1  Run Time=711.9
FIRESTARTER_OPTIMIZE: Seed=0  Test=255  Generation=  6  Result=0.00007999  Best=0.00001398   Time=0.1  Run Time=712.2
FIRESTARTER_OPTIMIZE: Seed=0  Test=255  Generation=  7  Result=0.00019993  Best=0.00001398   Time=0.1  Run Time=712.6
FIRESTARTER_OPTIMIZE: Seed=0  Test=255  Generation=  8  Result=0.00026086  Best=0.00001398   Time=0.1  Run Time=712.9
FIRESTARTER_OPTIMIZE: Seed=0  Test=255  Generation=  9 *Result=0.00000012  Best=0.00000012   Time=0.1  Run Time=713.3
