CUDA devices = 1
Device 0: NVIDIA GeForce RTX 4090

variations = 1
instructions = 32
registers = 30
opcodes = 2
patternOpcodes = 4

targetMin = 0.000000f
targetMax = 6.283185f
target = 0.000001f

mode = FIRESTARTER_OPTIMIZE
evolveSeed = 1
optimizeSeed = 1
tests = 256
streams = 1
units = 1
states = 1
generations = 0
population = 65536
passes = 384
attempts = 0
optimize = 1

scale = 0.300000f
startScale = 2.500000f
startResult = 10.000000f

FIRESTARTER_OPTIMIZE: Seed=1  Test=80  Generation=  2 *Result=0.00025894  Best=0.00025894   Time=0.1  Run Time=215.7
FIRESTARTER_OPTIMIZE: Seed=1  Test=80  Generation=  3 *Result=0.00018078  Best=0.00018078   Time=0.1  Run Time=216.1
FIRESTARTER_OPTIMIZE: Seed=1  Test=80  Generation=  4 *Result=0.00000551  Best=0.00000551   Time=0.1  Run Time=216.5
FIRESTARTER_OPTIMIZE: Seed=1  Test=80  Generation=  5  Result=0.00018241  Best=0.00000551   Time=0.1  Run Time=216.8
FIRESTARTER_OPTIMIZE: Seed=1  Test=80  Generation=  6 *Result=0.00000018  Best=0.00000018   Time=0.1  Run Time=217.2
