CUDA devices = 1
Device 0: NVIDIA GeForce RTX 4090

variations = 1
instructions = 32
registers = 30
opcodes = 2
patternOpcodes = 4

targetMin = 0.000000f
targetMax = 6.283185f
target = 0.000001f

mode = FIRESTARTER_OPTIMIZE
evolveSeed = 1
optimizeSeed = 1
tests = 256
streams = 1
units = 1
states = 1
generations = 0
population = 49152
passes = 384
attempts = 0
optimize = 1

scale = 0.300000f
startScale = 2.500000f
startResult = 10.000000f

FIRESTARTER_OPTIMIZE: Seed=1  Test=16  Generation=  2 *Result=0.00017148  Best=0.00017148   Time=0.1  Run Time=40.6
FIRESTARTER_OPTIMIZE: Seed=1  Test=16  Generation=  3 *Result=0.00004435  Best=0.00004435   Time=0.1  Run Time=40.9
FIRESTARTER_OPTIMIZE: Seed=1  Test=16  Generation=  4  Result=0.00023344  Best=0.00004435   Time=0.1  Run Time=41.2
FIRESTARTER_OPTIMIZE: Seed=1  Test=16  Generation=  5 *Result=0.00001113  Best=0.00001113   Time=0.1  Run Time=41.6
FIRESTARTER_OPTIMIZE: Seed=1  Test=16  Generation=  6  Result=0.00016699  Best=0.00001113   Time=0.1  Run Time=41.9
FIRESTARTER_OPTIMIZE: Seed=1  Test=16  Generation=  7  Result=0.00024039  Best=0.00001113   Time=0.1  Run Time=42.2
FIRESTARTER_OPTIMIZE: Seed=1  Test=16  Generation=  8  Result=0.00011806  Best=0.00001113   Time=0.1  Run Time=42.6
FIRESTARTER_OPTIMIZE: Seed=1  Test=16  Generation=  9  Result=0.00021082  Best=0.00001113   Time=0.1  Run Time=42.9
FIRESTARTER_OPTIMIZE: Seed=1  Test=16  Generation= 10  Result=0.00002408  Best=0.00001113   Time=0.1  Run Time=43.2
FIRESTARTER_OPTIMIZE: Seed=1  Test=16  Generation= 11 *Result=0.00000015  Best=0.00000015   Time=0.1  Run Time=43.6
