CUDA devices = 1
Device 0: NVIDIA GeForce RTX 4090

variations = 1
samples = 15
instructions = 28
registers = 28
opcodes = 2
patternOpcodes = 4

targetMin = 0.000000f
targetMax = 6.283185f
target = 0.000001f

mode = FIRESTARTER_OPTIMIZE
evolveSeed = 0
optimizeSeed = 0
tests = 256
streams = 1
units = 1
states = 1
generations = 0
population = 65536
iterations = 64
passes = 512
candidates = 16
attempts = 0
optimize = 1

scale = 0.300000f
startScale = 2.500000f
startResult = 10.000000f

FIRESTARTER_OPTIMIZE: Seed=0  Test=115  Generation=  2 *Result=0.00143479  Best=0.00143479   Time=0.1  Run Time=426.1
FIRESTARTER_OPTIMIZE: Seed=0  Test=115  Generation=  3  Result=0.00221309  Best=0.00143479   Time=0.1  Run Time=426.5
FIRESTARTER_OPTIMIZE: Seed=0  Test=115  Generation=  4 *Result=0.00018280  Best=0.00018280   Time=0.1  Run Time=426.9
FIRESTARTER_OPTIMIZE: Seed=0  Test=115  Generation=  5 *Result=0.00000390  Best=0.00000390   Time=0.1  Run Time=427.3
FIRESTARTER_OPTIMIZE: Seed=0  Test=115  Generation=  6  Result=0.00005233  Best=0.00000390   Time=0.1  Run Time=427.7
FIRESTARTER_OPTIMIZE: Seed=0  Test=115  Generation=  7 *Result=0.00000030  Best=0.00000030   Time=0.1  Run Time=428.2
