CUDA devices = 1
Device 0: NVIDIA GeForce RTX 4090

variations = 1
samples = 15
instructions = 28
registers = 28
opcodes = 2
patternOpcodes = 4

targetMin = 0.000000f
targetMax = 6.283185f
target = 0.000001f

mode = FIRESTARTER_OPTIMIZE
evolveSeed = 0
optimizeSeed = 0
tests = 256
streams = 1
units = 1
states = 1
generations = 0
population = 65536
iterations = 64
passes = 512
candidates = 16
attempts = 0
optimize = 1

scale = 0.300000f
startScale = 2.500000f
startResult = 10.000000f

FIRESTARTER_OPTIMIZE: Seed=0  Test=165  Generation=  2 *Result=0.00075054  Best=0.00075054   Time=0.1  Run Time=608.1
FIRESTARTER_OPTIMIZE: Seed=0  Test=165  Generation=  3 *Result=0.00018754  Best=0.00018754   Time=0.1  Run Time=608.6
FIRESTARTER_OPTIMIZE: Seed=0  Test=165  Generation=  4 *Result=0.00000425  Best=0.00000425   Time=0.1  Run Time=609.0
FIRESTARTER_OPTIMIZE: Seed=0  Test=165  Generation=  5  Result=0.00002985  Best=0.00000425   Time=0.1  Run Time=609.4
FIRESTARTER_OPTIMIZE: Seed=0  Test=165  Generation=  6  Result=0.00018246  Best=0.00000425   Time=0.1  Run Time=609.8
FIRESTARTER_OPTIMIZE: Seed=0  Test=165  Generation=  7 *Result=0.00000095  Best=0.00000095   Time=0.1  Run Time=610.3
