CUDA devices = 1
Device 0: NVIDIA GeForce RTX 4090

variations = 1
samples = 15
instructions = 32
registers = 30
opcodes = 2
patternOpcodes = 4

targetMin = 0.000000f
targetMax = 6.283185f
target = 0.000001f

mode = FIRESTARTER_OPTIMIZE
evolveSeed = 0
optimizeSeed = 0
tests = 256
streams = 1
units = 1
states = 1
generations = 0
population = 65536
iterations = 64
passes = 500
candidates = 16
attempts = 0
optimize = 1

scale = 0.100000f
startScale = 2.000000f
startResult = 10.000000f

FIRESTARTER_OPTIMIZE: Seed=0  Test= 5  Generation=  2 *Result=0.00614544  Best=0.00614544   Time=0.1  Run Time=20.2
FIRESTARTER_OPTIMIZE: Seed=0  Test= 5  Generation=  3 *Result=0.00050884  Best=0.00050884   Time=0.1  Run Time=20.6
FIRESTARTER_OPTIMIZE: Seed=0  Test= 5  Generation=  4  Result=0.00057298  Best=0.00050884   Time=0.1  Run Time=21.0
FIRESTARTER_OPTIMIZE: Seed=0  Test= 5  Generation=  5 *Result=0.00017476  Best=0.00017476   Time=0.1  Run Time=21.4
FIRESTARTER_OPTIMIZE: Seed=0  Test= 5  Generation=  6 *Result=0.00005900  Best=0.00005900   Time=0.1  Run Time=21.8
FIRESTARTER_OPTIMIZE: Seed=0  Test= 5  Generation=  7  Result=0.00006207  Best=0.00005900   Time=0.1  Run Time=22.2
FIRESTARTER_OPTIMIZE: Seed=0  Test= 5  Generation=  8  Result=0.00025427  Best=0.00005900   Time=0.1  Run Time=22.6
FIRESTARTER_OPTIMIZE: Seed=0  Test= 5  Generation=  9  Result=0.00006690  Best=0.00005900   Time=0.1  Run Time=23.0
FIRESTARTER_OPTIMIZE: Seed=0  Test= 5  Generation= 10 *Result=0.00005519  Best=0.00005519   Time=0.1  Run Time=23.4
FIRESTARTER_OPTIMIZE: Seed=0  Test= 5  Generation= 11  Result=0.00028319  Best=0.00005519   Time=0.1  Run Time=23.8
FIRESTARTER_OPTIMIZE: Seed=0  Test= 5  Generation= 12  Result=0.00045488  Best=0.00005519   Time=0.1  Run Time=24.2
FIRESTARTER_OPTIMIZE: Seed=0  Test= 5  Generation= 13 *Result=0.00003706  Best=0.00003706   Time=0.1  Run Time=24.5
FIRESTARTER_OPTIMIZE: Seed=0  Test= 5  Generation= 14 *Result=0.00000072  Best=0.00000072   Time=0.1  Run Time=24.9
