CUDA devices = 1
Device 0: NVIDIA GeForce RTX 4090

variations = 1
instructions = 32
registers = 30
opcodes = 2
patternOpcodes = 4

targetMin = 0.000000f
targetMax = 6.283185f
target = 0.000001f

mode = FIRESTARTER_OPTIMIZE
evolveSeed = 0
optimizeSeed = 0
tests = 256
streams = 1
units = 1
states = 1
generations = 0
population = 32768
passes = 512
attempts = 0
optimize = 1

scale = 0.300000f
startScale = 2.500000f
startResult = 10.000000f

FIRESTARTER_OPTIMIZE: Seed=0  Test=129  Generation=  2 *Result=0.00037863  Best=0.00037863   Time=0.1  Run Time=381.6
FIRESTARTER_OPTIMIZE: Seed=0  Test=129  Generation=  3 *Result=0.00000548  Best=0.00000548   Time=0.1  Run Time=382.0
FIRESTARTER_OPTIMIZE: Seed=0  Test=129  Generation=  4  Result=0.00001639  Best=0.00000548   Time=0.1  Run Time=382.3
FIRESTARTER_OPTIMIZE: Seed=0  Test=129  Generation=  5  Result=0.00017407  Best=0.00000548   Time=0.1  Run Time=382.7
FIRESTARTER_OPTIMIZE: Seed=0  Test=129  Generation=  6  Result=0.00005221  Best=0.00000548   Time=0.1  Run Time=383.0
FIRESTARTER_OPTIMIZE: Seed=0  Test=129  Generation=  7  Result=0.00000954  Best=0.00000548   Time=0.1  Run Time=383.4
FIRESTARTER_OPTIMIZE: Seed=0  Test=129  Generation=  8  Result=0.00003397  Best=0.00000548   Time=0.1  Run Time=383.7
FIRESTARTER_OPTIMIZE: Seed=0  Test=129  Generation=  9 *Result=0.00000039  Best=0.00000039   Time=0.1  Run Time=384.0
