CUDA devices = 1
Device 0: NVIDIA GeForce RTX 4090

variations = 1
instructions = 32
registers = 30
opcodes = 2
patternOpcodes = 4

targetMin = 0.000000f
targetMax = 6.283185f
target = 0.000001f

mode = FIRESTARTER_OPTIMIZE
evolveSeed = 0
optimizeSeed = 0
tests = 256
streams = 1
units = 1
states = 1
generations = 0
population = 49152
passes = 512
attempts = 0
optimize = 1

scale = 0.300000f
startScale = 2.500000f
startResult = 10.000000f

FIRESTARTER_OPTIMIZE: Seed=0  Test=236  Generation=  2 *Result=0.00006280  Best=0.00006280   Time=0.1  Run Time=633.1
FIRESTARTER_OPTIMIZE: Seed=0  Test=236  Generation=  3  Result=0.00013574  Best=0.00006280   Time=0.1  Run Time=633.5
FIRESTARTER_OPTIMIZE: Seed=0  Test=236  Generation=  4  Result=0.00117841  Best=0.00006280   Time=0.1  Run Time=633.9
FIRESTARTER_OPTIMIZE: Seed=0  Test=236  Generation=  5  Result=0.00007069  Best=0.00006280   Time=0.1  Run Time=634.2
FIRESTARTER_OPTIMIZE: Seed=0  Test=236  Generation=  6 *Result=0.00006219  Best=0.00006219   Time=0.1  Run Time=634.6
FIRESTARTER_OPTIMIZE: Seed=0  Test=236  Generation=  7  Result=0.00044904  Best=0.00006219   Time=0.1  Run Time=634.9
FIRESTARTER_OPTIMIZE: Seed=0  Test=236  Generation=  8 *Result=0.00000059  Best=0.00000059   Time=0.1  Run Time=635.2
