CUDA devices = 1
Device 0: NVIDIA GeForce RTX 4090

variations = 1
instructions = 32
registers = 30
opcodes = 2
patternOpcodes = 4

targetMin = 0.000000f
targetMax = 6.283185f
target = 0.000001f

mode = FIRESTARTER_OPTIMIZE
evolveSeed = 1
optimizeSeed = 1
tests = 256
streams = 1
units = 1
states = 1
generations = 0
population = 65536
passes = 384
attempts = 0
optimize = 1

scale = 0.300000f
startScale = 2.500000f
startResult = 10.000000f

FIRESTARTER_OPTIMIZE: Seed=1  Test=114  Generation=  2 *Result=0.00014481  Best=0.00014481   Time=0.1  Run Time=312.8
FIRESTARTER_OPTIMIZE: Seed=1  Test=114  Generation=  3 *Result=0.00005283  Best=0.00005283   Time=0.1  Run Time=313.1
FIRESTARTER_OPTIMIZE: Seed=1  Test=114  Generation=  4  Result=0.00013978  Best=0.00005283   Time=0.1  Run Time=313.5
FIRESTARTER_OPTIMIZE: Seed=1  Test=114  Generation=  5  Result=0.00017422  Best=0.00005283   Time=0.1  Run Time=313.9
FIRESTARTER_OPTIMIZE: Seed=1  Test=114  Generation=  6 *Result=0.00000236  Best=0.00000236   Time=0.1  Run Time=314.3
FIRESTARTER_OPTIMIZE: Seed=1  Test=114  Generation=  7  Result=0.00017399  Best=0.00000236   Time=0.1  Run Time=314.6
FIRESTARTER_OPTIMIZE: Seed=1  Test=114  Generation=  8  Result=0.00000453  Best=0.00000236   Time=0.1  Run Time=315.0
FIRESTARTER_OPTIMIZE: Seed=1  Test=114  Generation=  9  Result=0.00061578  Best=0.00000236   Time=0.1  Run Time=315.3
FIRESTARTER_OPTIMIZE: Seed=1  Test=114  Generation= 10  Result=0.00001543  Best=0.00000236   Time=0.1  Run Time=315.7
FIRESTARTER_OPTIMIZE: Seed=1  Test=114  Generation= 11 *Result=0.00000041  Best=0.00000041   Time=0.1  Run Time=316.0
