CUDA devices = 1
Device 0: NVIDIA GeForce RTX 4090

variations = 1
instructions = 32
registers = 30
opcodes = 2
patternOpcodes = 4

targetMin = 0.000000f
targetMax = 6.283185f
target = 0.000001f

mode = FIRESTARTER_OPTIMIZE
evolveSeed = 0
optimizeSeed = 0
tests = 256
streams = 1
units = 1
states = 1
generations = 0
population = 65536
passes = 512
attempts = 0
optimize = 1

scale = 0.300000f
startScale = 2.500000f
startResult = 10.000000f

FIRESTARTER_OPTIMIZE: Seed=0  Test=11  Generation=  2 *Result=0.00005361  Best=0.00005361   Time=0.1  Run Time=23.5
FIRESTARTER_OPTIMIZE: Seed=0  Test=11  Generation=  3  Result=0.00027464  Best=0.00005361   Time=0.1  Run Time=23.8
FIRESTARTER_OPTIMIZE: Seed=0  Test=11  Generation=  4 *Result=0.00001123  Best=0.00001123   Time=0.1  Run Time=24.2
FIRESTARTER_OPTIMIZE: Seed=0  Test=11  Generation=  5  Result=0.00019449  Best=0.00001123   Time=0.1  Run Time=24.6
FIRESTARTER_OPTIMIZE: Seed=0  Test=11  Generation=  6 *Result=0.00000235  Best=0.00000235   Time=0.1  Run Time=25.0
FIRESTARTER_OPTIMIZE: Seed=0  Test=11  Generation=  7  Result=0.00000367  Best=0.00000235   Time=0.1  Run Time=25.3
FIRESTARTER_OPTIMIZE: Seed=0  Test=11  Generation=  8  Result=0.00003371  Best=0.00000235   Time=0.1  Run Time=25.7
FIRESTARTER_OPTIMIZE: Seed=0  Test=11  Generation=  9  Result=0.00001151  Best=0.00000235   Time=0.1  Run Time=26.0
FIRESTARTER_OPTIMIZE: Seed=0  Test=11  Generation= 10 *Result=0.00000010  Best=0.00000010   Time=0.1  Run Time=26.4
