CUDA devices = 1
Device 0: NVIDIA GeForce RTX 4090

variations = 1
samples = 15
instructions = 32
registers = 30
opcodes = 2
patternOpcodes = 4

targetMin = 0.000000f
targetMax = 6.283185f
target = 0.000001f

mode = FIRESTARTER_OPTIMIZE
evolveSeed = 0
optimizeSeed = 0
tests = 256
streams = 1
units = 1
states = 1
generations = 0
population = 65536
iterations = 64
passes = 512
candidates = 16
attempts = 0
optimize = 1

scale = 0.100000f
startScale = 3.000000f
startResult = 10.000000f

FIRESTARTER_OPTIMIZE: Seed=0  Test=241  Generation=  2 *Result=0.00131094  Best=0.00131094   Time=0.1  Run Time=1458.3
FIRESTARTER_OPTIMIZE: Seed=0  Test=241  Generation=  3 *Result=0.00008459  Best=0.00008459   Time=0.1  Run Time=1458.7
FIRESTARTER_OPTIMIZE: Seed=0  Test=241  Generation=  4 *Result=0.00007886  Best=0.00007886   Time=0.1  Run Time=1459.2
FIRESTARTER_OPTIMIZE: Seed=0  Test=241  Generation=  5 *Result=0.00000039  Best=0.00000039   Time=0.1  Run Time=1459.6
