CUDA devices = 1
Device 0: NVIDIA GeForce RTX 4090

variations = 1
instructions = 32
registers = 30
opcodes = 2
patternOpcodes = 4

targetMin = 0.000000f
targetMax = 6.283185f
target = 0.000001f

mode = FIRESTARTER_OPTIMIZE
evolveSeed = 1
optimizeSeed = 1
tests = 256
streams = 1
units = 1
states = 1
generations = 0
population = 65536
passes = 384
attempts = 0
optimize = 1

scale = 0.300000f
startScale = 2.500000f
startResult = 10.000000f

FIRESTARTER_OPTIMIZE: Seed=1  Test=101  Generation=  2 *Result=0.00025006  Best=0.00025006   Time=0.1  Run Time=240.0
FIRESTARTER_OPTIMIZE: Seed=1  Test=101  Generation=  3  Result=0.00036764  Best=0.00025006   Time=0.1  Run Time=240.3
FIRESTARTER_OPTIMIZE: Seed=1  Test=101  Generation=  4 *Result=0.00019082  Best=0.00019082   Time=0.1  Run Time=240.5
FIRESTARTER_OPTIMIZE: Seed=1  Test=101  Generation=  5 *Result=0.00000097  Best=0.00000097   Time=0.1  Run Time=240.8
