CUDA devices = 1
Device 0: NVIDIA GeForce RTX 4090

variations = 1
samples = 15
instructions = 32
registers = 30
opcodes = 2
patternOpcodes = 4

targetMin = 0.000000f
targetMax = 6.283185f
evolveTarget = 0.000001f

mode = FIRESTARTER_EVOLVE_GPU
evolveSeed = 0
optimizeSeed = 0
tests = 0
streams = 1
units = 1
states = 1
generations = 0
population = 278528
iterations = 64
passes = 500
candidates = 16
attempts = 0
optimize = 8

scale = 0.100000f
startScale = 2.000000f
startResult = 10.000000f

FIRESTARTER_EVOLVE_GPU: Seed=0  Index=   0  Id=   0  Generation=  0  Age=  1  Evolution= 0  Weight=0.00000000  Old Result=10.00000000 *New Result=0.11940527  Best=0.11940527  BestError=0.85552263  BestAge=1  Time=63.6 Seconds  Run Time=64.2 Seconds
FIRESTARTER_EVOLVE_GPU: Seed=0  Index=   0  Id=   0  Generation=  1  Age=  1  Evolution= 0  Weight=0.00000000  Old Result=10.00000000 >New Result=0.11940527  Best=0.11940527  BestError=0.85552263  BestAge=2  Time=62.2 Seconds  Run Time=126.3 Seconds
FIRESTARTER_EVOLVE_GPU: Seed=0  Index=   0  Id=   0  Generation=  2  Age=  1  Evolution= 0  Weight=0.00000000  Old Result=10.00000000 >New Result=0.11940527  Best=0.11940527  BestError=0.85552263  BestAge=3  Time=62.1 Seconds  Run Time=188.4 Seconds
FIRESTARTER_EVOLVE_GPU: Seed=0  Index=   0  Id=   0  Generation=  3  Age=  1  Evolution= 0  Weight=0.00000000  Old Result=10.00000000 >New Result=0.11940527  Best=0.11940527  BestError=0.85552263  BestAge=4  Time=62.2 Seconds  Run Time=250.6 Seconds
FIRESTARTER_EVOLVE_GPU: Seed=0  Index=   0  Id=   0  Generation=  4  Age=  1  Evolution= 0  Weight=0.00000000  Old Result=10.00000000 >New Result=0.11940527  Best=0.11940527  BestError=0.85552263  BestAge=5  Time=62.1 Seconds  Run Time=312.8 Seconds
FIRESTARTER_EVOLVE_GPU: Seed=0  Index=   0  Id=   0  Generation=  5  Age=  1  Evolution= 0  Weight=0.00000000  Old Result=10.00000000 >New Result=0.11940527  Best=0.11940527  BestError=0.85552263  BestAge=6  Time=62.1 Seconds  Run Time=374.9 Seconds
FIRESTARTER_EVOLVE_GPU: Seed=0  Index=   0  Id=   0  Generation=  6  Age=  1  Evolution= 0  Weight=0.00000000  Old Result=10.00000000 >New Result=0.11940527  Best=0.11940527  BestError=0.85552263  BestAge=7  Time=62.1 Seconds  Run Time=437.0 Seconds
