CUDA devices = 1
Device 0: NVIDIA GeForce RTX 4090

variations = 1
instructions = 32
registers = 30
opcodes = 2
patternOpcodes = 4

targetMin = 0.000000f
targetMax = 6.283185f
target = 0.000001f

mode = FIRESTARTER_OPTIMIZE
evolveSeed = 1
optimizeSeed = 1
tests = 256
streams = 1
units = 1
states = 1
generations = 0
population = 65536
passes = 512
attempts = 0
optimize = 1

scale = 0.300000f
startScale = 2.500000f
startResult = 10.000000f

FIRESTARTER_OPTIMIZE: Seed=1  Test=46  Generation=  2 *Result=0.00000190  Best=0.00000190   Time=0.1  Run Time=154.4
FIRESTARTER_OPTIMIZE: Seed=1  Test=46  Generation=  3  Result=0.00010437  Best=0.00000190   Time=0.1  Run Time=154.8
FIRESTARTER_OPTIMIZE: Seed=1  Test=46  Generation=  4  Result=0.00031126  Best=0.00000190   Time=0.1  Run Time=155.3
FIRESTARTER_OPTIMIZE: Seed=1  Test=46  Generation=  5  Result=0.00002040  Best=0.00000190   Time=0.1  Run Time=155.7
FIRESTARTER_OPTIMIZE: Seed=1  Test=46  Generation=  6  Result=0.00012767  Best=0.00000190   Time=0.1  Run Time=156.2
FIRESTARTER_OPTIMIZE: Seed=1  Test=46  Generation=  7  Result=0.00104808  Best=0.00000190   Time=0.1  Run Time=156.6
FIRESTARTER_OPTIMIZE: Seed=1  Test=46  Generation=  8  Result=0.00019747  Best=0.00000190   Time=0.1  Run Time=157.0
FIRESTARTER_OPTIMIZE: Seed=1  Test=46  Generation=  9  Result=0.00010406  Best=0.00000190   Time=0.1  Run Time=157.5
FIRESTARTER_OPTIMIZE: Seed=1  Test=46  Generation= 10 *Result=0.00000073  Best=0.00000073   Time=0.1  Run Time=157.9
