CUDA devices = 1
Device 0: NVIDIA GeForce RTX 4090

variations = 1
instructions = 32
registers = 30
opcodes = 2
patternOpcodes = 4

targetMin = 0.000000f
targetMax = 6.283185f
target = 0.000001f

mode = FIRESTARTER_OPTIMIZE
evolveSeed = 1
optimizeSeed = 1
tests = 256
streams = 1
units = 1
states = 1
generations = 0
population = 65536
passes = 384
attempts = 0
optimize = 1

scale = 0.300000f
startScale = 2.500000f
startResult = 10.000000f

FIRESTARTER_OPTIMIZE: Seed=1  Test=37  Generation=  2 *Result=0.00018644  Best=0.00018644   Time=0.1  Run Time=84.9
FIRESTARTER_OPTIMIZE: Seed=1  Test=37  Generation=  3  Result=0.00027522  Best=0.00018644   Time=0.1  Run Time=85.3
FIRESTARTER_OPTIMIZE: Seed=1  Test=37  Generation=  4  Result=0.00023463  Best=0.00018644   Time=0.1  Run Time=85.6
FIRESTARTER_OPTIMIZE: Seed=1  Test=37  Generation=  5 *Result=0.00006852  Best=0.00006852   Time=0.1  Run Time=86.0
FIRESTARTER_OPTIMIZE: Seed=1  Test=37  Generation=  6 *Result=0.00005198  Best=0.00005198   Time=0.1  Run Time=86.3
FIRESTARTER_OPTIMIZE: Seed=1  Test=37  Generation=  7  Result=0.00008659  Best=0.00005198   Time=0.1  Run Time=86.7
FIRESTARTER_OPTIMIZE: Seed=1  Test=37  Generation=  8 *Result=0.00001723  Best=0.00001723   Time=0.1  Run Time=87.1
FIRESTARTER_OPTIMIZE: Seed=1  Test=37  Generation=  9  Result=0.00016856  Best=0.00001723   Time=0.1  Run Time=87.4
FIRESTARTER_OPTIMIZE: Seed=1  Test=37  Generation= 10 *Result=0.00000368  Best=0.00000368   Time=0.1  Run Time=87.8
FIRESTARTER_OPTIMIZE: Seed=1  Test=37  Generation= 11  Result=0.00018370  Best=0.00000368   Time=0.1  Run Time=88.2
FIRESTARTER_OPTIMIZE: Seed=1  Test=37  Generation= 12 *Result=0.00000018  Best=0.00000018   Time=0.1  Run Time=88.5
