CUDA devices = 1
Device 0: NVIDIA GeForce RTX 4090

variations = 1
samples = 15
instructions = 32
registers = 30
opcodes = 2
patternOpcodes = 4

targetMin = 0.000000f
targetMax = 6.283185f
target = 0.000001f

mode = FIRESTARTER_OPTIMIZE
evolveSeed = 0
optimizeSeed = 0
tests = 256
streams = 1
units = 1
states = 1
generations = 0
population = 65536
iterations = 64
passes = 512
candidates = 16
attempts = 0
optimize = 1

scale = 0.300000f
startScale = 2.500000f
startResult = 10.000000f

FIRESTARTER_OPTIMIZE: Seed=0  Test=55  Generation=  2 *Result=0.00005086  Best=0.00005086   Time=0.1  Run Time=219.7
FIRESTARTER_OPTIMIZE: Seed=0  Test=55  Generation=  3 *Result=0.00000209  Best=0.00000209   Time=0.1  Run Time=220.2
FIRESTARTER_OPTIMIZE: Seed=0  Test=55  Generation=  4  Result=0.00008444  Best=0.00000209   Time=0.1  Run Time=220.7
FIRESTARTER_OPTIMIZE: Seed=0  Test=55  Generation=  5  Result=0.00000221  Best=0.00000209   Time=0.1  Run Time=221.1
FIRESTARTER_OPTIMIZE: Seed=0  Test=55  Generation=  6  Result=0.00001734  Best=0.00000209   Time=0.1  Run Time=221.6
FIRESTARTER_OPTIMIZE: Seed=0  Test=55  Generation=  7  Result=0.00039713  Best=0.00000209   Time=0.1  Run Time=222.1
FIRESTARTER_OPTIMIZE: Seed=0  Test=55  Generation=  8  Result=0.00005281  Best=0.00000209   Time=0.1  Run Time=222.6
FIRESTARTER_OPTIMIZE: Seed=0  Test=55  Generation=  9  Result=0.00051176  Best=0.00000209   Time=0.1  Run Time=223.0
FIRESTARTER_OPTIMIZE: Seed=0  Test=55  Generation= 10  Result=0.00002450  Best=0.00000209   Time=0.1  Run Time=223.5
FIRESTARTER_OPTIMIZE: Seed=0  Test=55  Generation= 11  Result=0.00000217  Best=0.00000209   Time=0.1  Run Time=224.0
FIRESTARTER_OPTIMIZE: Seed=0  Test=55  Generation= 12 *Result=0.00000027  Best=0.00000027   Time=0.1  Run Time=224.4
