CUDA devices = 1
Device 0: NVIDIA GeForce RTX 4090

variations = 1
samples = 15
instructions = 32
registers = 30
opcodes = 2
patternOpcodes = 4

targetMin = 0.000000f
targetMax = 6.283185f
target = 0.000001f

mode = FIRESTARTER_OPTIMIZE
evolveSeed = 0
optimizeSeed = 0
tests = 256
streams = 1
units = 1
states = 1
generations = 0
population = 65536
iterations = 64
passes = 512
candidates = 16
attempts = 0
optimize = 1

scale = 0.300000f
startScale = 2.500000f
startResult = 10.000000f

FIRESTARTER_OPTIMIZE: Seed=0  Test=233  Generation=  2 *Result=0.00018832  Best=0.00018832   Time=0.1  Run Time=675.9
FIRESTARTER_OPTIMIZE: Seed=0  Test=233  Generation=  3  Result=0.00027161  Best=0.00018832   Time=0.1  Run Time=676.3
FIRESTARTER_OPTIMIZE: Seed=0  Test=233  Generation=  4  Result=0.00045920  Best=0.00018832   Time=0.1  Run Time=676.7
FIRESTARTER_OPTIMIZE: Seed=0  Test=233  Generation=  5  Result=0.00027693  Best=0.00018832   Time=0.1  Run Time=677.0
FIRESTARTER_OPTIMIZE: Seed=0  Test=233  Generation=  6 *Result=0.00000542  Best=0.00000542   Time=0.1  Run Time=677.4
FIRESTARTER_OPTIMIZE: Seed=0  Test=233  Generation=  7  Result=0.00001562  Best=0.00000542   Time=0.1  Run Time=677.8
FIRESTARTER_OPTIMIZE: Seed=0  Test=233  Generation=  8  Result=0.00001266  Best=0.00000542   Time=0.1  Run Time=678.2
FIRESTARTER_OPTIMIZE: Seed=0  Test=233  Generation=  9  Result=0.00169027  Best=0.00000542   Time=0.1  Run Time=678.7
FIRESTARTER_OPTIMIZE: Seed=0  Test=233  Generation= 10 *Result=0.00000120  Best=0.00000120   Time=0.1  Run Time=679.1
FIRESTARTER_OPTIMIZE: Seed=0  Test=233  Generation= 11  Result=0.00018245  Best=0.00000120   Time=0.1  Run Time=679.6
FIRESTARTER_OPTIMIZE: Seed=0  Test=233  Generation= 12  Result=0.00221043  Best=0.00000120   Time=0.1  Run Time=680.0
FIRESTARTER_OPTIMIZE: Seed=0  Test=233  Generation= 13 *Result=0.00000059  Best=0.00000059   Time=0.1  Run Time=680.5
