CUDA devices = 1
Device 0: NVIDIA GeForce RTX 4090

variations = 1
instructions = 32
registers = 30
opcodes = 2
patternOpcodes = 4

targetMin = 0.000000f
targetMax = 6.283185f
target = 0.000001f

mode = FIRESTARTER_OPTIMIZE
evolveSeed = 1
optimizeSeed = 1
tests = 256
streams = 1
units = 1
states = 1
generations = 0
population = 65536
passes = 384
attempts = 0
optimize = 1

scale = 0.300000f
startScale = 2.500000f
startResult = 10.000000f

FIRESTARTER_OPTIMIZE: Seed=1  Test=16  Generation=  2 *Result=0.00003478  Best=0.00003478   Time=0.1  Run Time=37.9
FIRESTARTER_OPTIMIZE: Seed=1  Test=16  Generation=  3  Result=0.00007707  Best=0.00003478   Time=0.1  Run Time=38.1
FIRESTARTER_OPTIMIZE: Seed=1  Test=16  Generation=  4  Result=0.00057300  Best=0.00003478   Time=0.1  Run Time=38.4
FIRESTARTER_OPTIMIZE: Seed=1  Test=16  Generation=  5 *Result=0.00001411  Best=0.00001411   Time=0.1  Run Time=38.7
FIRESTARTER_OPTIMIZE: Seed=1  Test=16  Generation=  6  Result=0.00014808  Best=0.00001411   Time=0.1  Run Time=39.0
FIRESTARTER_OPTIMIZE: Seed=1  Test=16  Generation=  7  Result=0.00022799  Best=0.00001411   Time=0.1  Run Time=39.3
FIRESTARTER_OPTIMIZE: Seed=1  Test=16  Generation=  8  Result=0.00013611  Best=0.00001411   Time=0.1  Run Time=39.6
FIRESTARTER_OPTIMIZE: Seed=1  Test=16  Generation=  9  Result=0.00226141  Best=0.00001411   Time=0.1  Run Time=39.9
FIRESTARTER_OPTIMIZE: Seed=1  Test=16  Generation= 10  Result=0.00001897  Best=0.00001411   Time=0.1  Run Time=40.2
FIRESTARTER_OPTIMIZE: Seed=1  Test=16  Generation= 11 *Result=0.00000055  Best=0.00000055   Time=0.1  Run Time=40.6
