CUDA devices = 1
Device 0: NVIDIA GeForce RTX 4090

variations = 1
samples = 15
instructions = 32
registers = 30
opcodes = 2
patternOpcodes = 4

targetMin = 0.000000f
targetMax = 6.283185f
target = 0.000001f

mode = FIRESTARTER_OPTIMIZE
evolveSeed = 0
optimizeSeed = 0
tests = 256
streams = 1
units = 1
states = 1
generations = 0
population = 65536
iterations = 64
passes = 512
candidates = 16
attempts = 0
optimize = 1

scale = 0.300000f
startScale = 2.500000f
startResult = 10.000000f

FIRESTARTER_OPTIMIZE: Seed=0  Test=70  Generation=  2 *Result=0.00010254  Best=0.00010254   Time=0.1  Run Time=210.7
FIRESTARTER_OPTIMIZE: Seed=0  Test=70  Generation=  3  Result=0.00108378  Best=0.00010254   Time=0.1  Run Time=211.0
FIRESTARTER_OPTIMIZE: Seed=0  Test=70  Generation=  4 *Result=0.00003463  Best=0.00003463   Time=0.1  Run Time=211.4
FIRESTARTER_OPTIMIZE: Seed=0  Test=70  Generation=  5  Result=0.00022785  Best=0.00003463   Time=0.1  Run Time=211.8
FIRESTARTER_OPTIMIZE: Seed=0  Test=70  Generation=  6  Result=0.00058397  Best=0.00003463   Time=0.1  Run Time=212.1
FIRESTARTER_OPTIMIZE: Seed=0  Test=70  Generation=  7  Result=0.00005230  Best=0.00003463   Time=0.1  Run Time=212.5
FIRESTARTER_OPTIMIZE: Seed=0  Test=70  Generation=  8  Result=0.00021982  Best=0.00003463   Time=0.1  Run Time=212.9
FIRESTARTER_OPTIMIZE: Seed=0  Test=70  Generation=  9  Result=0.00155153  Best=0.00003463   Time=0.1  Run Time=213.2
FIRESTARTER_OPTIMIZE: Seed=0  Test=70  Generation= 10 *Result=0.00001612  Best=0.00001612   Time=0.1  Run Time=213.6
FIRESTARTER_OPTIMIZE: Seed=0  Test=70  Generation= 11  Result=0.00106587  Best=0.00001612   Time=0.1  Run Time=213.9
FIRESTARTER_OPTIMIZE: Seed=0  Test=70  Generation= 12 *Result=0.00000021  Best=0.00000021   Time=0.1  Run Time=214.3
