CUDA devices = 1
Device 0: NVIDIA GeForce RTX 4090

variations = 1
samples = 15
instructions = 32
registers = 30
opcodes = 2
patternOpcodes = 4

targetMin = 0.000000f
targetMax = 6.283185f
target = 0.000001f

mode = FIRESTARTER_OPTIMIZE
evolveSeed = 123
optimizeSeed = 123
tests = 256
streams = 1
units = 1
states = 1
generations = 0
population = 65536
iterations = 64
passes = 512
candidates = 16
attempts = 0
optimize = 1

scale = 0.300000f
startScale = 2.500000f
startResult = 10.000000f

FIRESTARTER_OPTIMIZE: Seed=123  Test=142  Generation=  2 *Result=0.00005195  Best=0.00005195   Time=0.1  Run Time=453.0
FIRESTARTER_OPTIMIZE: Seed=123  Test=142  Generation=  3  Result=0.00026284  Best=0.00005195   Time=0.1  Run Time=453.4
FIRESTARTER_OPTIMIZE: Seed=123  Test=142  Generation=  4  Result=0.00010960  Best=0.00005195   Time=0.1  Run Time=453.7
FIRESTARTER_OPTIMIZE: Seed=123  Test=142  Generation=  5 *Result=0.00000781  Best=0.00000781   Time=0.1  Run Time=454.1
FIRESTARTER_OPTIMIZE: Seed=123  Test=142  Generation=  6  Result=0.00003355  Best=0.00000781   Time=0.1  Run Time=454.5
FIRESTARTER_OPTIMIZE: Seed=123  Test=142  Generation=  7 *Result=0.00000267  Best=0.00000267   Time=0.1  Run Time=454.9
FIRESTARTER_OPTIMIZE: Seed=123  Test=142  Generation=  8  Result=0.00018365  Best=0.00000267   Time=0.1  Run Time=455.4
FIRESTARTER_OPTIMIZE: Seed=123  Test=142  Generation=  9  Result=0.00081082  Best=0.00000267   Time=0.1  Run Time=455.8
FIRESTARTER_OPTIMIZE: Seed=123  Test=142  Generation= 10 *Result=0.00000023  Best=0.00000023   Time=0.1  Run Time=456.2
