CUDA devices = 1
Device 0: NVIDIA GeForce RTX 4090

variations = 1
samples = 15
instructions = 32
registers = 30
opcodes = 2
patternOpcodes = 4

targetMin = 0.000000f
targetMax = 6.283185f
target = 0.000001f

mode = FIRESTARTER_OPTIMIZE
evolveSeed = 123
optimizeSeed = 123
tests = 256
streams = 1
units = 1
states = 1
generations = 0
population = 65536
iterations = 64
passes = 512
candidates = 16
attempts = 0
optimize = 1

scale = 0.300000f
startScale = 2.500000f
startResult = 10.000000f

FIRESTARTER_OPTIMIZE: Seed=123  Test=127  Generation=  2 *Result=0.00005251  Best=0.00005251   Time=0.1  Run Time=389.5
FIRESTARTER_OPTIMIZE: Seed=123  Test=127  Generation=  3 *Result=0.00000243  Best=0.00000243   Time=0.1  Run Time=389.9
FIRESTARTER_OPTIMIZE: Seed=123  Test=127  Generation=  4  Result=0.00092659  Best=0.00000243   Time=0.1  Run Time=390.4
FIRESTARTER_OPTIMIZE: Seed=123  Test=127  Generation=  5  Result=0.00200744  Best=0.00000243   Time=0.1  Run Time=390.8
FIRESTARTER_OPTIMIZE: Seed=123  Test=127  Generation=  6  Result=0.00010806  Best=0.00000243   Time=0.1  Run Time=391.3
FIRESTARTER_OPTIMIZE: Seed=123  Test=127  Generation=  7  Result=0.00024490  Best=0.00000243   Time=0.1  Run Time=391.7
FIRESTARTER_OPTIMIZE: Seed=123  Test=127  Generation=  8  Result=0.00221334  Best=0.00000243   Time=0.1  Run Time=392.1
FIRESTARTER_OPTIMIZE: Seed=123  Test=127  Generation=  9  Result=0.00001680  Best=0.00000243   Time=0.1  Run Time=392.6
FIRESTARTER_OPTIMIZE: Seed=123  Test=127  Generation= 10  Result=0.00001547  Best=0.00000243   Time=0.1  Run Time=393.0
FIRESTARTER_OPTIMIZE: Seed=123  Test=127  Generation= 11 *Result=0.00000040  Best=0.00000040   Time=0.1  Run Time=393.4
