CUDA devices = 1
Device 0: NVIDIA GeForce RTX 4090

variations = 1
instructions = 32
registers = 30
opcodes = 2
patternOpcodes = 4

targetMin = 0.000000f
targetMax = 6.283185f
target = 0.000001f

mode = FIRESTARTER_OPTIMIZE
evolveSeed = 0
optimizeSeed = 0
tests = 256
streams = 1
units = 1
states = 1
generations = 0
population = 65536
passes = 384
attempts = 0
optimize = 1

scale = 0.300000f
startScale = 2.500000f
startResult = 10.000000f

FIRESTARTER_OPTIMIZE: Seed=0  Test=171  Generation=  1 *Result=0.00000357  Best=0.00000357   Time=0.1  Run Time=641.4
FIRESTARTER_OPTIMIZE: Seed=0  Test=171  Generation=  2  Result=0.00004107  Best=0.00000357   Time=0.1  Run Time=641.5
FIRESTARTER_OPTIMIZE: Seed=0  Test=171  Generation=  3  Result=0.00005299  Best=0.00000357   Time=0.1  Run Time=641.7
FIRESTARTER_OPTIMIZE: Seed=0  Test=171  Generation=  4  Result=0.00071365  Best=0.00000357   Time=0.1  Run Time=641.8
FIRESTARTER_OPTIMIZE: Seed=0  Test=171  Generation=  5  Result=0.00003042  Best=0.00000357   Time=0.1  Run Time=642.0
FIRESTARTER_OPTIMIZE: Seed=0  Test=171  Generation=  6  Result=0.00003106  Best=0.00000357   Time=0.1  Run Time=642.1
FIRESTARTER_OPTIMIZE: Seed=0  Test=171  Generation=  7  Result=0.00018734  Best=0.00000357   Time=0.1  Run Time=642.3
FIRESTARTER_OPTIMIZE: Seed=0  Test=171  Generation=  8  Result=0.00003564  Best=0.00000357   Time=0.1  Run Time=642.4
FIRESTARTER_OPTIMIZE: Seed=0  Test=171  Generation=  9 *Result=0.00000031  Best=0.00000031   Time=0.1  Run Time=642.6
