CUDA devices = 1
Device 0: NVIDIA GeForce RTX 4090

variations = 1
samples = 15
instructions = 32
registers = 30
opcodes = 2
patternOpcodes = 4

targetMin = 0.000000f
targetMax = 6.283185f
target = 0.000001f

mode = FIRESTARTER_OPTIMIZE
evolveSeed = 0
optimizeSeed = 0
tests = 256
streams = 1
units = 1
states = 1
generations = 0
population = 65536
iterations = 64
passes = 512
candidates = 16
attempts = 0
optimize = 1

scale = 0.200000f
startScale = 2.500000f
startResult = 10.000000f

FIRESTARTER_OPTIMIZE: Seed=0  Test=117  Generation=  2 *Result=0.00005513  Best=0.00005513   Time=0.1  Run Time=488.8
FIRESTARTER_OPTIMIZE: Seed=0  Test=117  Generation=  3 *Result=0.00000309  Best=0.00000309   Time=0.1  Run Time=489.3
FIRESTARTER_OPTIMIZE: Seed=0  Test=117  Generation=  4  Result=0.00149940  Best=0.00000309   Time=0.1  Run Time=489.7
FIRESTARTER_OPTIMIZE: Seed=0  Test=117  Generation=  5  Result=0.00005836  Best=0.00000309   Time=0.1  Run Time=490.2
FIRESTARTER_OPTIMIZE: Seed=0  Test=117  Generation=  6  Result=0.00003961  Best=0.00000309   Time=0.1  Run Time=490.6
FIRESTARTER_OPTIMIZE: Seed=0  Test=117  Generation=  7  Result=0.00221190  Best=0.00000309   Time=0.1  Run Time=491.0
FIRESTARTER_OPTIMIZE: Seed=0  Test=117  Generation=  8  Result=0.00000577  Best=0.00000309   Time=0.1  Run Time=491.5
FIRESTARTER_OPTIMIZE: Seed=0  Test=117  Generation=  9  Result=0.00004310  Best=0.00000309   Time=0.1  Run Time=491.9
FIRESTARTER_OPTIMIZE: Seed=0  Test=117  Generation= 10  Result=0.00018940  Best=0.00000309   Time=0.1  Run Time=492.4
FIRESTARTER_OPTIMIZE: Seed=0  Test=117  Generation= 11  Result=0.00015570  Best=0.00000309   Time=0.1  Run Time=492.8
FIRESTARTER_OPTIMIZE: Seed=0  Test=117  Generation= 12  Result=0.00023919  Best=0.00000309   Time=0.1  Run Time=493.2
FIRESTARTER_OPTIMIZE: Seed=0  Test=117  Generation= 13  Result=0.00614823  Best=0.00000309   Time=0.1  Run Time=493.7
FIRESTARTER_OPTIMIZE: Seed=0  Test=117  Generation= 14 *Result=0.00000039  Best=0.00000039   Time=0.1  Run Time=494.1
