CUDA devices = 1
Device 0: NVIDIA GeForce RTX 4090

variations = 1
instructions = 32
registers = 30
opcodes = 2
patternOpcodes = 4

targetMin = 0.000000f
targetMax = 6.283185f
target = 0.000001f

mode = FIRESTARTER_OPTIMIZE
evolveSeed = 0
optimizeSeed = 0
tests = 256
streams = 1
units = 1
states = 1
generations = 0
population = 65536
passes = 384
attempts = 0
optimize = 1

scale = 0.300000f
startScale = 2.500000f
startResult = 10.000000f

FIRESTARTER_OPTIMIZE: Seed=0  Test=30  Generation=  2 *Result=0.00002160  Best=0.00002160   Time=0.1  Run Time=73.0
FIRESTARTER_OPTIMIZE: Seed=0  Test=30  Generation=  3 *Result=0.00001383  Best=0.00001383   Time=0.1  Run Time=73.3
FIRESTARTER_OPTIMIZE: Seed=0  Test=30  Generation=  4  Result=0.00002696  Best=0.00001383   Time=0.1  Run Time=73.6
FIRESTARTER_OPTIMIZE: Seed=0  Test=30  Generation=  5  Result=0.00038362  Best=0.00001383   Time=0.1  Run Time=73.9
FIRESTARTER_OPTIMIZE: Seed=0  Test=30  Generation=  6  Result=0.00017961  Best=0.00001383   Time=0.1  Run Time=74.2
FIRESTARTER_OPTIMIZE: Seed=0  Test=30  Generation=  7 *Result=0.00000111  Best=0.00000111   Time=0.1  Run Time=74.5
FIRESTARTER_OPTIMIZE: Seed=0  Test=30  Generation=  8  Result=0.00019240  Best=0.00000111   Time=0.1  Run Time=74.8
FIRESTARTER_OPTIMIZE: Seed=0  Test=30  Generation=  9  Result=0.00014496  Best=0.00000111   Time=0.1  Run Time=75.1
FIRESTARTER_OPTIMIZE: Seed=0  Test=30  Generation= 10  Result=0.00006908  Best=0.00000111   Time=0.1  Run Time=75.4
FIRESTARTER_OPTIMIZE: Seed=0  Test=30  Generation= 11 *Result=0.00000083  Best=0.00000083   Time=0.1  Run Time=75.7
