CUDA devices = 1
Device 0: NVIDIA GeForce RTX 4090

variations = 1
instructions = 32
registers = 30
opcodes = 2
patternOpcodes = 4

targetMin = 0.000000f
targetMax = 6.283185f
target = 0.000001f

mode = FIRESTARTER_OPTIMIZE
evolveSeed = 0
optimizeSeed = 0
tests = 256
streams = 1
units = 1
states = 1
generations = 0
population = 49152
passes = 384
attempts = 0
optimize = 1

scale = 0.300000f
startScale = 2.500000f
startResult = 10.000000f

FIRESTARTER_OPTIMIZE: Seed=0  Test=151  Generation=  2 *Result=0.00002964  Best=0.00002964   Time=0.1  Run Time=390.5
FIRESTARTER_OPTIMIZE: Seed=0  Test=151  Generation=  3 *Result=0.00002372  Best=0.00002372   Time=0.1  Run Time=390.8
FIRESTARTER_OPTIMIZE: Seed=0  Test=151  Generation=  4  Result=0.00065047  Best=0.00002372   Time=0.1  Run Time=391.1
FIRESTARTER_OPTIMIZE: Seed=0  Test=151  Generation=  5  Result=0.00006968  Best=0.00002372   Time=0.1  Run Time=391.4
FIRESTARTER_OPTIMIZE: Seed=0  Test=151  Generation=  6  Result=0.00027324  Best=0.00002372   Time=0.1  Run Time=391.7
FIRESTARTER_OPTIMIZE: Seed=0  Test=151  Generation=  7  Result=0.00004649  Best=0.00002372   Time=0.1  Run Time=392.0
FIRESTARTER_OPTIMIZE: Seed=0  Test=151  Generation=  8 *Result=0.00000009  Best=0.00000009   Time=0.1  Run Time=392.4
