CUDA devices = 1
Device 0: NVIDIA GeForce RTX 4090

variations = 1
instructions = 32
registers = 30
opcodes = 2
patternOpcodes = 4

targetMin = 0.000000f
targetMax = 6.283185f
target = 0.000001f

mode = FIRESTARTER_OPTIMIZE
evolveSeed = 2
optimizeSeed = 2
tests = 256
streams = 1
units = 1
states = 1
generations = 0
population = 65536
passes = 384
attempts = 0
optimize = 1

scale = 0.300000f
startScale = 2.500000f
startResult = 10.000000f

FIRESTARTER_OPTIMIZE: Seed=2  Test=70  Generation=  2 *Result=0.00002505  Best=0.00002505   Time=0.1  Run Time=151.6
FIRESTARTER_OPTIMIZE: Seed=2  Test=70  Generation=  3  Result=0.00057793  Best=0.00002505   Time=0.1  Run Time=151.8
FIRESTARTER_OPTIMIZE: Seed=2  Test=70  Generation=  4  Result=0.00065447  Best=0.00002505   Time=0.1  Run Time=152.1
FIRESTARTER_OPTIMIZE: Seed=2  Test=70  Generation=  5  Result=0.00003441  Best=0.00002505   Time=0.1  Run Time=152.4
FIRESTARTER_OPTIMIZE: Seed=2  Test=70  Generation=  6 *Result=0.00001074  Best=0.00001074   Time=0.1  Run Time=152.7
FIRESTARTER_OPTIMIZE: Seed=2  Test=70  Generation=  7  Result=0.00035083  Best=0.00001074   Time=0.1  Run Time=153.0
FIRESTARTER_OPTIMIZE: Seed=2  Test=70  Generation=  8  Result=0.00007997  Best=0.00001074   Time=0.1  Run Time=153.3
FIRESTARTER_OPTIMIZE: Seed=2  Test=70  Generation=  9  Result=0.00113803  Best=0.00001074   Time=0.1  Run Time=153.6
FIRESTARTER_OPTIMIZE: Seed=2  Test=70  Generation= 10 *Result=0.00000024  Best=0.00000024   Time=0.1  Run Time=153.9
