CUDA devices = 1
Device 0: NVIDIA GeForce RTX 4090

variations = 1
instructions = 32
registers = 30
opcodes = 2
patternOpcodes = 4

targetMin = 0.000000f
targetMax = 6.283185f
target = 0.000001f

mode = FIRESTARTER_OPTIMIZE
evolveSeed = 0
optimizeSeed = 0
tests = 256
streams = 1
units = 1
states = 1
generations = 0
population = 32768
passes = 512
attempts = 0
optimize = 1

scale = 0.300000f
startScale = 2.500000f
startResult = 10.000000f

FIRESTARTER_OPTIMIZE: Seed=0  Test=230  Generation=  2 *Result=0.00032383  Best=0.00032383   Time=0.1  Run Time=730.6
FIRESTARTER_OPTIMIZE: Seed=0  Test=230  Generation=  3  Result=0.00074947  Best=0.00032383   Time=0.1  Run Time=730.9
FIRESTARTER_OPTIMIZE: Seed=0  Test=230  Generation=  4 *Result=0.00000241  Best=0.00000241   Time=0.1  Run Time=731.2
FIRESTARTER_OPTIMIZE: Seed=0  Test=230  Generation=  5  Result=0.00064556  Best=0.00000241   Time=0.1  Run Time=731.5
FIRESTARTER_OPTIMIZE: Seed=0  Test=230  Generation=  6  Result=0.00003935  Best=0.00000241   Time=0.1  Run Time=731.8
FIRESTARTER_OPTIMIZE: Seed=0  Test=230  Generation=  7  Result=0.00005277  Best=0.00000241   Time=0.1  Run Time=732.1
FIRESTARTER_OPTIMIZE: Seed=0  Test=230  Generation=  8  Result=0.00011514  Best=0.00000241   Time=0.1  Run Time=732.4
FIRESTARTER_OPTIMIZE: Seed=0  Test=230  Generation=  9  Result=0.00013085  Best=0.00000241   Time=0.1  Run Time=732.7
FIRESTARTER_OPTIMIZE: Seed=0  Test=230  Generation= 10 *Result=0.00000006  Best=0.00000006   Time=0.1  Run Time=733.0
