CUDA devices = 1
Device 0: NVIDIA GeForce RTX 4090

variations = 1
instructions = 32
registers = 30
opcodes = 2
patternOpcodes = 4

targetMin = 0.000000f
targetMax = 6.283185f
target = 0.000001f

mode = FIRESTARTER_OPTIMIZE
evolveSeed = 2
optimizeSeed = 2
tests = 256
streams = 1
units = 1
states = 1
generations = 0
population = 65536
passes = 384
attempts = 0
optimize = 1

scale = 0.300000f
startScale = 2.500000f
startResult = 10.000000f

FIRESTARTER_OPTIMIZE: Seed=2  Test=62  Generation=  2 *Result=0.00004534  Best=0.00004534   Time=0.1  Run Time=132.6
FIRESTARTER_OPTIMIZE: Seed=2  Test=62  Generation=  3 *Result=0.00000668  Best=0.00000668   Time=0.1  Run Time=132.9
FIRESTARTER_OPTIMIZE: Seed=2  Test=62  Generation=  4  Result=0.00001299  Best=0.00000668   Time=0.1  Run Time=133.2
FIRESTARTER_OPTIMIZE: Seed=2  Test=62  Generation=  5 *Result=0.00000587  Best=0.00000587   Time=0.1  Run Time=133.5
FIRESTARTER_OPTIMIZE: Seed=2  Test=62  Generation=  6  Result=0.00222188  Best=0.00000587   Time=0.1  Run Time=133.8
FIRESTARTER_OPTIMIZE: Seed=2  Test=62  Generation=  7 *Result=0.00000016  Best=0.00000016   Time=0.1  Run Time=134.1
