CUDA devices = 1
Device 0: NVIDIA GeForce RTX 4090

variations = 1
instructions = 32
registers = 30
opcodes = 2
patternOpcodes = 4

targetMin = 0.000000f
targetMax = 6.283185f
target = 0.000001f

mode = FIRESTARTER_OPTIMIZE
evolveSeed = 0
optimizeSeed = 0
tests = 256
streams = 1
units = 1
states = 1
generations = 0
population = 65536
passes = 384
attempts = 0
optimize = 1

scale = 0.300000f
startScale = 2.500000f
startResult = 10.000000f

FIRESTARTER_OPTIMIZE: Seed=0  Test=55  Generation=  2 *Result=0.00018376  Best=0.00018376   Time=0.1  Run Time=152.4
FIRESTARTER_OPTIMIZE: Seed=0  Test=55  Generation=  3  Result=0.00026085  Best=0.00018376   Time=0.1  Run Time=152.7
FIRESTARTER_OPTIMIZE: Seed=0  Test=55  Generation=  4 *Result=0.00018104  Best=0.00018104   Time=0.1  Run Time=153.1
FIRESTARTER_OPTIMIZE: Seed=0  Test=55  Generation=  5  Result=0.00113087  Best=0.00018104   Time=0.1  Run Time=153.4
FIRESTARTER_OPTIMIZE: Seed=0  Test=55  Generation=  6  Result=0.00046396  Best=0.00018104   Time=0.1  Run Time=153.7
FIRESTARTER_OPTIMIZE: Seed=0  Test=55  Generation=  7 *Result=0.00005129  Best=0.00005129   Time=0.1  Run Time=154.1
FIRESTARTER_OPTIMIZE: Seed=0  Test=55  Generation=  8 *Result=0.00000945  Best=0.00000945   Time=0.1  Run Time=154.4
FIRESTARTER_OPTIMIZE: Seed=0  Test=55  Generation=  9 *Result=0.00000011  Best=0.00000011   Time=0.1  Run Time=154.7
