CUDA devices = 1
Device 0: NVIDIA GeForce RTX 4090

variations = 1
samples = 15
instructions = 24
registers = 24
opcodes = 2
patternOpcodes = 4

targetMin = 0.000000f
targetMax = 6.283185f
target = 0.000001f

mode = FIRESTARTER_OPTIMIZE
evolveSeed = 0
optimizeSeed = 0
tests = 256
streams = 1
units = 1
states = 1
generations = 0
population = 65536
iterations = 64
passes = 512
candidates = 16
attempts = 0
optimize = 1

scale = 0.300000f
startScale = 2.500000f
startResult = 10.000000f

FIRESTARTER_OPTIMIZE: Seed=0  Test=19  Generation=  2 *Result=0.00005203  Best=0.00005203   Time=0.1  Run Time=79.2
FIRESTARTER_OPTIMIZE: Seed=0  Test=19  Generation=  3  Result=0.00143772  Best=0.00005203   Time=0.1  Run Time=79.6
FIRESTARTER_OPTIMIZE: Seed=0  Test=19  Generation=  4 *Result=0.00000249  Best=0.00000249   Time=0.1  Run Time=80.0
FIRESTARTER_OPTIMIZE: Seed=0  Test=19  Generation=  5  Result=0.00057973  Best=0.00000249   Time=0.1  Run Time=80.3
FIRESTARTER_OPTIMIZE: Seed=0  Test=19  Generation=  6  Result=0.00023148  Best=0.00000249   Time=0.1  Run Time=80.7
FIRESTARTER_OPTIMIZE: Seed=0  Test=19  Generation=  7  Result=0.00210537  Best=0.00000249   Time=0.1  Run Time=81.1
FIRESTARTER_OPTIMIZE: Seed=0  Test=19  Generation=  8  Result=0.00000253  Best=0.00000249   Time=0.1  Run Time=81.5
FIRESTARTER_OPTIMIZE: Seed=0  Test=19  Generation=  9  Result=0.00005248  Best=0.00000249   Time=0.1  Run Time=81.9
