CUDA devices = 1
Device 0: NVIDIA GeForce RTX 4090

variations = 1
instructions = 32
registers = 30
opcodes = 2
patternOpcodes = 4

targetMin = 0.000000f
targetMax = 6.283185f
target = 0.000001f

mode = FIRESTARTER_OPTIMIZE
evolveSeed = 0
optimizeSeed = 0
tests = 256
streams = 1
units = 1
states = 1
generations = 0
population = 65536
passes = 512
attempts = 0
optimize = 1

scale = 0.300000f
startScale = 2.500000f
startResult = 10.000000f

FIRESTARTER_OPTIMIZE: Seed=0  Test=100  Generation=  2 *Result=0.00025210  Best=0.00025210   Time=0.1  Run Time=270.4
FIRESTARTER_OPTIMIZE: Seed=0  Test=100  Generation=  3 *Result=0.00003340  Best=0.00003340   Time=0.1  Run Time=270.8
FIRESTARTER_OPTIMIZE: Seed=0  Test=100  Generation=  4  Result=0.00077088  Best=0.00003340   Time=0.1  Run Time=271.1
FIRESTARTER_OPTIMIZE: Seed=0  Test=100  Generation=  5  Result=0.00149590  Best=0.00003340   Time=0.1  Run Time=271.5
FIRESTARTER_OPTIMIZE: Seed=0  Test=100  Generation=  6  Result=0.00063980  Best=0.00003340   Time=0.1  Run Time=271.9
FIRESTARTER_OPTIMIZE: Seed=0  Test=100  Generation=  7  Result=0.00045379  Best=0.00003340   Time=0.1  Run Time=272.3
FIRESTARTER_OPTIMIZE: Seed=0  Test=100  Generation=  8 *Result=0.00001144  Best=0.00001144   Time=0.1  Run Time=272.7
FIRESTARTER_OPTIMIZE: Seed=0  Test=100  Generation=  9  Result=0.00017554  Best=0.00001144   Time=0.1  Run Time=273.1
FIRESTARTER_OPTIMIZE: Seed=0  Test=100  Generation= 10  Result=0.00042096  Best=0.00001144   Time=0.1  Run Time=273.4
FIRESTARTER_OPTIMIZE: Seed=0  Test=100  Generation= 11  Result=0.00005621  Best=0.00001144   Time=0.1  Run Time=273.8
FIRESTARTER_OPTIMIZE: Seed=0  Test=100  Generation= 12 *Result=0.00000022  Best=0.00000022   Time=0.1  Run Time=274.2
