CUDA devices = 1
Device 0: NVIDIA GeForce RTX 4090

variations = 1
instructions = 32
registers = 30
opcodes = 2
patternOpcodes = 4

targetMin = 0.000000f
targetMax = 6.283185f
target = 0.000001f

mode = FIRESTARTER_OPTIMIZE
evolveSeed = 0
optimizeSeed = 0
tests = 256
streams = 1
units = 1
states = 1
generations = 0
population = 65536
passes = 384
attempts = 0
optimize = 1

scale = 0.300000f
startScale = 2.500000f
startResult = 10.000000f

FIRESTARTER_OPTIMIZE: Seed=0  Test=133  Generation=  1 *Result=0.00000343  Best=0.00000343   Time=0.1  Run Time=398.5
FIRESTARTER_OPTIMIZE: Seed=0  Test=133  Generation=  2  Result=0.00001529  Best=0.00000343   Time=0.1  Run Time=398.6
FIRESTARTER_OPTIMIZE: Seed=0  Test=133  Generation=  3  Result=0.00005245  Best=0.00000343   Time=0.1  Run Time=398.9
FIRESTARTER_OPTIMIZE: Seed=0  Test=133  Generation=  4  Result=0.00036548  Best=0.00000343   Time=0.1  Run Time=399.0
FIRESTARTER_OPTIMIZE: Seed=0  Test=133  Generation=  5  Result=0.00006426  Best=0.00000343   Time=0.1  Run Time=399.3
FIRESTARTER_OPTIMIZE: Seed=0  Test=133  Generation=  6  Result=0.00616530  Best=0.00000343   Time=0.1  Run Time=399.4
FIRESTARTER_OPTIMIZE: Seed=0  Test=133  Generation=  7  Result=0.00014943  Best=0.00000343   Time=0.1  Run Time=399.6
FIRESTARTER_OPTIMIZE: Seed=0  Test=133  Generation=  8  Result=0.00047350  Best=0.00000343   Time=0.1  Run Time=399.7
FIRESTARTER_OPTIMIZE: Seed=0  Test=133  Generation=  9  Result=0.00001454  Best=0.00000343   Time=0.1  Run Time=400.0
FIRESTARTER_OPTIMIZE: Seed=0  Test=133  Generation= 10  Result=0.00026294  Best=0.00000343   Time=0.1  Run Time=400.1
FIRESTARTER_OPTIMIZE: Seed=0  Test=133  Generation= 11 *Result=0.00000096  Best=0.00000096   Time=0.1  Run Time=400.3
