CUDA devices = 1
Device 0: NVIDIA GeForce RTX 4090

variations = 1
instructions = 32
registers = 30
opcodes = 2
patternOpcodes = 4

targetMin = 0.000000f
targetMax = 6.283185f
target = 0.000001f

mode = FIRESTARTER_OPTIMIZE
evolveSeed = 0
optimizeSeed = 0
tests = 256
streams = 1
units = 1
states = 1
generations = 0
population = 65536
passes = 384
attempts = 0
optimize = 1

scale = 0.300000f
startScale = 2.500000f
startResult = 10.000000f

FIRESTARTER_OPTIMIZE: Seed=0  Test=158  Generation=  2 *Result=0.00000531  Best=0.00000531   Time=0.1  Run Time=401.8
FIRESTARTER_OPTIMIZE: Seed=0  Test=158  Generation=  3  Result=0.00048921  Best=0.00000531   Time=0.1  Run Time=402.2
FIRESTARTER_OPTIMIZE: Seed=0  Test=158  Generation=  4  Result=0.00004580  Best=0.00000531   Time=0.1  Run Time=402.5
FIRESTARTER_OPTIMIZE: Seed=0  Test=158  Generation=  5  Result=0.00013216  Best=0.00000531   Time=0.1  Run Time=402.8
FIRESTARTER_OPTIMIZE: Seed=0  Test=158  Generation=  6  Result=0.00007886  Best=0.00000531   Time=0.1  Run Time=403.1
FIRESTARTER_OPTIMIZE: Seed=0  Test=158  Generation=  7  Result=0.00007908  Best=0.00000531   Time=0.1  Run Time=403.5
FIRESTARTER_OPTIMIZE: Seed=0  Test=158  Generation=  8 *Result=0.00000042  Best=0.00000042   Time=0.1  Run Time=403.8
