CUDA devices = 1
Device 0: NVIDIA GeForce RTX 4090

variations = 1
samples = 15
instructions = 32
registers = 30
opcodes = 2
patternOpcodes = 4

targetMin = 0.000000f
targetMax = 6.283185f
target = 0.000001f

mode = FIRESTARTER_OPTIMIZE
evolveSeed = 0
optimizeSeed = 0
tests = 256
streams = 1
units = 1
states = 1
generations = 0
population = 65536
iterations = 64
passes = 512
candidates = 16
attempts = 0
optimize = 1

scale = 0.150000f
startScale = 2.500000f
startResult = 10.000000f

FIRESTARTER_OPTIMIZE: Seed=0  Test=240  Generation=  2 *Result=0.00115919  Best=0.00115919   Time=0.1  Run Time=1203.6
FIRESTARTER_OPTIMIZE: Seed=0  Test=240  Generation=  3 *Result=0.00000316  Best=0.00000316   Time=0.1  Run Time=1204.0
FIRESTARTER_OPTIMIZE: Seed=0  Test=240  Generation=  4  Result=0.00018779  Best=0.00000316   Time=0.1  Run Time=1204.5
FIRESTARTER_OPTIMIZE: Seed=0  Test=240  Generation=  5  Result=0.00030565  Best=0.00000316   Time=0.1  Run Time=1204.9
FIRESTARTER_OPTIMIZE: Seed=0  Test=240  Generation=  6  Result=0.00019997  Best=0.00000316   Time=0.1  Run Time=1205.3
FIRESTARTER_OPTIMIZE: Seed=0  Test=240  Generation=  7  Result=0.00613913  Best=0.00000316   Time=0.1  Run Time=1205.8
FIRESTARTER_OPTIMIZE: Seed=0  Test=240  Generation=  8  Result=0.00001478  Best=0.00000316   Time=0.1  Run Time=1206.3
FIRESTARTER_OPTIMIZE: Seed=0  Test=240  Generation=  9  Result=0.00614534  Best=0.00000316   Time=0.1  Run Time=1206.7
FIRESTARTER_OPTIMIZE: Seed=0  Test=240  Generation= 10  Result=0.00223435  Best=0.00000316   Time=0.1  Run Time=1207.2
FIRESTARTER_OPTIMIZE: Seed=0  Test=240  Generation= 11  Result=0.00009115  Best=0.00000316   Time=0.1  Run Time=1207.6
FIRESTARTER_OPTIMIZE: Seed=0  Test=240  Generation= 12  Result=0.00010557  Best=0.00000316   Time=0.1  Run Time=1208.1
FIRESTARTER_OPTIMIZE: Seed=0  Test=240  Generation= 13  Result=0.00002574  Best=0.00000316   Time=0.1  Run Time=1208.6
FIRESTARTER_OPTIMIZE: Seed=0  Test=240  Generation= 14 *Result=0.00000097  Best=0.00000097   Time=0.1  Run Time=1209.0
