CUDA devices = 1
Device 0: NVIDIA GeForce RTX 2080 Ti

variations = 1
instructions = 32
registers = 30
opcodes = 2
patternOpcodes = 4

targetMin = 0.000000f
targetMax = 6.283185f
target = 0.000001f

mode = FIRESTARTER_OPTIMIZE
evolveSeed = 0
optimizeSeed = 0
tests = 256
streams = 1
units = 1
states = 1
generations = 0
population = 65536
passes = 384
attempts = 0
optimize = 1

scale = 0.300000f
startScale = 2.500000f
startResult = 10.000000f

FIRESTARTER_OPTIMIZE: Seed=0  Test=101  Generation=  2 *Result=0.00016965  Best=0.00016965   Time=0.2  Run Time=708.4
FIRESTARTER_OPTIMIZE: Seed=0  Test=101  Generation=  3 *Result=0.00007742  Best=0.00007742   Time=0.2  Run Time=709.3
FIRESTARTER_OPTIMIZE: Seed=0  Test=101  Generation=  4  Result=0.00020457  Best=0.00007742   Time=0.3  Run Time=710.2
FIRESTARTER_OPTIMIZE: Seed=0  Test=101  Generation=  5 *Result=0.00000327  Best=0.00000327   Time=0.2  Run Time=711.1
FIRESTARTER_OPTIMIZE: Seed=0  Test=101  Generation=  6 *Result=0.00000119  Best=0.00000119   Time=0.2  Run Time=712.0
FIRESTARTER_OPTIMIZE: Seed=0  Test=101  Generation=  7 *Result=0.00000083  Best=0.00000083   Time=0.3  Run Time=712.9
