CUDA devices = 1
Device 0: NVIDIA GeForce RTX 4090

variations = 1
samples = 15
instructions = 32
registers = 30
opcodes = 2
patternOpcodes = 4

targetMin = 0.000000f
targetMax = 6.283185f
target = 0.000001f

mode = FIRESTARTER_OPTIMIZE
evolveSeed = 0
optimizeSeed = 0
tests = 256
streams = 1
units = 1
states = 1
generations = 0
population = 65536
iterations = 64
passes = 512
candidates = 16
attempts = 0
optimize = 1

scale = 0.100000f
startScale = 4.000000f
startResult = 10.000000f

FIRESTARTER_OPTIMIZE: Seed=0  Test=26  Generation=  2 *Result=0.00616067  Best=0.00616067   Time=0.1  Run Time=250.8
FIRESTARTER_OPTIMIZE: Seed=0  Test=26  Generation=  3 *Result=0.00099319  Best=0.00099319   Time=0.1  Run Time=251.3
FIRESTARTER_OPTIMIZE: Seed=0  Test=26  Generation=  4  Result=0.00614662  Best=0.00099319   Time=0.1  Run Time=251.7
FIRESTARTER_OPTIMIZE: Seed=0  Test=26  Generation=  5 *Result=0.00000891  Best=0.00000891   Time=0.1  Run Time=252.2
FIRESTARTER_OPTIMIZE: Seed=0  Test=26  Generation=  6  Result=0.00076681  Best=0.00000891   Time=0.1  Run Time=252.7
FIRESTARTER_OPTIMIZE: Seed=0  Test=26  Generation=  7  Result=0.00007606  Best=0.00000891   Time=0.1  Run Time=253.1
FIRESTARTER_OPTIMIZE: Seed=0  Test=26  Generation=  8  Result=0.00017691  Best=0.00000891   Time=0.1  Run Time=253.6
FIRESTARTER_OPTIMIZE: Seed=0  Test=26  Generation=  9  Result=0.00004906  Best=0.00000891   Time=0.1  Run Time=254.1
FIRESTARTER_OPTIMIZE: Seed=0  Test=26  Generation= 10  Result=0.00137064  Best=0.00000891   Time=0.1  Run Time=254.5
FIRESTARTER_OPTIMIZE: Seed=0  Test=26  Generation= 11  Result=0.00238648  Best=0.00000891   Time=0.1  Run Time=255.0
FIRESTARTER_OPTIMIZE: Seed=0  Test=26  Generation= 12  Result=0.00614416  Best=0.00000891   Time=0.1  Run Time=255.5
FIRESTARTER_OPTIMIZE: Seed=0  Test=26  Generation= 13 *Result=0.00000011  Best=0.00000011   Time=0.1  Run Time=255.9
