CUDA devices = 1
Device 0: NVIDIA GeForce RTX 4090

variations = 1
samples = 15
instructions = 32
registers = 30
opcodes = 2
patternOpcodes = 4

targetMin = 0.000000f
targetMax = 6.283185f
target = 0.000001f

mode = FIRESTARTER_OPTIMIZE
evolveSeed = 0
optimizeSeed = 0
tests = 256
streams = 1
units = 1
states = 1
generations = 0
population = 65536
iterations = 64
passes = 512
candidates = 16
attempts = 0
optimize = 1

scale = 0.100000f
startScale = 2.500000f
startResult = 10.000000f

FIRESTARTER_OPTIMIZE: Seed=0  Test=220  Generation=  2 *Result=0.00016046  Best=0.00016046   Time=0.1  Run Time=1183.2
FIRESTARTER_OPTIMIZE: Seed=0  Test=220  Generation=  3 *Result=0.00001764  Best=0.00001764   Time=0.1  Run Time=1183.6
FIRESTARTER_OPTIMIZE: Seed=0  Test=220  Generation=  4  Result=0.00083360  Best=0.00001764   Time=0.1  Run Time=1184.1
FIRESTARTER_OPTIMIZE: Seed=0  Test=220  Generation=  5  Result=0.00018913  Best=0.00001764   Time=0.1  Run Time=1184.5
FIRESTARTER_OPTIMIZE: Seed=0  Test=220  Generation=  6  Result=0.00221026  Best=0.00001764   Time=0.1  Run Time=1185.0
FIRESTARTER_OPTIMIZE: Seed=0  Test=220  Generation=  7  Result=0.00020142  Best=0.00001764   Time=0.1  Run Time=1185.4
FIRESTARTER_OPTIMIZE: Seed=0  Test=220  Generation=  8  Result=0.00031869  Best=0.00001764   Time=0.1  Run Time=1185.9
FIRESTARTER_OPTIMIZE: Seed=0  Test=220  Generation=  9  Result=0.00002313  Best=0.00001764   Time=0.1  Run Time=1186.3
FIRESTARTER_OPTIMIZE: Seed=0  Test=220  Generation= 10  Result=0.00613949  Best=0.00001764   Time=0.1  Run Time=1186.7
FIRESTARTER_OPTIMIZE: Seed=0  Test=220  Generation= 11 *Result=0.00000012  Best=0.00000012   Time=0.1  Run Time=1187.2
