CUDA devices = 1
Device 0: NVIDIA GeForce RTX 4090

variations = 1
instructions = 32
registers = 30
opcodes = 2
patternOpcodes = 4

targetMin = 0.000000f
targetMax = 6.283185f
target = 0.000001f

mode = FIRESTARTER_OPTIMIZE
evolveSeed = 0
optimizeSeed = 0
tests = 256
streams = 1
units = 1
states = 1
generations = 0
population = 49152
passes = 512
attempts = 0
optimize = 1

scale = 0.300000f
startScale = 2.500000f
startResult = 10.000000f

FIRESTARTER_OPTIMIZE: Seed=0  Test=54  Generation=  2 *Result=0.00004246  Best=0.00004246   Time=0.1  Run Time=136.3
FIRESTARTER_OPTIMIZE: Seed=0  Test=54  Generation=  3 *Result=0.00002307  Best=0.00002307   Time=0.1  Run Time=136.6
FIRESTARTER_OPTIMIZE: Seed=0  Test=54  Generation=  4  Result=0.00028578  Best=0.00002307   Time=0.1  Run Time=137.0
FIRESTARTER_OPTIMIZE: Seed=0  Test=54  Generation=  5  Result=0.00177706  Best=0.00002307   Time=0.1  Run Time=137.3
FIRESTARTER_OPTIMIZE: Seed=0  Test=54  Generation=  6  Result=0.00045860  Best=0.00002307   Time=0.1  Run Time=137.7
FIRESTARTER_OPTIMIZE: Seed=0  Test=54  Generation=  7  Result=0.00005036  Best=0.00002307   Time=0.1  Run Time=138.0
FIRESTARTER_OPTIMIZE: Seed=0  Test=54  Generation=  8 *Result=0.00000048  Best=0.00000048   Time=0.1  Run Time=138.3
