CUDA devices = 1
Device 0: NVIDIA GeForce RTX 4090

variations = 1
instructions = 32
registers = 30
opcodes = 2
patternOpcodes = 4

targetMin = 0.000000f
targetMax = 6.283185f
target = 0.000001f

mode = FIRESTARTER_OPTIMIZE
evolveSeed = 2
optimizeSeed = 2
tests = 256
streams = 1
units = 1
states = 1
generations = 0
population = 65536
passes = 384
attempts = 0
optimize = 1

scale = 0.300000f
startScale = 2.500000f
startResult = 10.000000f

FIRESTARTER_OPTIMIZE: Seed=2  Test=55  Generation=  2 *Result=0.00018573  Best=0.00018573   Time=0.1  Run Time=171.6
FIRESTARTER_OPTIMIZE: Seed=2  Test=55  Generation=  3  Result=0.00030738  Best=0.00018573   Time=0.1  Run Time=172.1
FIRESTARTER_OPTIMIZE: Seed=2  Test=55  Generation=  4  Result=0.00021446  Best=0.00018573   Time=0.1  Run Time=172.5
FIRESTARTER_OPTIMIZE: Seed=2  Test=55  Generation=  5  Result=0.00060743  Best=0.00018573   Time=0.1  Run Time=173.0
FIRESTARTER_OPTIMIZE: Seed=2  Test=55  Generation=  6  Result=0.00059921  Best=0.00018573   Time=0.1  Run Time=173.5
FIRESTARTER_OPTIMIZE: Seed=2  Test=55  Generation=  7 *Result=0.00005110  Best=0.00005110   Time=0.1  Run Time=174.0
FIRESTARTER_OPTIMIZE: Seed=2  Test=55  Generation=  8 *Result=0.00001150  Best=0.00001150   Time=0.1  Run Time=174.4
FIRESTARTER_OPTIMIZE: Seed=2  Test=55  Generation=  9 *Result=0.00000018  Best=0.00000018   Time=0.1  Run Time=174.9
