CUDA devices = 1
Device 0: NVIDIA GeForce RTX 4090

variations = 1
instructions = 32
registers = 30
opcodes = 2
patternOpcodes = 4

targetMin = 0.000000f
targetMax = 6.283185f
target = 0.000001f

mode = FIRESTARTER_OPTIMIZE
evolveSeed = 0
optimizeSeed = 0
tests = 256
streams = 1
units = 1
states = 1
generations = 0
population = 65536
passes = 512
attempts = 0
optimize = 1

scale = 0.300000f
startScale = 2.500000f
startResult = 10.000000f

FIRESTARTER_OPTIMIZE: Seed=0  Test=167  Generation=  2 *Result=0.00000126  Best=0.00000126   Time=0.1  Run Time=486.4
FIRESTARTER_OPTIMIZE: Seed=0  Test=167  Generation=  3  Result=0.00070894  Best=0.00000126   Time=0.1  Run Time=486.8
FIRESTARTER_OPTIMIZE: Seed=0  Test=167  Generation=  4  Result=0.00001810  Best=0.00000126   Time=0.1  Run Time=487.1
FIRESTARTER_OPTIMIZE: Seed=0  Test=167  Generation=  5  Result=0.00011907  Best=0.00000126   Time=0.1  Run Time=487.5
FIRESTARTER_OPTIMIZE: Seed=0  Test=167  Generation=  6  Result=0.00258988  Best=0.00000126   Time=0.1  Run Time=487.9
FIRESTARTER_OPTIMIZE: Seed=0  Test=167  Generation=  7 *Result=0.00000017  Best=0.00000017   Time=0.1  Run Time=488.2
