CUDA devices = 1
Device 0: NVIDIA GeForce RTX 4090

variations = 1
samples = 15
instructions = 32
registers = 30
opcodes = 2
patternOpcodes = 4

targetMin = 0.000000f
targetMax = 6.283185f
target = 0.000001f

mode = FIRESTARTER_OPTIMIZE
evolveSeed = 0
optimizeSeed = 0
tests = 256
streams = 1
units = 1
states = 1
generations = 0
population = 65536
iterations = 64
passes = 512
candidates = 16
attempts = 0
optimize = 1

scale = 0.100000f
startScale = 2.500000f
startResult = 10.000000f

FIRESTARTER_OPTIMIZE: Seed=0  Test=192  Generation=  2 *Result=0.00028253  Best=0.00028253   Time=0.1  Run Time=1048.8
FIRESTARTER_OPTIMIZE: Seed=0  Test=192  Generation=  3  Result=0.00065225  Best=0.00028253   Time=0.1  Run Time=1049.2
FIRESTARTER_OPTIMIZE: Seed=0  Test=192  Generation=  4 *Result=0.00000247  Best=0.00000247   Time=0.1  Run Time=1049.7
FIRESTARTER_OPTIMIZE: Seed=0  Test=192  Generation=  5  Result=0.00027034  Best=0.00000247   Time=0.1  Run Time=1050.1
FIRESTARTER_OPTIMIZE: Seed=0  Test=192  Generation=  6  Result=0.00024852  Best=0.00000247   Time=0.1  Run Time=1050.6
FIRESTARTER_OPTIMIZE: Seed=0  Test=192  Generation=  7 *Result=0.00000068  Best=0.00000068   Time=0.1  Run Time=1051.0
