CUDA devices = 1
Device 0: NVIDIA GeForce RTX 4090

variations = 1
instructions = 32
registers = 30
opcodes = 2
patternOpcodes = 4

targetMin = 0.000000f
targetMax = 6.283185f
target = 0.000001f

mode = FIRESTARTER_OPTIMIZE
evolveSeed = 0
optimizeSeed = 0
tests = 256
streams = 1
units = 1
states = 1
generations = 0
population = 49152
passes = 384
attempts = 0
optimize = 1

scale = 0.300000f
startScale = 2.500000f
startResult = 10.000000f

FIRESTARTER_OPTIMIZE: Seed=0  Test=146  Generation=  2 *Result=0.00000311  Best=0.00000311   Time=0.1  Run Time=382.3
FIRESTARTER_OPTIMIZE: Seed=0  Test=146  Generation=  3  Result=0.00021940  Best=0.00000311   Time=0.1  Run Time=382.6
FIRESTARTER_OPTIMIZE: Seed=0  Test=146  Generation=  4  Result=0.00010043  Best=0.00000311   Time=0.1  Run Time=382.9
FIRESTARTER_OPTIMIZE: Seed=0  Test=146  Generation=  5  Result=0.00046913  Best=0.00000311   Time=0.1  Run Time=383.2
FIRESTARTER_OPTIMIZE: Seed=0  Test=146  Generation=  6  Result=0.00149792  Best=0.00000311   Time=0.1  Run Time=383.5
FIRESTARTER_OPTIMIZE: Seed=0  Test=146  Generation=  7  Result=0.00010486  Best=0.00000311   Time=0.1  Run Time=383.8
FIRESTARTER_OPTIMIZE: Seed=0  Test=146  Generation=  8  Result=0.00317442  Best=0.00000311   Time=0.1  Run Time=384.1
FIRESTARTER_OPTIMIZE: Seed=0  Test=146  Generation=  9  Result=0.00004970  Best=0.00000311   Time=0.1  Run Time=384.4
FIRESTARTER_OPTIMIZE: Seed=0  Test=146  Generation= 10  Result=0.00008833  Best=0.00000311   Time=0.1  Run Time=384.7
FIRESTARTER_OPTIMIZE: Seed=0  Test=146  Generation= 11  Result=0.00246900  Best=0.00000311   Time=0.1  Run Time=385.0
FIRESTARTER_OPTIMIZE: Seed=0  Test=146  Generation= 12 *Result=0.00000018  Best=0.00000018   Time=0.1  Run Time=385.4
