CUDA devices = 1
Device 0: NVIDIA GeForce RTX 4090

variations = 1
instructions = 32
registers = 30
opcodes = 2
patternOpcodes = 4

targetMin = 0.000000f
targetMax = 6.283185f
target = 0.000001f

mode = FIRESTARTER_OPTIMIZE
evolveSeed = 0
optimizeSeed = 0
tests = 256
streams = 1
units = 1
states = 1
generations = 0
population = 32768
passes = 512
attempts = 0
optimize = 1

scale = 0.300000f
startScale = 2.500000f
startResult = 10.000000f

FIRESTARTER_OPTIMIZE: Seed=0  Test=146  Generation=  2 *Result=0.00000301  Best=0.00000301   Time=0.1  Run Time=422.2
FIRESTARTER_OPTIMIZE: Seed=0  Test=146  Generation=  3  Result=0.00021501  Best=0.00000301   Time=0.1  Run Time=422.5
FIRESTARTER_OPTIMIZE: Seed=0  Test=146  Generation=  4  Result=0.00004202  Best=0.00000301   Time=0.1  Run Time=422.8
FIRESTARTER_OPTIMIZE: Seed=0  Test=146  Generation=  5  Result=0.00045113  Best=0.00000301   Time=0.1  Run Time=423.1
FIRESTARTER_OPTIMIZE: Seed=0  Test=146  Generation=  6  Result=0.00149783  Best=0.00000301   Time=0.1  Run Time=423.5
FIRESTARTER_OPTIMIZE: Seed=0  Test=146  Generation=  7  Result=0.00047429  Best=0.00000301   Time=0.1  Run Time=423.8
FIRESTARTER_OPTIMIZE: Seed=0  Test=146  Generation=  8  Result=0.00306632  Best=0.00000301   Time=0.1  Run Time=424.1
FIRESTARTER_OPTIMIZE: Seed=0  Test=146  Generation=  9  Result=0.00005240  Best=0.00000301   Time=0.1  Run Time=424.4
FIRESTARTER_OPTIMIZE: Seed=0  Test=146  Generation= 10  Result=0.00012792  Best=0.00000301   Time=0.1  Run Time=424.7
FIRESTARTER_OPTIMIZE: Seed=0  Test=146  Generation= 11  Result=0.00246959  Best=0.00000301   Time=0.1  Run Time=425.0
FIRESTARTER_OPTIMIZE: Seed=0  Test=146  Generation= 12 *Result=0.00000016  Best=0.00000016   Time=0.1  Run Time=425.3
