CUDA devices = 1
Device 0: NVIDIA GeForce RTX 4090

variations = 1
instructions = 32
registers = 30
opcodes = 2
patternOpcodes = 4

targetMin = 0.000000f
targetMax = 6.283185f
target = 0.000001f

mode = FIRESTARTER_OPTIMIZE
evolveSeed = 0
optimizeSeed = 0
tests = 256
streams = 1
units = 1
states = 1
generations = 0
population = 65536
passes = 384
attempts = 0
optimize = 1

scale = 0.300000f
startScale = 2.500000f
startResult = 10.000000f

FIRESTARTER_OPTIMIZE: Seed=0  Test=107  Generation=  1 *Result=0.00013811  Best=0.00013811   Time=0.1  Run Time=303.0
FIRESTARTER_OPTIMIZE: Seed=0  Test=107  Generation=  2 *Result=0.00001488  Best=0.00001488   Time=0.1  Run Time=303.1
FIRESTARTER_OPTIMIZE: Seed=0  Test=107  Generation=  3 *Result=0.00000139  Best=0.00000139   Time=0.1  Run Time=303.4
FIRESTARTER_OPTIMIZE: Seed=0  Test=107  Generation=  4  Result=0.00003431  Best=0.00000139   Time=0.1  Run Time=303.5
FIRESTARTER_OPTIMIZE: Seed=0  Test=107  Generation=  5  Result=0.00023830  Best=0.00000139   Time=0.1  Run Time=303.7
FIRESTARTER_OPTIMIZE: Seed=0  Test=107  Generation=  6  Result=0.00059760  Best=0.00000139   Time=0.1  Run Time=303.8
FIRESTARTER_OPTIMIZE: Seed=0  Test=107  Generation=  7 *Result=0.00000020  Best=0.00000020   Time=0.1  Run Time=304.0
