CUDA devices = 1
Device 0: NVIDIA GeForce RTX 4090

variations = 1
instructions = 32
registers = 30
opcodes = 2
patternOpcodes = 4

targetMin = 0.000000f
targetMax = 6.283185f
target = 0.000001f

mode = FIRESTARTER_OPTIMIZE
evolveSeed = 1
optimizeSeed = 1
tests = 256
streams = 1
units = 1
states = 1
generations = 0
population = 65536
passes = 512
attempts = 0
optimize = 1

scale = 0.300000f
startScale = 2.500000f
startResult = 10.000000f

FIRESTARTER_OPTIMIZE: Seed=1  Test=161  Generation=  2 *Result=0.00055305  Best=0.00055305   Time=0.1  Run Time=456.4
FIRESTARTER_OPTIMIZE: Seed=1  Test=161  Generation=  3 *Result=0.00019050  Best=0.00019050   Time=0.1  Run Time=456.8
FIRESTARTER_OPTIMIZE: Seed=1  Test=161  Generation=  4 *Result=0.00000516  Best=0.00000516   Time=0.1  Run Time=457.2
FIRESTARTER_OPTIMIZE: Seed=1  Test=161  Generation=  5  Result=0.00221084  Best=0.00000516   Time=0.1  Run Time=457.5
FIRESTARTER_OPTIMIZE: Seed=1  Test=161  Generation=  6 *Result=0.00000203  Best=0.00000203   Time=0.1  Run Time=457.9
FIRESTARTER_OPTIMIZE: Seed=1  Test=161  Generation=  7  Result=0.00068600  Best=0.00000203   Time=0.1  Run Time=458.3
FIRESTARTER_OPTIMIZE: Seed=1  Test=161  Generation=  8  Result=0.00006594  Best=0.00000203   Time=0.1  Run Time=458.7
FIRESTARTER_OPTIMIZE: Seed=1  Test=161  Generation=  9 *Result=0.00000024  Best=0.00000024   Time=0.1  Run Time=459.1
