CUDA devices = 1
Device 0: NVIDIA GeForce RTX 4090

variations = 1
samples = 15
instructions = 32
registers = 30
opcodes = 2
patternOpcodes = 4

targetMin = 0.000000f
targetMax = 6.283185f
target = 0.000001f

mode = FIRESTARTER_OPTIMIZE
evolveSeed = 0
optimizeSeed = 0
tests = 256
streams = 1
units = 1
states = 1
generations = 0
population = 65536
iterations = 64
passes = 512
candidates = 16
attempts = 0
optimize = 1

scale = 0.200000f
startScale = 2.500000f
startResult = 10.000000f

FIRESTARTER_OPTIMIZE: Seed=0  Test=15  Generation=  2 *Result=0.00166914  Best=0.00166914   Time=0.1  Run Time=71.9
FIRESTARTER_OPTIMIZE: Seed=0  Test=15  Generation=  3 *Result=0.00017607  Best=0.00017607   Time=0.1  Run Time=72.3
FIRESTARTER_OPTIMIZE: Seed=0  Test=15  Generation=  4  Result=0.00614186  Best=0.00017607   Time=0.1  Run Time=72.7
FIRESTARTER_OPTIMIZE: Seed=0  Test=15  Generation=  5  Result=0.00615598  Best=0.00017607   Time=0.1  Run Time=73.2
FIRESTARTER_OPTIMIZE: Seed=0  Test=15  Generation=  6  Result=0.00613915  Best=0.00017607   Time=0.1  Run Time=73.6
FIRESTARTER_OPTIMIZE: Seed=0  Test=15  Generation=  7  Result=0.00047141  Best=0.00017607   Time=0.1  Run Time=74.1
FIRESTARTER_OPTIMIZE: Seed=0  Test=15  Generation=  8 *Result=0.00000215  Best=0.00000215   Time=0.1  Run Time=74.5
FIRESTARTER_OPTIMIZE: Seed=0  Test=15  Generation=  9  Result=0.00000474  Best=0.00000215   Time=0.1  Run Time=75.0
FIRESTARTER_OPTIMIZE: Seed=0  Test=15  Generation= 10  Result=0.00005420  Best=0.00000215   Time=0.1  Run Time=75.4
FIRESTARTER_OPTIMIZE: Seed=0  Test=15  Generation= 11  Result=0.00000396  Best=0.00000215   Time=0.1  Run Time=75.9
FIRESTARTER_OPTIMIZE: Seed=0  Test=15  Generation= 12 *Result=0.00000055  Best=0.00000055   Time=0.1  Run Time=76.3
