CUDA devices = 1
Device 0: NVIDIA GeForce RTX 4090

variations = 1
samples = 15
instructions = 32
registers = 30
opcodes = 2
patternOpcodes = 4

targetMin = 0.000000f
targetMax = 6.283185f
target = 0.000001f

mode = FIRESTARTER_OPTIMIZE
evolveSeed = 0
optimizeSeed = 0
tests = 256
streams = 1
units = 1
states = 1
generations = 0
population = 65536
iterations = 64
passes = 512
candidates = 16
attempts = 0
optimize = 1

scale = 0.300000f
startScale = 2.500000f
startResult = 10.000000f

FIRESTARTER_OPTIMIZE: Seed=0  Test=176  Generation=  2 *Result=0.00014633  Best=0.00014633   Time=0.1  Run Time=511.3
FIRESTARTER_OPTIMIZE: Seed=0  Test=176  Generation=  3  Result=0.00015625  Best=0.00014633   Time=0.1  Run Time=511.6
FIRESTARTER_OPTIMIZE: Seed=0  Test=176  Generation=  4 *Result=0.00005408  Best=0.00005408   Time=0.1  Run Time=512.0
FIRESTARTER_OPTIMIZE: Seed=0  Test=176  Generation=  5 *Result=0.00001032  Best=0.00001032   Time=0.1  Run Time=512.4
FIRESTARTER_OPTIMIZE: Seed=0  Test=176  Generation=  6  Result=0.00003877  Best=0.00001032   Time=0.1  Run Time=512.8
FIRESTARTER_OPTIMIZE: Seed=0  Test=176  Generation=  7 *Result=0.00000240  Best=0.00000240   Time=0.1  Run Time=513.2
FIRESTARTER_OPTIMIZE: Seed=0  Test=176  Generation=  8  Result=0.00004784  Best=0.00000240   Time=0.1  Run Time=513.5
FIRESTARTER_OPTIMIZE: Seed=0  Test=176  Generation=  9  Result=0.00017779  Best=0.00000240   Time=0.1  Run Time=513.9
FIRESTARTER_OPTIMIZE: Seed=0  Test=176  Generation= 10 *Result=0.00000023  Best=0.00000023   Time=0.1  Run Time=514.3
