CUDA devices = 1
Device 0: NVIDIA GeForce RTX 4090

variations = 1
instructions = 32
registers = 30
opcodes = 2
patternOpcodes = 4

targetMin = 0.000000f
targetMax = 6.283185f
target = 0.000001f

mode = FIRESTARTER_OPTIMIZE
evolveSeed = 1
optimizeSeed = 1
tests = 256
streams = 1
units = 1
states = 1
generations = 0
population = 49152
passes = 384
attempts = 0
optimize = 1

scale = 0.300000f
startScale = 2.500000f
startResult = 10.000000f

FIRESTARTER_OPTIMIZE: Seed=1  Test=116  Generation=  2 *Result=0.00020677  Best=0.00020677   Time=0.1  Run Time=330.7
FIRESTARTER_OPTIMIZE: Seed=1  Test=116  Generation=  3  Result=0.00138703  Best=0.00020677   Time=0.1  Run Time=331.0
FIRESTARTER_OPTIMIZE: Seed=1  Test=116  Generation=  4 *Result=0.00005192  Best=0.00005192   Time=0.1  Run Time=331.3
FIRESTARTER_OPTIMIZE: Seed=1  Test=116  Generation=  5  Result=0.00007066  Best=0.00005192   Time=0.1  Run Time=331.7
FIRESTARTER_OPTIMIZE: Seed=1  Test=116  Generation=  6  Result=0.00038356  Best=0.00005192   Time=0.1  Run Time=332.0
FIRESTARTER_OPTIMIZE: Seed=1  Test=116  Generation=  7  Result=0.00008106  Best=0.00005192   Time=0.1  Run Time=332.3
FIRESTARTER_OPTIMIZE: Seed=1  Test=116  Generation=  8  Result=0.00018247  Best=0.00005192   Time=0.1  Run Time=332.7
FIRESTARTER_OPTIMIZE: Seed=1  Test=116  Generation=  9  Result=0.00017895  Best=0.00005192   Time=0.1  Run Time=333.0
FIRESTARTER_OPTIMIZE: Seed=1  Test=116  Generation= 10 *Result=0.00000035  Best=0.00000035   Time=0.1  Run Time=333.3
