CUDA devices = 1
Device 0: NVIDIA GeForce RTX 4090

variations = 1
instructions = 32
registers = 30
opcodes = 2
patternOpcodes = 4

targetMin = 0.000000f
targetMax = 6.283185f
target = 0.000001f

mode = FIRESTARTER_OPTIMIZE
evolveSeed = 0
optimizeSeed = 0
tests = 256
streams = 1
units = 1
states = 1
generations = 0
population = 49152
passes = 512
attempts = 0
optimize = 1

scale = 0.300000f
startScale = 2.500000f
startResult = 10.000000f

FIRESTARTER_OPTIMIZE: Seed=0  Test=234  Generation=  2 *Result=0.00002234  Best=0.00002234   Time=0.1  Run Time=627.5
FIRESTARTER_OPTIMIZE: Seed=0  Test=234  Generation=  3  Result=0.00614029  Best=0.00002234   Time=0.1  Run Time=627.9
FIRESTARTER_OPTIMIZE: Seed=0  Test=234  Generation=  4  Result=0.00008288  Best=0.00002234   Time=0.1  Run Time=628.2
FIRESTARTER_OPTIMIZE: Seed=0  Test=234  Generation=  5  Result=0.00070137  Best=0.00002234   Time=0.1  Run Time=628.6
FIRESTARTER_OPTIMIZE: Seed=0  Test=234  Generation=  6  Result=0.00114867  Best=0.00002234   Time=0.1  Run Time=628.9
FIRESTARTER_OPTIMIZE: Seed=0  Test=234  Generation=  7  Result=0.00027601  Best=0.00002234   Time=0.1  Run Time=629.3
FIRESTARTER_OPTIMIZE: Seed=0  Test=234  Generation=  8  Result=0.00011499  Best=0.00002234   Time=0.1  Run Time=629.6
FIRESTARTER_OPTIMIZE: Seed=0  Test=234  Generation=  9  Result=0.00023178  Best=0.00002234   Time=0.1  Run Time=629.9
FIRESTARTER_OPTIMIZE: Seed=0  Test=234  Generation= 10 *Result=0.00000075  Best=0.00000075   Time=0.1  Run Time=630.3
