CUDA devices = 1
Device 0: NVIDIA GeForce RTX 4090

variations = 1
instructions = 32
registers = 30
opcodes = 2
patternOpcodes = 4

targetMin = 0.000000f
targetMax = 6.283185f
target = 0.000001f

mode = FIRESTARTER_OPTIMIZE
evolveSeed = 2
optimizeSeed = 2
tests = 256
streams = 1
units = 1
states = 1
generations = 0
population = 65536
passes = 384
attempts = 0
optimize = 1

scale = 0.300000f
startScale = 2.500000f
startResult = 10.000000f

FIRESTARTER_OPTIMIZE: Seed=2  Test=230  Generation=  2 *Result=0.00013527  Best=0.00013527   Time=0.1  Run Time=850.7
FIRESTARTER_OPTIMIZE: Seed=2  Test=230  Generation=  3 *Result=0.00012422  Best=0.00012422   Time=0.1  Run Time=851.2
FIRESTARTER_OPTIMIZE: Seed=2  Test=230  Generation=  4 *Result=0.00000485  Best=0.00000485   Time=0.1  Run Time=851.6
FIRESTARTER_OPTIMIZE: Seed=2  Test=230  Generation=  5  Result=0.00065177  Best=0.00000485   Time=0.1  Run Time=852.1
FIRESTARTER_OPTIMIZE: Seed=2  Test=230  Generation=  6  Result=0.00000863  Best=0.00000485   Time=0.1  Run Time=852.6
FIRESTARTER_OPTIMIZE: Seed=2  Test=230  Generation=  7  Result=0.00005322  Best=0.00000485   Time=0.1  Run Time=853.1
FIRESTARTER_OPTIMIZE: Seed=2  Test=230  Generation=  8  Result=0.00053468  Best=0.00000485   Time=0.1  Run Time=853.5
FIRESTARTER_OPTIMIZE: Seed=2  Test=230  Generation=  9  Result=0.00053341  Best=0.00000485   Time=0.1  Run Time=854.0
FIRESTARTER_OPTIMIZE: Seed=2  Test=230  Generation= 10 *Result=0.00000008  Best=0.00000008   Time=0.1  Run Time=854.5
