CUDA devices = 1
Device 0: NVIDIA GeForce RTX 4090

variations = 1
samples = 15
instructions = 32
registers = 30
opcodes = 2
patternOpcodes = 4

targetMin = 0.000000f
targetMax = 6.283185f
target = 0.000001f

mode = FIRESTARTER_OPTIMIZE
evolveSeed = 0
optimizeSeed = 0
tests = 256
streams = 1
units = 1
states = 1
generations = 0
population = 65536
iterations = 64
passes = 512
candidates = 16
attempts = 0
optimize = 1

scale = 0.300000f
startScale = 2.500000f
startResult = 10.000000f

FIRESTARTER_OPTIMIZE: Seed=0  Test=252  Generation=  2 *Result=0.00000105  Best=0.00000105   Time=0.1  Run Time=749.3
FIRESTARTER_OPTIMIZE: Seed=0  Test=252  Generation=  3  Result=0.00018728  Best=0.00000105   Time=0.1  Run Time=749.7
FIRESTARTER_OPTIMIZE: Seed=0  Test=252  Generation=  4  Result=0.00000387  Best=0.00000105   Time=0.1  Run Time=750.0
FIRESTARTER_OPTIMIZE: Seed=0  Test=252  Generation=  5  Result=0.00006226  Best=0.00000105   Time=0.1  Run Time=750.4
FIRESTARTER_OPTIMIZE: Seed=0  Test=252  Generation=  6  Result=0.00093418  Best=0.00000105   Time=0.1  Run Time=750.8
FIRESTARTER_OPTIMIZE: Seed=0  Test=252  Generation=  7  Result=0.00002825  Best=0.00000105   Time=0.1  Run Time=751.2
FIRESTARTER_OPTIMIZE: Seed=0  Test=252  Generation=  8  Result=0.00019206  Best=0.00000105   Time=0.1  Run Time=751.5
FIRESTARTER_OPTIMIZE: Seed=0  Test=252  Generation=  9  Result=0.00000707  Best=0.00000105   Time=0.1  Run Time=751.9
FIRESTARTER_OPTIMIZE: Seed=0  Test=252  Generation= 10 *Result=0.00000024  Best=0.00000024   Time=0.1  Run Time=752.4
