CUDA devices = 1
Device 0: NVIDIA GeForce RTX 4090

variations = 1
instructions = 32
registers = 30
opcodes = 2
patternOpcodes = 4

targetMin = 0.000000f
targetMax = 6.283185f
target = 0.000001f

mode = FIRESTARTER_OPTIMIZE
evolveSeed = 1
optimizeSeed = 1
tests = 256
streams = 1
units = 1
states = 1
generations = 0
population = 65536
passes = 512
attempts = 0
optimize = 1

scale = 0.300000f
startScale = 2.500000f
startResult = 10.000000f

FIRESTARTER_OPTIMIZE: Seed=1  Test=205  Generation=  2 *Result=0.00008965  Best=0.00008965   Time=0.1  Run Time=593.5
FIRESTARTER_OPTIMIZE: Seed=1  Test=205  Generation=  3 *Result=0.00001651  Best=0.00001651   Time=0.1  Run Time=593.9
FIRESTARTER_OPTIMIZE: Seed=1  Test=205  Generation=  4 *Result=0.00001007  Best=0.00001007   Time=0.1  Run Time=594.2
FIRESTARTER_OPTIMIZE: Seed=1  Test=205  Generation=  5  Result=0.00001356  Best=0.00001007   Time=0.1  Run Time=594.6
FIRESTARTER_OPTIMIZE: Seed=1  Test=205  Generation=  6  Result=0.00008507  Best=0.00001007   Time=0.1  Run Time=595.0
FIRESTARTER_OPTIMIZE: Seed=1  Test=205  Generation=  7 *Result=0.00000525  Best=0.00000525   Time=0.1  Run Time=595.3
FIRESTARTER_OPTIMIZE: Seed=1  Test=205  Generation=  8  Result=0.00017256  Best=0.00000525   Time=0.1  Run Time=595.7
FIRESTARTER_OPTIMIZE: Seed=1  Test=205  Generation=  9  Result=0.00009440  Best=0.00000525   Time=0.1  Run Time=596.1
FIRESTARTER_OPTIMIZE: Seed=1  Test=205  Generation= 10  Result=0.00024608  Best=0.00000525   Time=0.1  Run Time=596.5
FIRESTARTER_OPTIMIZE: Seed=1  Test=205  Generation= 11  Result=0.00020507  Best=0.00000525   Time=0.1  Run Time=596.8
FIRESTARTER_OPTIMIZE: Seed=1  Test=205  Generation= 12 *Result=0.00000042  Best=0.00000042   Time=0.1  Run Time=597.2
