CUDA devices = 1
Device 0: NVIDIA GeForce RTX 4090

variations = 1
instructions = 32
registers = 30
opcodes = 2
patternOpcodes = 4

targetMin = 0.000000f
targetMax = 6.283185f
target = 0.000001f

mode = FIRESTARTER_OPTIMIZE
evolveSeed = 0
optimizeSeed = 0
tests = 256
streams = 1
units = 1
states = 1
generations = 0
population = 49152
passes = 512
attempts = 0
optimize = 1

scale = 0.300000f
startScale = 2.500000f
startResult = 10.000000f

FIRESTARTER_OPTIMIZE: Seed=0  Test=23  Generation=  2 *Result=0.00143638  Best=0.00143638   Time=0.1  Run Time=67.6
FIRESTARTER_OPTIMIZE: Seed=0  Test=23  Generation=  3 *Result=0.00000101  Best=0.00000101   Time=0.1  Run Time=68.0
FIRESTARTER_OPTIMIZE: Seed=0  Test=23  Generation=  4  Result=0.00014744  Best=0.00000101   Time=0.1  Run Time=68.3
FIRESTARTER_OPTIMIZE: Seed=0  Test=23  Generation=  5  Result=0.00004047  Best=0.00000101   Time=0.1  Run Time=68.6
FIRESTARTER_OPTIMIZE: Seed=0  Test=23  Generation=  6  Result=0.00001442  Best=0.00000101   Time=0.1  Run Time=69.0
FIRESTARTER_OPTIMIZE: Seed=0  Test=23  Generation=  7  Result=0.00001063  Best=0.00000101   Time=0.1  Run Time=69.4
FIRESTARTER_OPTIMIZE: Seed=0  Test=23  Generation=  8  Result=0.00043048  Best=0.00000101   Time=0.1  Run Time=69.8
FIRESTARTER_OPTIMIZE: Seed=0  Test=23  Generation=  9  Result=0.00003067  Best=0.00000101   Time=0.1  Run Time=70.2
FIRESTARTER_OPTIMIZE: Seed=0  Test=23  Generation= 10  Result=0.00067663  Best=0.00000101   Time=0.1  Run Time=70.6
FIRESTARTER_OPTIMIZE: Seed=0  Test=23  Generation= 11  Result=0.00091822  Best=0.00000101   Time=0.1  Run Time=71.0
FIRESTARTER_OPTIMIZE: Seed=0  Test=23  Generation= 12 *Result=0.00000015  Best=0.00000015   Time=0.1  Run Time=71.5
