CUDA devices = 1
Device 0: NVIDIA GeForce RTX 4090

variations = 1
samples = 15
instructions = 32
registers = 30
opcodes = 2
patternOpcodes = 4

targetMin = 0.000000f
targetMax = 6.283185f
target = 0.000001f

mode = FIRESTARTER_OPTIMIZE
evolveSeed = 0
optimizeSeed = 0
tests = 256
streams = 1
units = 1
states = 1
generations = 0
population = 65536
iterations = 64
passes = 512
candidates = 16
attempts = 0
optimize = 1

scale = 0.100000f
startScale = 3.000000f
startResult = 10.000000f

FIRESTARTER_OPTIMIZE: Seed=0  Test=96  Generation=  2 *Result=0.00614208  Best=0.00614208   Time=0.1  Run Time=605.9
FIRESTARTER_OPTIMIZE: Seed=0  Test=96  Generation=  3  Result=0.00614500  Best=0.00614208   Time=0.1  Run Time=606.3
FIRESTARTER_OPTIMIZE: Seed=0  Test=96  Generation=  4 *Result=0.00000140  Best=0.00000140   Time=0.1  Run Time=606.8
FIRESTARTER_OPTIMIZE: Seed=0  Test=96  Generation=  5  Result=0.00000419  Best=0.00000140   Time=0.1  Run Time=607.2
FIRESTARTER_OPTIMIZE: Seed=0  Test=96  Generation=  6  Result=0.00002754  Best=0.00000140   Time=0.1  Run Time=607.6
FIRESTARTER_OPTIMIZE: Seed=0  Test=96  Generation=  7  Result=0.00078110  Best=0.00000140   Time=0.1  Run Time=608.1
FIRESTARTER_OPTIMIZE: Seed=0  Test=96  Generation=  8  Result=0.00000894  Best=0.00000140   Time=0.1  Run Time=608.5
FIRESTARTER_OPTIMIZE: Seed=0  Test=96  Generation=  9  Result=0.00009340  Best=0.00000140   Time=0.1  Run Time=609.0
FIRESTARTER_OPTIMIZE: Seed=0  Test=96  Generation= 10  Result=0.00136951  Best=0.00000140   Time=0.1  Run Time=609.4
FIRESTARTER_OPTIMIZE: Seed=0  Test=96  Generation= 11 *Result=0.00000018  Best=0.00000018   Time=0.1  Run Time=609.8
