CUDA devices = 1
Device 0: NVIDIA GeForce RTX 4090

variations = 1
instructions = 32
registers = 30
opcodes = 2
patternOpcodes = 4

targetMin = 0.000000f
targetMax = 6.283185f
target = 0.000001f

mode = FIRESTARTER_OPTIMIZE
evolveSeed = 1
optimizeSeed = 1
tests = 256
streams = 1
units = 1
states = 1
generations = 0
population = 65536
passes = 384
attempts = 0
optimize = 1

scale = 0.300000f
startScale = 2.500000f
startResult = 10.000000f

FIRESTARTER_OPTIMIZE: Seed=1  Test=214  Generation=  2 *Result=0.00002408  Best=0.00002408   Time=0.1  Run Time=544.8
FIRESTARTER_OPTIMIZE: Seed=1  Test=214  Generation=  3  Result=0.00224237  Best=0.00002408   Time=0.1  Run Time=545.1
FIRESTARTER_OPTIMIZE: Seed=1  Test=214  Generation=  4  Result=0.00002960  Best=0.00002408   Time=0.1  Run Time=545.4
FIRESTARTER_OPTIMIZE: Seed=1  Test=214  Generation=  5  Result=0.00223162  Best=0.00002408   Time=0.1  Run Time=545.7
FIRESTARTER_OPTIMIZE: Seed=1  Test=214  Generation=  6  Result=0.00021971  Best=0.00002408   Time=0.1  Run Time=546.0
FIRESTARTER_OPTIMIZE: Seed=1  Test=214  Generation=  7  Result=0.00116505  Best=0.00002408   Time=0.1  Run Time=546.3
FIRESTARTER_OPTIMIZE: Seed=1  Test=214  Generation=  8  Result=0.00113237  Best=0.00002408   Time=0.1  Run Time=546.6
FIRESTARTER_OPTIMIZE: Seed=1  Test=214  Generation=  9  Result=0.00614201  Best=0.00002408   Time=0.1  Run Time=546.9
FIRESTARTER_OPTIMIZE: Seed=1  Test=214  Generation= 10  Result=0.00022697  Best=0.00002408   Time=0.1  Run Time=547.2
FIRESTARTER_OPTIMIZE: Seed=1  Test=214  Generation= 11 *Result=0.00000011  Best=0.00000011   Time=0.1  Run Time=547.5
