CUDA devices = 1
Device 0: NVIDIA GeForce RTX 4090

variations = 1
samples = 15
instructions = 32
registers = 30
opcodes = 2
patternOpcodes = 4

targetMin = 0.000000f
targetMax = 6.283185f
target = 0.000001f

mode = FIRESTARTER_OPTIMIZE
evolveSeed = 0
optimizeSeed = 0
tests = 256
streams = 1
units = 1
states = 1
generations = 0
population = 65536
iterations = 64
passes = 512
candidates = 16
attempts = 0
optimize = 1

scale = 0.100000f
startScale = 2.500000f
startResult = 10.000000f

FIRESTARTER_OPTIMIZE: Seed=0  Test=112  Generation=  2 *Result=0.00222738  Best=0.00222738   Time=0.1  Run Time=675.0
FIRESTARTER_OPTIMIZE: Seed=0  Test=112  Generation=  3 *Result=0.00003889  Best=0.00003889   Time=0.1  Run Time=675.5
FIRESTARTER_OPTIMIZE: Seed=0  Test=112  Generation=  4  Result=0.00223914  Best=0.00003889   Time=0.1  Run Time=675.9
FIRESTARTER_OPTIMIZE: Seed=0  Test=112  Generation=  5  Result=0.00221420  Best=0.00003889   Time=0.1  Run Time=676.4
FIRESTARTER_OPTIMIZE: Seed=0  Test=112  Generation=  6  Result=0.00016265  Best=0.00003889   Time=0.1  Run Time=676.8
FIRESTARTER_OPTIMIZE: Seed=0  Test=112  Generation=  7 *Result=0.00000058  Best=0.00000058   Time=0.1  Run Time=677.2
