CUDA devices = 1
Device 0: NVIDIA GeForce RTX 4090

variations = 1
samples = 15
instructions = 28
registers = 28
opcodes = 2
patternOpcodes = 4

targetMin = 0.000000f
targetMax = 6.283185f
target = 0.000001f

mode = FIRESTARTER_OPTIMIZE
evolveSeed = 0
optimizeSeed = 0
tests = 256
streams = 1
units = 1
states = 1
generations = 0
population = 65536
iterations = 64
passes = 512
candidates = 16
attempts = 0
optimize = 1

scale = 0.300000f
startScale = 2.500000f
startResult = 10.000000f

FIRESTARTER_OPTIMIZE: Seed=0  Test=50  Generation=  2 *Result=0.00143272  Best=0.00143272   Time=0.1  Run Time=136.3
FIRESTARTER_OPTIMIZE: Seed=0  Test=50  Generation=  3 *Result=0.00018828  Best=0.00018828   Time=0.1  Run Time=136.7
FIRESTARTER_OPTIMIZE: Seed=0  Test=50  Generation=  4  Result=0.00024427  Best=0.00018828   Time=0.1  Run Time=137.2
FIRESTARTER_OPTIMIZE: Seed=0  Test=50  Generation=  5  Result=0.00221059  Best=0.00018828   Time=0.1  Run Time=137.6
FIRESTARTER_OPTIMIZE: Seed=0  Test=50  Generation=  6  Result=0.00075824  Best=0.00018828   Time=0.1  Run Time=138.1
FIRESTARTER_OPTIMIZE: Seed=0  Test=50  Generation=  7  Result=0.00221011  Best=0.00018828   Time=0.1  Run Time=138.5
FIRESTARTER_OPTIMIZE: Seed=0  Test=50  Generation=  8  Result=0.00143304  Best=0.00018828   Time=0.1  Run Time=138.9
FIRESTARTER_OPTIMIZE: Seed=0  Test=50  Generation=  9 *Result=0.00000218  Best=0.00000218   Time=0.1  Run Time=139.4
FIRESTARTER_OPTIMIZE: Seed=0  Test=50  Generation= 10  Result=0.00074599  Best=0.00000218   Time=0.1  Run Time=139.8
FIRESTARTER_OPTIMIZE: Seed=0  Test=50  Generation= 11  Result=0.00069825  Best=0.00000218   Time=0.1  Run Time=140.2
FIRESTARTER_OPTIMIZE: Seed=0  Test=50  Generation= 12  Result=0.00018245  Best=0.00000218   Time=0.1  Run Time=140.7
FIRESTARTER_OPTIMIZE: Seed=0  Test=50  Generation= 13 *Result=0.00000012  Best=0.00000012   Time=0.1  Run Time=141.1
