CUDA devices = 1
Device 0: NVIDIA GeForce RTX 4090

variations = 1
instructions = 32
registers = 30
opcodes = 2
patternOpcodes = 4

targetMin = 0.000000f
targetMax = 6.283185f
target = 0.000001f

mode = FIRESTARTER_OPTIMIZE
evolveSeed = 0
optimizeSeed = 0
tests = 256
streams = 1
units = 1
states = 1
generations = 0
population = 65536
passes = 512
attempts = 0
optimize = 1

scale = 0.300000f
startScale = 2.500000f
startResult = 10.000000f

FIRESTARTER_OPTIMIZE: Seed=0  Test=114  Generation=  2 *Result=0.00013107  Best=0.00013107   Time=0.1  Run Time=316.8
FIRESTARTER_OPTIMIZE: Seed=0  Test=114  Generation=  3 *Result=0.00005225  Best=0.00005225   Time=0.1  Run Time=317.1
FIRESTARTER_OPTIMIZE: Seed=0  Test=114  Generation=  4  Result=0.00005275  Best=0.00005225   Time=0.1  Run Time=317.5
FIRESTARTER_OPTIMIZE: Seed=0  Test=114  Generation=  5  Result=0.00015142  Best=0.00005225   Time=0.1  Run Time=317.9
FIRESTARTER_OPTIMIZE: Seed=0  Test=114  Generation=  6 *Result=0.00000228  Best=0.00000228   Time=0.1  Run Time=318.2
FIRESTARTER_OPTIMIZE: Seed=0  Test=114  Generation=  7  Result=0.00015712  Best=0.00000228   Time=0.1  Run Time=318.6
FIRESTARTER_OPTIMIZE: Seed=0  Test=114  Generation=  8  Result=0.00000384  Best=0.00000228   Time=0.1  Run Time=319.0
FIRESTARTER_OPTIMIZE: Seed=0  Test=114  Generation=  9  Result=0.00063004  Best=0.00000228   Time=0.1  Run Time=319.3
FIRESTARTER_OPTIMIZE: Seed=0  Test=114  Generation= 10 *Result=0.00000122  Best=0.00000122   Time=0.1  Run Time=319.7
FIRESTARTER_OPTIMIZE: Seed=0  Test=114  Generation= 11 *Result=0.00000021  Best=0.00000021   Time=0.1  Run Time=320.1
