CUDA devices = 1
Device 0: NVIDIA GeForce RTX 4090

variations = 1
samples = 15
instructions = 32
registers = 30
opcodes = 2
patternOpcodes = 4

targetMin = 0.000000f
targetMax = 6.283185f
target = 0.000001f

mode = FIRESTARTER_OPTIMIZE
evolveSeed = 0
optimizeSeed = 0
tests = 256
streams = 1
units = 1
states = 1
generations = 0
population = 65536
iterations = 64
passes = 512
candidates = 16
attempts = 0
optimize = 1

scale = 0.100000f
startScale = 2.500000f
startResult = 10.000000f

FIRESTARTER_OPTIMIZE: Seed=0  Test=194  Generation=  2 *Result=0.00085846  Best=0.00085846   Time=0.1  Run Time=1052.8
FIRESTARTER_OPTIMIZE: Seed=0  Test=194  Generation=  3 *Result=0.00062204  Best=0.00062204   Time=0.1  Run Time=1053.3
FIRESTARTER_OPTIMIZE: Seed=0  Test=194  Generation=  4 *Result=0.00039077  Best=0.00039077   Time=0.1  Run Time=1053.7
FIRESTARTER_OPTIMIZE: Seed=0  Test=194  Generation=  5 *Result=0.00003981  Best=0.00003981   Time=0.1  Run Time=1054.2
FIRESTARTER_OPTIMIZE: Seed=0  Test=194  Generation=  6  Result=0.00005531  Best=0.00003981   Time=0.1  Run Time=1054.6
FIRESTARTER_OPTIMIZE: Seed=0  Test=194  Generation=  7  Result=0.00016989  Best=0.00003981   Time=0.1  Run Time=1055.1
FIRESTARTER_OPTIMIZE: Seed=0  Test=194  Generation=  8 *Result=0.00000033  Best=0.00000033   Time=0.1  Run Time=1055.5
