CUDA devices = 1
Device 0: NVIDIA GeForce RTX 4090

variations = 1
samples = 15
instructions = 30
registers = 30
opcodes = 2
patternOpcodes = 4

targetMin = 0.000000f
targetMax = 6.283185f
target = 0.000001f

mode = FIRESTARTER_OPTIMIZE
evolveSeed = 0
optimizeSeed = 0
tests = 256
streams = 1
units = 1
states = 1
generations = 0
population = 65536
iterations = 64
passes = 512
candidates = 16
attempts = 0
optimize = 1

scale = 0.300000f
startScale = 2.500000f
startResult = 10.000000f

FIRESTARTER_OPTIMIZE: Seed=0  Test=165  Generation=  2 *Result=0.00019619  Best=0.00019619   Time=0.1  Run Time=560.8
FIRESTARTER_OPTIMIZE: Seed=0  Test=165  Generation=  3  Result=0.00034922  Best=0.00019619   Time=0.1  Run Time=561.2
FIRESTARTER_OPTIMIZE: Seed=0  Test=165  Generation=  4  Result=0.00029160  Best=0.00019619   Time=0.1  Run Time=561.7
FIRESTARTER_OPTIMIZE: Seed=0  Test=165  Generation=  5 *Result=0.00009213  Best=0.00009213   Time=0.1  Run Time=562.1
FIRESTARTER_OPTIMIZE: Seed=0  Test=165  Generation=  6  Result=0.00221163  Best=0.00009213   Time=0.1  Run Time=562.5
FIRESTARTER_OPTIMIZE: Seed=0  Test=165  Generation=  7 *Result=0.00008225  Best=0.00008225   Time=0.1  Run Time=563.0
FIRESTARTER_OPTIMIZE: Seed=0  Test=165  Generation=  8 *Result=0.00000206  Best=0.00000206   Time=0.1  Run Time=563.4
FIRESTARTER_OPTIMIZE: Seed=0  Test=165  Generation=  9  Result=0.00023156  Best=0.00000206   Time=0.1  Run Time=563.9
FIRESTARTER_OPTIMIZE: Seed=0  Test=165  Generation= 10 *Result=0.00000036  Best=0.00000036   Time=0.1  Run Time=564.4
