CUDA devices = 1
Device 0: NVIDIA GeForce RTX 4090

variations = 1
instructions = 32
registers = 30
opcodes = 2
patternOpcodes = 4

targetMin = 0.000000f
targetMax = 6.283185f
target = 0.000001f

mode = FIRESTARTER_OPTIMIZE
evolveSeed = 1
optimizeSeed = 1
tests = 256
streams = 1
units = 1
states = 1
generations = 0
population = 65536
passes = 512
attempts = 0
optimize = 1

scale = 0.300000f
startScale = 2.500000f
startResult = 10.000000f

FIRESTARTER_OPTIMIZE: Seed=1  Test=109  Generation=  2 *Result=0.00000224  Best=0.00000224   Time=0.1  Run Time=293.1
FIRESTARTER_OPTIMIZE: Seed=1  Test=109  Generation=  3  Result=0.00094520  Best=0.00000224   Time=0.1  Run Time=293.5
FIRESTARTER_OPTIMIZE: Seed=1  Test=109  Generation=  4  Result=0.00027416  Best=0.00000224   Time=0.1  Run Time=293.9
FIRESTARTER_OPTIMIZE: Seed=1  Test=109  Generation=  5  Result=0.00013844  Best=0.00000224   Time=0.1  Run Time=294.3
FIRESTARTER_OPTIMIZE: Seed=1  Test=109  Generation=  6  Result=0.00008836  Best=0.00000224   Time=0.1  Run Time=294.7
FIRESTARTER_OPTIMIZE: Seed=1  Test=109  Generation=  7  Result=0.00025060  Best=0.00000224   Time=0.1  Run Time=295.1
FIRESTARTER_OPTIMIZE: Seed=1  Test=109  Generation=  8  Result=0.00002962  Best=0.00000224   Time=0.1  Run Time=295.5
FIRESTARTER_OPTIMIZE: Seed=1  Test=109  Generation=  9 *Result=0.00000073  Best=0.00000073   Time=0.1  Run Time=295.8
