CUDA devices = 1
Device 0: NVIDIA GeForce RTX 4090

variations = 1
samples = 15
instructions = 32
registers = 30
opcodes = 2
patternOpcodes = 4

targetMin = 0.000000f
targetMax = 6.283185f
target = 0.000001f

mode = FIRESTARTER_OPTIMIZE
evolveSeed = 0
optimizeSeed = 0
tests = 256
streams = 1
units = 1
states = 1
generations = 0
population = 65536
iterations = 64
passes = 512
candidates = 16
attempts = 0
optimize = 1

scale = 0.150000f
startScale = 2.500000f
startResult = 10.000000f

FIRESTARTER_OPTIMIZE: Seed=0  Test=124  Generation=  2 *Result=0.00059753  Best=0.00059753   Time=0.1  Run Time=572.5
FIRESTARTER_OPTIMIZE: Seed=0  Test=124  Generation=  3 *Result=0.00054979  Best=0.00054979   Time=0.1  Run Time=572.9
FIRESTARTER_OPTIMIZE: Seed=0  Test=124  Generation=  4 *Result=0.00031946  Best=0.00031946   Time=0.1  Run Time=573.4
FIRESTARTER_OPTIMIZE: Seed=0  Test=124  Generation=  5 *Result=0.00000209  Best=0.00000209   Time=0.1  Run Time=573.9
FIRESTARTER_OPTIMIZE: Seed=0  Test=124  Generation=  6  Result=0.00000279  Best=0.00000209   Time=0.1  Run Time=574.3
FIRESTARTER_OPTIMIZE: Seed=0  Test=124  Generation=  7  Result=0.00614536  Best=0.00000209   Time=0.1  Run Time=574.8
FIRESTARTER_OPTIMIZE: Seed=0  Test=124  Generation=  8  Result=0.00641723  Best=0.00000209   Time=0.1  Run Time=575.2
FIRESTARTER_OPTIMIZE: Seed=0  Test=124  Generation=  9  Result=0.00012464  Best=0.00000209   Time=0.1  Run Time=575.7
FIRESTARTER_OPTIMIZE: Seed=0  Test=124  Generation= 10  Result=0.00006451  Best=0.00000209   Time=0.1  Run Time=576.2
FIRESTARTER_OPTIMIZE: Seed=0  Test=124  Generation= 11  Result=0.00098055  Best=0.00000209   Time=0.1  Run Time=576.6
FIRESTARTER_OPTIMIZE: Seed=0  Test=124  Generation= 12  Result=0.00002154  Best=0.00000209   Time=0.1  Run Time=577.1
FIRESTARTER_OPTIMIZE: Seed=0  Test=124  Generation= 13 *Result=0.00000034  Best=0.00000034   Time=0.1  Run Time=577.6
