CUDA devices = 1
Device 0: NVIDIA GeForce RTX 4090

variations = 1
samples = 15
instructions = 32
registers = 30
opcodes = 2
patternOpcodes = 4

targetMin = 0.000000f
targetMax = 6.283185f
target = 0.000001f

mode = FIRESTARTER_OPTIMIZE
evolveSeed = 0
optimizeSeed = 0
tests = 256
streams = 1
units = 1
states = 1
generations = 0
population = 65536
iterations = 64
passes = 512
candidates = 16
attempts = 0
optimize = 1

scale = 0.150000f
startScale = 2.500000f
startResult = 10.000000f

FIRESTARTER_OPTIMIZE: Seed=0  Test=47  Generation=  2 *Result=0.00000475  Best=0.00000475   Time=0.1  Run Time=229.3
FIRESTARTER_OPTIMIZE: Seed=0  Test=47  Generation=  3 *Result=0.00000176  Best=0.00000176   Time=0.1  Run Time=229.8
FIRESTARTER_OPTIMIZE: Seed=0  Test=47  Generation=  4  Result=0.00072241  Best=0.00000176   Time=0.1  Run Time=230.3
FIRESTARTER_OPTIMIZE: Seed=0  Test=47  Generation=  5  Result=0.00000249  Best=0.00000176   Time=0.1  Run Time=230.7
FIRESTARTER_OPTIMIZE: Seed=0  Test=47  Generation=  6  Result=0.00000206  Best=0.00000176   Time=0.1  Run Time=231.2
FIRESTARTER_OPTIMIZE: Seed=0  Test=47  Generation=  7  Result=0.00000909  Best=0.00000176   Time=0.1  Run Time=231.7
FIRESTARTER_OPTIMIZE: Seed=0  Test=47  Generation=  8  Result=0.00000715  Best=0.00000176   Time=0.1  Run Time=232.2
FIRESTARTER_OPTIMIZE: Seed=0  Test=47  Generation=  9  Result=0.00000246  Best=0.00000176   Time=0.1  Run Time=232.6
FIRESTARTER_OPTIMIZE: Seed=0  Test=47  Generation= 10 *Result=0.00000036  Best=0.00000036   Time=0.1  Run Time=233.1
