CUDA devices = 1
Device 0: NVIDIA GeForce RTX 4090

variations = 1
instructions = 32
registers = 30
opcodes = 2
patternOpcodes = 4

targetMin = 0.000000f
targetMax = 6.283185f
target = 0.000001f

mode = FIRESTARTER_OPTIMIZE
evolveSeed = 0
optimizeSeed = 0
tests = 256
streams = 1
units = 1
states = 1
generations = 0
population = 49152
passes = 256
attempts = 0
optimize = 1

scale = 0.300000f
startScale = 2.500000f
startResult = 10.000000f

FIRESTARTER_OPTIMIZE: Seed=0  Test=151  Generation=  2 *Result=0.00003078  Best=0.00003078   Time=0.1  Run Time=422.3
FIRESTARTER_OPTIMIZE: Seed=0  Test=151  Generation=  3 *Result=0.00002538  Best=0.00002538   Time=0.1  Run Time=422.6
FIRESTARTER_OPTIMIZE: Seed=0  Test=151  Generation=  4  Result=0.00065351  Best=0.00002538   Time=0.1  Run Time=422.9
FIRESTARTER_OPTIMIZE: Seed=0  Test=151  Generation=  5  Result=0.00008698  Best=0.00002538   Time=0.1  Run Time=423.2
FIRESTARTER_OPTIMIZE: Seed=0  Test=151  Generation=  6  Result=0.00027371  Best=0.00002538   Time=0.1  Run Time=423.6
FIRESTARTER_OPTIMIZE: Seed=0  Test=151  Generation=  7  Result=0.00004649  Best=0.00002538   Time=0.1  Run Time=423.9
FIRESTARTER_OPTIMIZE: Seed=0  Test=151  Generation=  8 *Result=0.00000029  Best=0.00000029   Time=0.0  Run Time=424.2
