CUDA devices = 1
Device 0: NVIDIA GeForce RTX 4090

variations = 1
instructions = 32
registers = 30
opcodes = 2
patternOpcodes = 4

targetMin = 0.000000f
targetMax = 6.283185f
target = 0.000001f

mode = FIRESTARTER_OPTIMIZE
evolveSeed = 1
optimizeSeed = 1
tests = 256
streams = 1
units = 1
states = 1
generations = 0
population = 65536
passes = 384
attempts = 0
optimize = 1

scale = 0.300000f
startScale = 2.500000f
startResult = 10.000000f

FIRESTARTER_OPTIMIZE: Seed=1  Test=52  Generation=  2 *Result=0.00005081  Best=0.00005081   Time=0.1  Run Time=131.0
FIRESTARTER_OPTIMIZE: Seed=1  Test=52  Generation=  3  Result=0.00053396  Best=0.00005081   Time=0.1  Run Time=131.4
FIRESTARTER_OPTIMIZE: Seed=1  Test=52  Generation=  4  Result=0.00006488  Best=0.00005081   Time=0.1  Run Time=131.7
FIRESTARTER_OPTIMIZE: Seed=1  Test=52  Generation=  5 *Result=0.00000798  Best=0.00000798   Time=0.1  Run Time=132.1
FIRESTARTER_OPTIMIZE: Seed=1  Test=52  Generation=  6 *Result=0.00000424  Best=0.00000424   Time=0.1  Run Time=132.5
FIRESTARTER_OPTIMIZE: Seed=1  Test=52  Generation=  7  Result=0.00018327  Best=0.00000424   Time=0.1  Run Time=132.8
FIRESTARTER_OPTIMIZE: Seed=1  Test=52  Generation=  8  Result=0.00004304  Best=0.00000424   Time=0.1  Run Time=133.2
FIRESTARTER_OPTIMIZE: Seed=1  Test=52  Generation=  9  Result=0.00143453  Best=0.00000424   Time=0.1  Run Time=133.5
FIRESTARTER_OPTIMIZE: Seed=1  Test=52  Generation= 10  Result=0.00006584  Best=0.00000424   Time=0.1  Run Time=133.9
FIRESTARTER_OPTIMIZE: Seed=1  Test=52  Generation= 11 *Result=0.00000010  Best=0.00000010   Time=0.1  Run Time=134.3
