CUDA devices = 1
Device 0: NVIDIA GeForce RTX 4090

variations = 1
instructions = 32
registers = 30
opcodes = 2
patternOpcodes = 4

targetMin = 0.000000f
targetMax = 6.283185f
target = 0.000001f

mode = FIRESTARTER_OPTIMIZE
evolveSeed = 1
optimizeSeed = 1
tests = 256
streams = 1
units = 1
states = 1
generations = 0
population = 65536
passes = 512
attempts = 0
optimize = 1

scale = 0.300000f
startScale = 2.500000f
startResult = 10.000000f

FIRESTARTER_OPTIMIZE: Seed=1  Test=196  Generation=  2 *Result=0.00005265  Best=0.00005265   Time=0.1  Run Time=602.3
FIRESTARTER_OPTIMIZE: Seed=1  Test=196  Generation=  3  Result=0.00243576  Best=0.00005265   Time=0.1  Run Time=602.8
FIRESTARTER_OPTIMIZE: Seed=1  Test=196  Generation=  4  Result=0.00111890  Best=0.00005265   Time=0.1  Run Time=603.2
FIRESTARTER_OPTIMIZE: Seed=1  Test=196  Generation=  5 *Result=0.00000477  Best=0.00000477   Time=0.1  Run Time=603.5
FIRESTARTER_OPTIMIZE: Seed=1  Test=196  Generation=  6  Result=0.00000785  Best=0.00000477   Time=0.1  Run Time=604.0
FIRESTARTER_OPTIMIZE: Seed=1  Test=196  Generation=  7  Result=0.00003861  Best=0.00000477   Time=0.1  Run Time=604.4
FIRESTARTER_OPTIMIZE: Seed=1  Test=196  Generation=  8 *Result=0.00000072  Best=0.00000072   Time=0.1  Run Time=604.8
