CUDA devices = 1
Device 0: NVIDIA GeForce RTX 4090

variations = 1
samples = 15
instructions = 32
registers = 30
opcodes = 2
patternOpcodes = 4

targetMin = 0.000000f
targetMax = 6.283185f
target = 0.000001f

mode = FIRESTARTER_OPTIMIZE
evolveSeed = 0
optimizeSeed = 0
tests = 256
streams = 1
units = 1
states = 1
generations = 0
population = 65536
iterations = 64
passes = 512
candidates = 16
attempts = 0
optimize = 1

scale = 0.300000f
startScale = 2.500000f
startResult = 10.000000f

FIRESTARTER_OPTIMIZE: Seed=0  Test=125  Generation=  2 *Result=0.00004185  Best=0.00004185   Time=0.1  Run Time=513.4
FIRESTARTER_OPTIMIZE: Seed=0  Test=125  Generation=  3  Result=0.00006542  Best=0.00004185   Time=0.1  Run Time=513.9
FIRESTARTER_OPTIMIZE: Seed=0  Test=125  Generation=  4  Result=0.00025045  Best=0.00004185   Time=0.1  Run Time=514.3
FIRESTARTER_OPTIMIZE: Seed=0  Test=125  Generation=  5  Result=0.00024690  Best=0.00004185   Time=0.1  Run Time=514.8
FIRESTARTER_OPTIMIZE: Seed=0  Test=125  Generation=  6  Result=0.00005293  Best=0.00004185   Time=0.1  Run Time=515.3
FIRESTARTER_OPTIMIZE: Seed=0  Test=125  Generation=  7  Result=0.00005276  Best=0.00004185   Time=0.1  Run Time=515.8
FIRESTARTER_OPTIMIZE: Seed=0  Test=125  Generation=  8  Result=0.00234469  Best=0.00004185   Time=0.1  Run Time=516.2
FIRESTARTER_OPTIMIZE: Seed=0  Test=125  Generation=  9  Result=0.00034023  Best=0.00004185   Time=0.1  Run Time=516.7
FIRESTARTER_OPTIMIZE: Seed=0  Test=125  Generation= 10 *Result=0.00001179  Best=0.00001179   Time=0.1  Run Time=517.2
FIRESTARTER_OPTIMIZE: Seed=0  Test=125  Generation= 11  Result=0.00006543  Best=0.00001179   Time=0.1  Run Time=517.7
FIRESTARTER_OPTIMIZE: Seed=0  Test=125  Generation= 12 *Result=0.00000003  Best=0.00000003   Time=0.1  Run Time=518.1
