CUDA devices = 1
Device 0: NVIDIA GeForce RTX 4090

variations = 1
instructions = 32
registers = 30
opcodes = 2
patternOpcodes = 4

targetMin = 0.000000f
targetMax = 6.283185f
target = 0.000001f

mode = FIRESTARTER_OPTIMIZE
evolveSeed = 0
optimizeSeed = 0
tests = 256
streams = 1
units = 1
states = 1
generations = 0
population = 32768
passes = 512
attempts = 0
optimize = 1

scale = 0.300000f
startScale = 2.500000f
startResult = 10.000000f

FIRESTARTER_OPTIMIZE: Seed=0  Test=227  Generation=  2 *Result=0.00065784  Best=0.00065784   Time=0.1  Run Time=712.7
FIRESTARTER_OPTIMIZE: Seed=0  Test=227  Generation=  3 *Result=0.00008423  Best=0.00008423   Time=0.1  Run Time=713.0
FIRESTARTER_OPTIMIZE: Seed=0  Test=227  Generation=  4 *Result=0.00007641  Best=0.00007641   Time=0.1  Run Time=713.3
FIRESTARTER_OPTIMIZE: Seed=0  Test=227  Generation=  5  Result=0.00017342  Best=0.00007641   Time=0.1  Run Time=713.6
FIRESTARTER_OPTIMIZE: Seed=0  Test=227  Generation=  6 *Result=0.00001100  Best=0.00001100   Time=0.1  Run Time=713.9
FIRESTARTER_OPTIMIZE: Seed=0  Test=227  Generation=  7 *Result=0.00000011  Best=0.00000011   Time=0.1  Run Time=714.2
