CUDA devices = 1
Device 0: NVIDIA GeForce RTX 4090

variations = 1
samples = 15
instructions = 32
registers = 30
opcodes = 2
patternOpcodes = 4

targetMin = 0.000000f
targetMax = 6.283185f
evolveTarget = 0.000001f

mode = FIRESTARTER_EVOLVE_GPU
evolveSeed = 0
optimizeSeed = 0
tests = 16
streams = 1
units = 1
states = 1
generations = 0
population = 8192
iterations = 64
passes = 500
candidates = 16
attempts = 0
optimize = 1

scale = 0.100000f
startScale = 2.000000f
startResult = 10.000000f

FIRESTARTER_EVOLVE_GPU: Seed=0  Test= 4  Generation=  0  Age=  1  Evolution= 0  Weight=0.00000000  Old Result=10.00000000 *New Result=0.00165386  Index=5089  EvolveAge1=166  EvolveAge2=54  Best=0.00165386   BestAge=1  Time=1.9 Seconds  Run Time=193.4 Seconds
FIRESTARTER_EVOLVE_GPU: Seed=0  Test= 4  Generation=  1  Age=  1  Evolution= 0  Weight=0.00000000  Old Result=0.00165386 *New Result=0.00113565  Index=2843  EvolveAge1=229  EvolveAge2=2  Best=0.00113565   BestAge=1  Time=1.2 Seconds  Run Time=194.6 Seconds
FIRESTARTER_EVOLVE_GPU: Seed=0  Test= 4  Generation=  2  Age=  1  Evolution= 0  Weight=0.00000000  Old Result=0.00113565 *New Result=0.00026119  Index=6701  EvolveAge1=0  EvolveAge2=9  Best=0.00026119   BestAge=1  Time=1.5 Seconds  Run Time=196.1 Seconds
FIRESTARTER_EVOLVE_GPU: Seed=0  Test= 4  Generation=  3  Age=  1  Evolution= 0  Weight=0.00000000  Old Result=0.00026119 *New Result=0.00002456  Index=3027  EvolveAge1=108  EvolveAge2=290  Best=0.00002456   BestAge=1  Time=1.5 Seconds  Run Time=197.5 Seconds
FIRESTARTER_EVOLVE_GPU: Seed=0  Test= 4  Generation=  4  Age=  1  Evolution= 0  Weight=0.00000000  Old Result=0.00002456 *New Result=0.00001198  Index=1764  EvolveAge1=239  EvolveAge2=575  Best=0.00001198   BestAge=1  Time=1.5 Seconds  Run Time=199.0 Seconds
FIRESTARTER_EVOLVE_GPU: Seed=0  Test= 4  Generation=  5  Age=  1  Evolution= 0  Weight=0.00000000  Old Result=0.00001198 *New Result=0.00001150  Index=1764  EvolveAge1=21  EvolveAge2=1284  Best=0.00001150   BestAge=1  Time=1.5 Seconds  Run Time=200.5 Seconds
FIRESTARTER_EVOLVE_GPU: Seed=0  Test= 4  Generation=  6  Age=  1  Evolution= 0  Weight=0.00000000  Old Result=0.00001150 *New Result=0.00000677  Index=1567  EvolveAge1=43  EvolveAge2=169  Best=0.00000677   BestAge=1  Time=1.4 Seconds  Run Time=201.9 Seconds
FIRESTARTER_EVOLVE_GPU: Seed=0  Test= 4  Generation=  7  Age=  1  Evolution= 0  Weight=0.00000000  Old Result=0.00000677  Bad Result=0.00000677  Index=1567  EvolveAge1=543  EvolveAge2=169  Best=0.00000677   BestAge=2  Time=1.4 Seconds  Run Time=203.4 Seconds
FIRESTARTER_OPTIMIZE_GPU: Seed=0  Test= 4  Optimize=0  Generation=  6 *Result=0.00000018  Best=0.00000018   Time=2.3 Seconds  Run Time=205.7 Seconds
