CUDA devices = 1
Device 0: NVIDIA GeForce RTX 4090

variations = 1
samples = 15
instructions = 32
registers = 30
opcodes = 2
patternOpcodes = 4

targetMin = 0.000000f
targetMax = 6.283185f
target = 0.000001f

mode = FIRESTARTER_OPTIMIZE
evolveSeed = 123
optimizeSeed = 123
tests = 256
streams = 1
units = 1
states = 1
generations = 0
population = 65536
iterations = 64
passes = 512
candidates = 16
attempts = 0
optimize = 1

scale = 0.300000f
startScale = 2.500000f
startResult = 10.000000f

FIRESTARTER_OPTIMIZE: Seed=123  Test=77  Generation=  2 *Result=0.00014734  Best=0.00014734   Time=0.1  Run Time=226.5
FIRESTARTER_OPTIMIZE: Seed=123  Test=77  Generation=  3 *Result=0.00005996  Best=0.00005996   Time=0.1  Run Time=227.0
FIRESTARTER_OPTIMIZE: Seed=123  Test=77  Generation=  4 *Result=0.00000615  Best=0.00000615   Time=0.1  Run Time=227.4
FIRESTARTER_OPTIMIZE: Seed=123  Test=77  Generation=  5 *Result=0.00000418  Best=0.00000418   Time=0.1  Run Time=227.8
FIRESTARTER_OPTIMIZE: Seed=123  Test=77  Generation=  6  Result=0.00001886  Best=0.00000418   Time=0.1  Run Time=228.3
FIRESTARTER_OPTIMIZE: Seed=123  Test=77  Generation=  7  Result=0.00019210  Best=0.00000418   Time=0.1  Run Time=228.7
FIRESTARTER_OPTIMIZE: Seed=123  Test=77  Generation=  8  Result=0.00000811  Best=0.00000418   Time=0.1  Run Time=229.2
FIRESTARTER_OPTIMIZE: Seed=123  Test=77  Generation=  9 *Result=0.00000012  Best=0.00000012   Time=0.1  Run Time=229.6
