CUDA devices = 1
Device 0: NVIDIA GeForce RTX 4090

variations = 1
instructions = 32
registers = 30
opcodes = 2
patternOpcodes = 4

targetMin = 0.000000f
targetMax = 6.283185f
target = 0.000001f

mode = FIRESTARTER_OPTIMIZE
evolveSeed = 2
optimizeSeed = 2
tests = 256
streams = 1
units = 1
states = 1
generations = 0
population = 65536
passes = 384
attempts = 0
optimize = 1

scale = 0.300000f
startScale = 2.500000f
startResult = 10.000000f

FIRESTARTER_OPTIMIZE: Seed=2  Test=104  Generation=  2 *Result=0.00000248  Best=0.00000248   Time=0.1  Run Time=235.2
FIRESTARTER_OPTIMIZE: Seed=2  Test=104  Generation=  3  Result=0.00000481  Best=0.00000248   Time=0.1  Run Time=235.5
FIRESTARTER_OPTIMIZE: Seed=2  Test=104  Generation=  4 *Result=0.00000106  Best=0.00000106   Time=0.1  Run Time=235.8
FIRESTARTER_OPTIMIZE: Seed=2  Test=104  Generation=  5  Result=0.00015014  Best=0.00000106   Time=0.1  Run Time=236.1
FIRESTARTER_OPTIMIZE: Seed=2  Test=104  Generation=  6  Result=0.00005324  Best=0.00000106   Time=0.1  Run Time=236.4
FIRESTARTER_OPTIMIZE: Seed=2  Test=104  Generation=  7 *Result=0.00000035  Best=0.00000035   Time=0.1  Run Time=236.7
