CUDA devices = 1
Device 0: NVIDIA GeForce RTX 4090

variations = 1
samples = 15
instructions = 32
registers = 30
opcodes = 2
patternOpcodes = 4

targetMin = 0.000000f
targetMax = 6.283185f
target = 0.000001f

mode = FIRESTARTER_OPTIMIZE
evolveSeed = 123
optimizeSeed = 123
tests = 256
streams = 1
units = 1
states = 1
generations = 0
population = 65536
iterations = 64
passes = 512
candidates = 16
attempts = 0
optimize = 1

scale = 0.300000f
startScale = 2.500000f
startResult = 10.000000f

FIRESTARTER_OPTIMIZE: Seed=123  Test=45  Generation=  2 *Result=0.00000727  Best=0.00000727   Time=0.1  Run Time=136.1
FIRESTARTER_OPTIMIZE: Seed=123  Test=45  Generation=  3 *Result=0.00000359  Best=0.00000359   Time=0.1  Run Time=136.5
FIRESTARTER_OPTIMIZE: Seed=123  Test=45  Generation=  4  Result=0.00004192  Best=0.00000359   Time=0.1  Run Time=136.9
FIRESTARTER_OPTIMIZE: Seed=123  Test=45  Generation=  5  Result=0.00001325  Best=0.00000359   Time=0.1  Run Time=137.3
FIRESTARTER_OPTIMIZE: Seed=123  Test=45  Generation=  6  Result=0.00013849  Best=0.00000359   Time=0.1  Run Time=137.6
FIRESTARTER_OPTIMIZE: Seed=123  Test=45  Generation=  7  Result=0.00036788  Best=0.00000359   Time=0.1  Run Time=138.0
FIRESTARTER_OPTIMIZE: Seed=123  Test=45  Generation=  8  Result=0.00221186  Best=0.00000359   Time=0.1  Run Time=138.4
FIRESTARTER_OPTIMIZE: Seed=123  Test=45  Generation=  9  Result=0.00035825  Best=0.00000359   Time=0.1  Run Time=138.8
FIRESTARTER_OPTIMIZE: Seed=123  Test=45  Generation= 10  Result=0.00000794  Best=0.00000359   Time=0.1  Run Time=139.2
FIRESTARTER_OPTIMIZE: Seed=123  Test=45  Generation= 11  Result=0.00009982  Best=0.00000359   Time=0.1  Run Time=139.6
FIRESTARTER_OPTIMIZE: Seed=123  Test=45  Generation= 12 *Result=0.00000052  Best=0.00000052   Time=0.1  Run Time=139.9
