CUDA devices = 1
Device 0: NVIDIA GeForce RTX 4090

variations = 1
samples = 15
instructions = 32
registers = 30
opcodes = 2
patternOpcodes = 4

targetMin = 0.000000f
targetMax = 6.283185f
target = 0.000001f

mode = FIRESTARTER_OPTIMIZE
evolveSeed = 0
optimizeSeed = 0
tests = 256
streams = 1
units = 1
states = 1
generations = 0
population = 65536
iterations = 64
passes = 512
candidates = 16
attempts = 0
optimize = 1

scale = 0.150000f
startScale = 2.500000f
startResult = 10.000000f

FIRESTARTER_OPTIMIZE: Seed=0  Test=78  Generation=  2 *Result=0.00033232  Best=0.00033232   Time=0.1  Run Time=395.2
FIRESTARTER_OPTIMIZE: Seed=0  Test=78  Generation=  3 *Result=0.00026221  Best=0.00026221   Time=0.1  Run Time=395.7
FIRESTARTER_OPTIMIZE: Seed=0  Test=78  Generation=  4 *Result=0.00010696  Best=0.00010696   Time=0.1  Run Time=396.2
FIRESTARTER_OPTIMIZE: Seed=0  Test=78  Generation=  5 *Result=0.00001262  Best=0.00001262   Time=0.1  Run Time=396.6
FIRESTARTER_OPTIMIZE: Seed=0  Test=78  Generation=  6  Result=0.00043899  Best=0.00001262   Time=0.1  Run Time=397.1
FIRESTARTER_OPTIMIZE: Seed=0  Test=78  Generation=  7  Result=0.00024900  Best=0.00001262   Time=0.1  Run Time=397.6
FIRESTARTER_OPTIMIZE: Seed=0  Test=78  Generation=  8 *Result=0.00000017  Best=0.00000017   Time=0.1  Run Time=398.1
