CUDA devices = 1
Device 0: NVIDIA GeForce RTX 4090

variations = 1
samples = 15
instructions = 32
registers = 30
opcodes = 2
patternOpcodes = 4

targetMin = 0.000000f
targetMax = 6.283185f
target = 0.000001f

mode = FIRESTARTER_OPTIMIZE
evolveSeed = 0
optimizeSeed = 0
tests = 256
streams = 1
units = 1
states = 1
generations = 0
population = 65536
iterations = 64
passes = 512
candidates = 16
attempts = 0
optimize = 1

scale = 0.150000f
startScale = 2.500000f
startResult = 10.000000f

FIRESTARTER_OPTIMIZE: Seed=0  Test=85  Generation=  2 *Result=0.00006166  Best=0.00006166   Time=0.1  Run Time=415.0
FIRESTARTER_OPTIMIZE: Seed=0  Test=85  Generation=  3 *Result=0.00005269  Best=0.00005269   Time=0.1  Run Time=415.5
FIRESTARTER_OPTIMIZE: Seed=0  Test=85  Generation=  4 *Result=0.00000234  Best=0.00000234   Time=0.1  Run Time=415.9
FIRESTARTER_OPTIMIZE: Seed=0  Test=85  Generation=  5  Result=0.00027281  Best=0.00000234   Time=0.1  Run Time=416.4
FIRESTARTER_OPTIMIZE: Seed=0  Test=85  Generation=  6  Result=0.00001894  Best=0.00000234   Time=0.1  Run Time=416.9
FIRESTARTER_OPTIMIZE: Seed=0  Test=85  Generation=  7  Result=0.00239101  Best=0.00000234   Time=0.1  Run Time=417.3
FIRESTARTER_OPTIMIZE: Seed=0  Test=85  Generation=  8  Result=0.00011241  Best=0.00000234   Time=0.1  Run Time=417.8
FIRESTARTER_OPTIMIZE: Seed=0  Test=85  Generation=  9  Result=0.00017794  Best=0.00000234   Time=0.1  Run Time=418.3
FIRESTARTER_OPTIMIZE: Seed=0  Test=85  Generation= 10  Result=0.00000359  Best=0.00000234   Time=0.1  Run Time=418.8
FIRESTARTER_OPTIMIZE: Seed=0  Test=85  Generation= 11 *Result=0.00000065  Best=0.00000065   Time=0.1  Run Time=419.3
