CUDA devices = 1
Device 0: NVIDIA GeForce RTX 4090

variations = 1
samples = 15
instructions = 32
registers = 30
opcodes = 2
patternOpcodes = 4

targetMin = 0.000000f
targetMax = 6.283185f
target = 0.000001f

mode = FIRESTARTER_EVOLVE_GPU
evolveSeed = 0
optimizeSeed = 0
tests = 16
streams = 1
units = 1
states = 1
generations = 0
population = 8192
iterations = 64
passes = 100
candidates = 16
attempts = 0
optimize = 1

scale = 0.100000f
startScale = 2.000000f
startResult = 10.000000f

FIRESTARTER_EVOLVE_GPU: Seed=0  Test= 6  Generation=  0  Age=  1  Evolution= 0  Weight=0.00000000  Old Result=10.00000000 *New Result=0.00533485  Index=4212  EvolveAge1=79  EvolveAge2=6  Best=0.00533485   BestAge=0  Time=0.5 Seconds  Run Time=395.4 Seconds
FIRESTARTER_EVOLVE_GPU: Seed=0  Test= 6  Generation=  1  Age=  1  Evolution= 0  Weight=0.00000000  Old Result=0.00533485 *New Result=0.00466499  Index=4212  EvolveAge1=0  EvolveAge2=184  Best=0.00466499   BestAge=0  Time=0.5 Seconds  Run Time=395.9 Seconds
FIRESTARTER_EVOLVE_GPU: Seed=0  Test= 6  Generation=  2  Age=  1  Evolution= 0  Weight=0.00000000  Old Result=0.00466499 *New Result=0.00371760  Index=7652  EvolveAge1=0  EvolveAge2=89  Best=0.00371760   BestAge=0  Time=0.6 Seconds  Run Time=396.5 Seconds
FIRESTARTER_EVOLVE_GPU: Seed=0  Test= 6  Generation=  3  Age=  1  Evolution= 0  Weight=0.00000000  Old Result=0.00371760 *New Result=0.00260079  Index=7652  EvolveAge1=0  EvolveAge2=110  Best=0.00260079   BestAge=0  Time=0.6 Seconds  Run Time=397.0 Seconds
FIRESTARTER_EVOLVE_GPU: Seed=0  Test= 6  Generation=  4  Age=  1  Evolution= 0  Weight=0.00000000  Old Result=0.00260079 *New Result=0.00231087  Index=7652  EvolveAge1=1  EvolveAge2=136  Best=0.00231087   BestAge=0  Time=0.5 Seconds  Run Time=397.6 Seconds
FIRESTARTER_EVOLVE_GPU: Seed=0  Test= 6  Generation=  5  Age=  1  Evolution= 0  Weight=0.00000000  Old Result=0.00231087 *New Result=0.00222692  Index=7652  EvolveAge1=19  EvolveAge2=172  Best=0.00222692   BestAge=0  Time=0.5 Seconds  Run Time=398.1 Seconds
FIRESTARTER_OPTIMIZE_CPU: Seed=0  Test= 6  Optimize=0  Generation=  0 *Result=0.00000009  Best=0.00000009   Time=3.4 Seconds  Run Time=398.3 Seconds
