CUDA devices = 1
Device 0: NVIDIA GeForce RTX 4090

variations = 1
instructions = 32
registers = 30
opcodes = 2
patternOpcodes = 4

targetMin = 0.000000f
targetMax = 6.283185f
target = 0.000001f

mode = FIRESTARTER_OPTIMIZE
evolveSeed = 1
optimizeSeed = 1
tests = 256
streams = 1
units = 1
states = 1
generations = 0
population = 65536
passes = 384
attempts = 0
optimize = 1

scale = 0.300000f
startScale = 2.500000f
startResult = 10.000000f

FIRESTARTER_OPTIMIZE: Seed=1  Test=218  Generation=  2 *Result=0.00005582  Best=0.00005582   Time=0.1  Run Time=551.6
FIRESTARTER_OPTIMIZE: Seed=1  Test=218  Generation=  3 *Result=0.00000599  Best=0.00000599   Time=0.1  Run Time=551.9
FIRESTARTER_OPTIMIZE: Seed=1  Test=218  Generation=  4 *Result=0.00000116  Best=0.00000116   Time=0.1  Run Time=552.2
FIRESTARTER_OPTIMIZE: Seed=1  Test=218  Generation=  5  Result=0.00016820  Best=0.00000116   Time=0.1  Run Time=552.4
FIRESTARTER_OPTIMIZE: Seed=1  Test=218  Generation=  6  Result=0.00008729  Best=0.00000116   Time=0.1  Run Time=552.7
FIRESTARTER_OPTIMIZE: Seed=1  Test=218  Generation=  7 *Result=0.00000020  Best=0.00000020   Time=0.1  Run Time=553.0
