CUDA devices = 1
Device 0: NVIDIA GeForce RTX 4090

variations = 1
instructions = 32
registers = 30
opcodes = 2
patternOpcodes = 4

targetMin = 0.000000f
targetMax = 6.283185f
target = 0.000001f

mode = FIRESTARTER_OPTIMIZE
evolveSeed = 0
optimizeSeed = 0
tests = 256
streams = 1
units = 1
states = 1
generations = 0
population = 49152
passes = 512
attempts = 0
optimize = 1

scale = 0.300000f
startScale = 2.500000f
startResult = 10.000000f

FIRESTARTER_OPTIMIZE: Seed=0  Test=135  Generation=  2 *Result=0.00008672  Best=0.00008672   Time=0.1  Run Time=367.3
FIRESTARTER_OPTIMIZE: Seed=0  Test=135  Generation=  3 *Result=0.00000112  Best=0.00000112   Time=0.1  Run Time=367.6
FIRESTARTER_OPTIMIZE: Seed=0  Test=135  Generation=  4  Result=0.00018853  Best=0.00000112   Time=0.1  Run Time=368.0
FIRESTARTER_OPTIMIZE: Seed=0  Test=135  Generation=  5  Result=0.00004548  Best=0.00000112   Time=0.1  Run Time=368.4
FIRESTARTER_OPTIMIZE: Seed=0  Test=135  Generation=  6  Result=0.00015285  Best=0.00000112   Time=0.1  Run Time=368.7
FIRESTARTER_OPTIMIZE: Seed=0  Test=135  Generation=  7  Result=0.00000603  Best=0.00000112   Time=0.1  Run Time=369.0
FIRESTARTER_OPTIMIZE: Seed=0  Test=135  Generation=  8  Result=0.00040874  Best=0.00000112   Time=0.1  Run Time=369.4
FIRESTARTER_OPTIMIZE: Seed=0  Test=135  Generation=  9  Result=0.00002676  Best=0.00000112   Time=0.1  Run Time=369.7
FIRESTARTER_OPTIMIZE: Seed=0  Test=135  Generation= 10  Result=0.00006590  Best=0.00000112   Time=0.1  Run Time=370.1
FIRESTARTER_OPTIMIZE: Seed=0  Test=135  Generation= 11 *Result=0.00000025  Best=0.00000025   Time=0.1  Run Time=370.4
