CUDA devices = 1
Device 0: NVIDIA GeForce RTX 4090

variations = 1
instructions = 32
registers = 30
opcodes = 2
patternOpcodes = 4

targetMin = 0.000000f
targetMax = 6.283185f
target = 0.000001f

mode = FIRESTARTER_OPTIMIZE
evolveSeed = 0
optimizeSeed = 0
tests = 256
streams = 1
units = 1
states = 1
generations = 0
population = 49152
passes = 512
attempts = 0
optimize = 1

scale = 0.300000f
startScale = 2.500000f
startResult = 10.000000f

FIRESTARTER_OPTIMIZE: Seed=0  Test=114  Generation=  2 *Result=0.00025907  Best=0.00025907   Time=0.1  Run Time=304.9
FIRESTARTER_OPTIMIZE: Seed=0  Test=114  Generation=  3 *Result=0.00005217  Best=0.00005217   Time=0.1  Run Time=305.2
FIRESTARTER_OPTIMIZE: Seed=0  Test=114  Generation=  4  Result=0.00010836  Best=0.00005217   Time=0.1  Run Time=305.6
FIRESTARTER_OPTIMIZE: Seed=0  Test=114  Generation=  5  Result=0.00017113  Best=0.00005217   Time=0.1  Run Time=305.9
FIRESTARTER_OPTIMIZE: Seed=0  Test=114  Generation=  6 *Result=0.00000237  Best=0.00000237   Time=0.1  Run Time=306.2
FIRESTARTER_OPTIMIZE: Seed=0  Test=114  Generation=  7  Result=0.00015042  Best=0.00000237   Time=0.1  Run Time=306.6
FIRESTARTER_OPTIMIZE: Seed=0  Test=114  Generation=  8  Result=0.00001067  Best=0.00000237   Time=0.1  Run Time=306.9
FIRESTARTER_OPTIMIZE: Seed=0  Test=114  Generation=  9  Result=0.00065696  Best=0.00000237   Time=0.1  Run Time=307.2
FIRESTARTER_OPTIMIZE: Seed=0  Test=114  Generation= 10 *Result=0.00000044  Best=0.00000044   Time=0.1  Run Time=307.6
