CUDA devices = 1
Device 0: NVIDIA GeForce RTX 4090

variations = 1
instructions = 32
registers = 30
opcodes = 2
patternOpcodes = 4

targetMin = 0.000000f
targetMax = 6.283185f
target = 0.000001f

mode = FIRESTARTER_OPTIMIZE
evolveSeed = 2
optimizeSeed = 2
tests = 256
streams = 1
units = 1
states = 1
generations = 0
population = 65536
passes = 384
attempts = 0
optimize = 1

scale = 0.300000f
startScale = 2.500000f
startResult = 10.000000f

FIRESTARTER_OPTIMIZE: Seed=2  Test=118  Generation=  2 *Result=0.00235667  Best=0.00235667   Time=0.1  Run Time=273.2
FIRESTARTER_OPTIMIZE: Seed=2  Test=118  Generation=  3 *Result=0.00002622  Best=0.00002622   Time=0.1  Run Time=273.4
FIRESTARTER_OPTIMIZE: Seed=2  Test=118  Generation=  4 *Result=0.00001850  Best=0.00001850   Time=0.1  Run Time=273.7
FIRESTARTER_OPTIMIZE: Seed=2  Test=118  Generation=  5  Result=0.00005251  Best=0.00001850   Time=0.1  Run Time=274.0
FIRESTARTER_OPTIMIZE: Seed=2  Test=118  Generation=  6  Result=0.00074202  Best=0.00001850   Time=0.1  Run Time=274.3
FIRESTARTER_OPTIMIZE: Seed=2  Test=118  Generation=  7  Result=0.00002143  Best=0.00001850   Time=0.1  Run Time=274.6
FIRESTARTER_OPTIMIZE: Seed=2  Test=118  Generation=  8  Result=0.00015950  Best=0.00001850   Time=0.1  Run Time=274.9
FIRESTARTER_OPTIMIZE: Seed=2  Test=118  Generation=  9 *Result=0.00000009  Best=0.00000009   Time=0.1  Run Time=275.2
