CUDA devices = 1
Device 0: NVIDIA GeForce RTX 4090

variations = 1
instructions = 32
registers = 30
opcodes = 2
patternOpcodes = 4

targetMin = 0.000000f
targetMax = 6.283185f
target = 0.000001f

mode = FIRESTARTER_OPTIMIZE
evolveSeed = 1
optimizeSeed = 1
tests = 256
streams = 1
units = 1
states = 1
generations = 0
population = 65536
passes = 384
attempts = 0
optimize = 1

scale = 0.300000f
startScale = 2.500000f
startResult = 10.000000f

FIRESTARTER_OPTIMIZE: Seed=1  Test=152  Generation=  2 *Result=0.00000238  Best=0.00000238   Time=0.1  Run Time=423.3
FIRESTARTER_OPTIMIZE: Seed=1  Test=152  Generation=  3  Result=0.00003392  Best=0.00000238   Time=0.1  Run Time=423.6
FIRESTARTER_OPTIMIZE: Seed=1  Test=152  Generation=  4 *Result=0.00000232  Best=0.00000232   Time=0.1  Run Time=424.0
FIRESTARTER_OPTIMIZE: Seed=1  Test=152  Generation=  5  Result=0.00246908  Best=0.00000232   Time=0.1  Run Time=424.3
FIRESTARTER_OPTIMIZE: Seed=1  Test=152  Generation=  6  Result=0.00001733  Best=0.00000232   Time=0.1  Run Time=424.6
FIRESTARTER_OPTIMIZE: Seed=1  Test=152  Generation=  7  Result=0.00054904  Best=0.00000232   Time=0.1  Run Time=425.0
FIRESTARTER_OPTIMIZE: Seed=1  Test=152  Generation=  8  Result=0.00005544  Best=0.00000232   Time=0.1  Run Time=425.3
FIRESTARTER_OPTIMIZE: Seed=1  Test=152  Generation=  9 *Result=0.00000131  Best=0.00000131   Time=0.1  Run Time=425.6
FIRESTARTER_OPTIMIZE: Seed=1  Test=152  Generation= 10  Result=0.00010742  Best=0.00000131   Time=0.1  Run Time=426.0
FIRESTARTER_OPTIMIZE: Seed=1  Test=152  Generation= 11 *Result=0.00000015  Best=0.00000015   Time=0.1  Run Time=426.3
