CUDA devices = 1
Device 0: NVIDIA GeForce RTX 4090

variations = 1
instructions = 32
registers = 30
opcodes = 2
patternOpcodes = 4

targetMin = 0.000000f
targetMax = 6.283185f
target = 0.000001f

mode = FIRESTARTER_OPTIMIZE
evolveSeed = 0
optimizeSeed = 0
tests = 256
streams = 1
units = 1
states = 1
generations = 0
population = 49152
passes = 512
attempts = 0
optimize = 1

scale = 0.300000f
startScale = 2.500000f
startResult = 10.000000f

FIRESTARTER_OPTIMIZE: Seed=0  Test=60  Generation=  2 *Result=0.00018735  Best=0.00018735   Time=0.1  Run Time=151.7
FIRESTARTER_OPTIMIZE: Seed=0  Test=60  Generation=  3  Result=0.00025589  Best=0.00018735   Time=0.1  Run Time=152.0
FIRESTARTER_OPTIMIZE: Seed=0  Test=60  Generation=  4 *Result=0.00006949  Best=0.00006949   Time=0.1  Run Time=152.4
FIRESTARTER_OPTIMIZE: Seed=0  Test=60  Generation=  5 *Result=0.00000268  Best=0.00000268   Time=0.1  Run Time=152.7
FIRESTARTER_OPTIMIZE: Seed=0  Test=60  Generation=  6  Result=0.00002754  Best=0.00000268   Time=0.1  Run Time=153.1
FIRESTARTER_OPTIMIZE: Seed=0  Test=60  Generation=  7 *Result=0.00000029  Best=0.00000029   Time=0.1  Run Time=153.4
