CUDA devices = 1
Device 0: NVIDIA GeForce RTX 4090

variations = 1
instructions = 32
registers = 30
opcodes = 2
patternOpcodes = 4

targetMin = 0.000000f
targetMax = 6.283185f
target = 0.000001f

mode = FIRESTARTER_OPTIMIZE
evolveSeed = 0
optimizeSeed = 0
tests = 256
streams = 1
units = 1
states = 1
generations = 0
population = 65536
passes = 384
attempts = 0
optimize = 1

scale = 0.300000f
startScale = 2.500000f
startResult = 10.000000f

FIRESTARTER_OPTIMIZE: Seed=0  Test=228  Generation=  2 *Result=0.00045749  Best=0.00045749   Time=0.1  Run Time=566.7
FIRESTARTER_OPTIMIZE: Seed=0  Test=228  Generation=  3 *Result=0.00012377  Best=0.00012377   Time=0.1  Run Time=567.0
FIRESTARTER_OPTIMIZE: Seed=0  Test=228  Generation=  4 *Result=0.00012121  Best=0.00012121   Time=0.1  Run Time=567.3
FIRESTARTER_OPTIMIZE: Seed=0  Test=228  Generation=  5 *Result=0.00008529  Best=0.00008529   Time=0.1  Run Time=567.6
FIRESTARTER_OPTIMIZE: Seed=0  Test=228  Generation=  6 *Result=0.00003850  Best=0.00003850   Time=0.1  Run Time=567.9
FIRESTARTER_OPTIMIZE: Seed=0  Test=228  Generation=  7  Result=0.00027655  Best=0.00003850   Time=0.1  Run Time=568.2
FIRESTARTER_OPTIMIZE: Seed=0  Test=228  Generation=  8  Result=0.00008576  Best=0.00003850   Time=0.1  Run Time=568.5
FIRESTARTER_OPTIMIZE: Seed=0  Test=228  Generation=  9 *Result=0.00000006  Best=0.00000006   Time=0.1  Run Time=568.8
