CUDA devices = 1
Device 0: NVIDIA GeForce RTX 4090

variations = 1
instructions = 32
registers = 30
opcodes = 2
patternOpcodes = 4

targetMin = 0.000000f
targetMax = 6.283185f
target = 0.000001f

mode = FIRESTARTER_OPTIMIZE
evolveSeed = 2
optimizeSeed = 2
tests = 256
streams = 1
units = 1
states = 1
generations = 0
population = 65536
passes = 384
attempts = 0
optimize = 1

scale = 0.300000f
startScale = 2.500000f
startResult = 10.000000f

FIRESTARTER_OPTIMIZE: Seed=2  Test=254  Generation=  2 *Result=0.00156218  Best=0.00156218   Time=0.1  Run Time=645.7
FIRESTARTER_OPTIMIZE: Seed=2  Test=254  Generation=  3 *Result=0.00018808  Best=0.00018808   Time=0.1  Run Time=645.9
FIRESTARTER_OPTIMIZE: Seed=2  Test=254  Generation=  4 *Result=0.00000473  Best=0.00000473   Time=0.1  Run Time=646.2
FIRESTARTER_OPTIMIZE: Seed=2  Test=254  Generation=  5  Result=0.00273012  Best=0.00000473   Time=0.1  Run Time=646.5
FIRESTARTER_OPTIMIZE: Seed=2  Test=254  Generation=  6  Result=0.00000633  Best=0.00000473   Time=0.1  Run Time=646.8
FIRESTARTER_OPTIMIZE: Seed=2  Test=254  Generation=  7  Result=0.00208592  Best=0.00000473   Time=0.1  Run Time=647.1
FIRESTARTER_OPTIMIZE: Seed=2  Test=254  Generation=  8 *Result=0.00000051  Best=0.00000051   Time=0.1  Run Time=647.4
