CUDA devices = 1
Device 0: NVIDIA GeForce RTX 4090

variations = 3
samples = 15
instructions = 32
registers = 29
opcodes = 2
patternOpcodes = 4

targetMin = 0.000000f
targetMax = 6.283185f
evolveTarget = 0.000001f

mode = FIRESTARTER_EVOLVE
evolveSeed = 0
optimizeSeed = 0
tests = 256
streams = 8
units = 1
states = 1
generations = 128
population = 278528
iterations = 64
passes = 500
precision = 0
candidates = 16
attempts = 0
optimize = 8

scale = 0.100000f
startScale = 2.000000f
startResult = 10.000000f

FIRESTARTER_EVOLVE: Seed=0  Test=16  Index=   0  CopyIndex=   0  Id=   0  Generation=  0  Age=  0  Evolution= 0  Children0= 0  Children1= 0  EvolveWeight=-1.00000000  Old Result=10.00000000 *New Result=0.85227418  Best=0.85227418  BestError=0.00000066  BestAge=0
FIRESTARTER_EVOLVE: Seed=0  Test=16  Index=   0  CopyIndex=   0  Id=   0  Generation=  1  Age=  1  Evolution= 1  Children0= 1  Children1= 1  EvolveWeight=0.85227418  Old Result=0.85227418  Bad Result=0.85227418  Best=0.85227418  BestError=0.00000066  BestAge=1
FIRESTARTER_EVOLVE: Seed=0  Test=16  Index=   0  CopyIndex=   0  Id=   0  Generation=  2  Age=  2  Evolution= 1  Children0= 2  Children1= 2  EvolveWeight=0.95454711  Old Result=0.85227418  Bad Result=0.85227418  Best=0.85227418  BestError=0.00000066  BestAge=2
FIRESTARTER_EVOLVE: Seed=0  Test=16  Index=   0  CopyIndex=   0  Id=   0  Generation=  3  Age=  3  Evolution= 1  Children0= 3  Children1= 3  EvolveWeight=1.05682003  Old Result=0.85227418  Bad Result=0.85227418  Best=0.85227418  BestError=0.00000066  BestAge=3
FIRESTARTER_EVOLVE: Seed=0  Test=16  Index=   0  CopyIndex=   0  Id=   0  Generation=  4  Age=  4  Evolution= 1  Children0= 4  Children1= 4  EvolveWeight=1.15909278  Old Result=0.85227418  Bad Result=0.85227418  Best=0.85227418  BestError=0.00000066  BestAge=4
FIRESTARTER_EVOLVE: Seed=0  Test=16  Index=   0  CopyIndex=   0  Id=   0  Generation=  5  Age=  5  Evolution= 1  Children0= 5  Children1= 5  EvolveWeight=1.26136577  Old Result=0.85227418  Bad Result=0.85227418  Best=0.85227418  BestError=0.00000066  BestAge=5
FIRESTARTER_EVOLVE: Seed=0  Test=16  Index=   0  CopyIndex=   0  Id=   0  Generation=  6  Age=  6  Evolution= 1  Children0= 6  Children1= 6  EvolveWeight=1.36363876  Old Result=0.85227418  Bad Result=0.85227418  Best=0.85227418  BestError=0.00000066  BestAge=6
FIRESTARTER_EVOLVE: Seed=0  Test=16  Index=   0  CopyIndex=   0  Id=   0  Generation=  7  Age=  7  Evolution= 1  Children0= 7  Children1= 7  EvolveWeight=1.46591163  Old Result=0.85227418  Bad Result=0.85227418  Best=0.85227418  BestError=0.00000066  BestAge=7
FIRESTARTER_EVOLVE: Seed=0  Test=16  Index=   0  CopyIndex=   0  Id=   0  Generation=  8  Age=  8  Evolution= 1  Children0= 8  Children1= 8  EvolveWeight=1.56818438  Old Result=0.85227418  Bad Result=0.85227418  Best=0.85227418  BestError=0.00000066  BestAge=8
FIRESTARTER_EVOLVE: Seed=0  Test=16  Index=   0  CopyIndex=   0  Id=   0  Generation=  9  Age=  9  Evolution= 1  Children0= 9  Children1= 9  EvolveWeight=1.67045748  Old Result=0.85227418  Bad Result=0.85227418  Best=0.85227418  BestError=0.00000066  BestAge=9
