CUDA devices = 1
Device 0: NVIDIA GeForce RTX 4090

variations = 1
samples = 15
instructions = 32
registers = 30
opcodes = 2
patternOpcodes = 4

targetMin = 0.000000f
targetMax = 6.283185f
target = 0.000001f

mode = FIRESTARTER_OPTIMIZE
evolveSeed = 0
optimizeSeed = 0
tests = 256
streams = 1
units = 1
states = 1
generations = 0
population = 65536
iterations = 64
passes = 512
candidates = 16
attempts = 0
optimize = 1

scale = 0.100000f
startScale = 3.000000f
startResult = 10.000000f

FIRESTARTER_OPTIMIZE: Seed=0  Test=51  Generation=  2 *Result=0.00001844  Best=0.00001844   Time=0.1  Run Time=319.7
FIRESTARTER_OPTIMIZE: Seed=0  Test=51  Generation=  3  Result=0.00131053  Best=0.00001844   Time=0.1  Run Time=320.1
FIRESTARTER_OPTIMIZE: Seed=0  Test=51  Generation=  4 *Result=0.00000238  Best=0.00000238   Time=0.1  Run Time=320.5
FIRESTARTER_OPTIMIZE: Seed=0  Test=51  Generation=  5  Result=0.00000377  Best=0.00000238   Time=0.1  Run Time=321.0
FIRESTARTER_OPTIMIZE: Seed=0  Test=51  Generation=  6  Result=0.00000250  Best=0.00000238   Time=0.1  Run Time=321.5
FIRESTARTER_OPTIMIZE: Seed=0  Test=51  Generation=  7  Result=0.00000856  Best=0.00000238   Time=0.1  Run Time=321.9
FIRESTARTER_OPTIMIZE: Seed=0  Test=51  Generation=  8  Result=0.00011614  Best=0.00000238   Time=0.1  Run Time=322.3
FIRESTARTER_OPTIMIZE: Seed=0  Test=51  Generation=  9  Result=0.00008214  Best=0.00000238   Time=0.1  Run Time=322.8
FIRESTARTER_OPTIMIZE: Seed=0  Test=51  Generation= 10  Result=0.00039726  Best=0.00000238   Time=0.1  Run Time=323.2
FIRESTARTER_OPTIMIZE: Seed=0  Test=51  Generation= 11  Result=0.00157410  Best=0.00000238   Time=0.1  Run Time=323.7
FIRESTARTER_OPTIMIZE: Seed=0  Test=51  Generation= 12  Result=0.00009511  Best=0.00000238   Time=0.1  Run Time=324.2
FIRESTARTER_OPTIMIZE: Seed=0  Test=51  Generation= 13 *Result=0.00000047  Best=0.00000047   Time=0.1  Run Time=324.6
