CUDA devices = 1
Device 0: NVIDIA GeForce RTX 4090

variations = 1
samples = 15
instructions = 32
registers = 30
opcodes = 2
patternOpcodes = 4

targetMin = 0.000000f
targetMax = 6.283185f
target = 0.000001f

mode = FIRESTARTER_OPTIMIZE
evolveSeed = 0
optimizeSeed = 0
tests = 256
streams = 1
units = 1
states = 1
generations = 0
population = 65536
iterations = 64
passes = 512
candidates = 16
attempts = 0
optimize = 1

scale = 0.300000f
startScale = 2.500000f
startResult = 10.000000f

FIRESTARTER_OPTIMIZE: Seed=0  Test=249  Generation=  2 *Result=0.00007201  Best=0.00007201   Time=0.1  Run Time=734.7
FIRESTARTER_OPTIMIZE: Seed=0  Test=249  Generation=  3 *Result=0.00005107  Best=0.00005107   Time=0.1  Run Time=735.0
FIRESTARTER_OPTIMIZE: Seed=0  Test=249  Generation=  4 *Result=0.00000852  Best=0.00000852   Time=0.1  Run Time=735.4
FIRESTARTER_OPTIMIZE: Seed=0  Test=249  Generation=  5  Result=0.00014567  Best=0.00000852   Time=0.1  Run Time=735.8
FIRESTARTER_OPTIMIZE: Seed=0  Test=249  Generation=  6  Result=0.00020057  Best=0.00000852   Time=0.1  Run Time=736.1
FIRESTARTER_OPTIMIZE: Seed=0  Test=249  Generation=  7  Result=0.00001185  Best=0.00000852   Time=0.1  Run Time=736.5
FIRESTARTER_OPTIMIZE: Seed=0  Test=249  Generation=  8  Result=0.00143409  Best=0.00000852   Time=0.1  Run Time=736.9
FIRESTARTER_OPTIMIZE: Seed=0  Test=249  Generation=  9 *Result=0.00000083  Best=0.00000083   Time=0.1  Run Time=737.3
