CUDA devices = 1
Device 0: NVIDIA GeForce RTX 4090

variations = 1
samples = 15
instructions = 28
registers = 28
opcodes = 2
patternOpcodes = 4

targetMin = 0.000000f
targetMax = 6.283185f
target = 0.000001f

mode = FIRESTARTER_OPTIMIZE
evolveSeed = 0
optimizeSeed = 0
tests = 256
streams = 1
units = 1
states = 1
generations = 0
population = 65536
iterations = 64
passes = 512
candidates = 16
attempts = 0
optimize = 1

scale = 0.300000f
startScale = 2.500000f
startResult = 10.000000f

FIRESTARTER_OPTIMIZE: Seed=0  Test=104  Generation=  2 *Result=0.00000995  Best=0.00000995   Time=0.1  Run Time=372.0
FIRESTARTER_OPTIMIZE: Seed=0  Test=104  Generation=  3  Result=0.00022269  Best=0.00000995   Time=0.1  Run Time=372.4
FIRESTARTER_OPTIMIZE: Seed=0  Test=104  Generation=  4  Result=0.00008744  Best=0.00000995   Time=0.1  Run Time=372.9
FIRESTARTER_OPTIMIZE: Seed=0  Test=104  Generation=  5 *Result=0.00000387  Best=0.00000387   Time=0.1  Run Time=373.3
FIRESTARTER_OPTIMIZE: Seed=0  Test=104  Generation=  6 *Result=0.00000009  Best=0.00000009   Time=0.1  Run Time=373.7
