CUDA devices = 1
Device 0: NVIDIA GeForce RTX 4090

variations = 1
samples = 15
instructions = 32
registers = 30
opcodes = 2
patternOpcodes = 4

targetMin = 0.000000f
targetMax = 6.283185f
target = 0.000001f

mode = FIRESTARTER_OPTIMIZE
evolveSeed = 0
optimizeSeed = 0
tests = 256
streams = 1
units = 1
states = 1
generations = 0
population = 65536
iterations = 64
passes = 512
candidates = 16
attempts = 0
optimize = 1

scale = 0.200000f
startScale = 2.500000f
startResult = 10.000000f

FIRESTARTER_OPTIMIZE: Seed=0  Test=173  Generation=  2 *Result=0.00606826  Best=0.00606826   Time=0.1  Run Time=757.7
FIRESTARTER_OPTIMIZE: Seed=0  Test=173  Generation=  3  Result=0.00615718  Best=0.00606826   Time=0.1  Run Time=758.1
FIRESTARTER_OPTIMIZE: Seed=0  Test=173  Generation=  4 *Result=0.00000590  Best=0.00000590   Time=0.1  Run Time=758.6
FIRESTARTER_OPTIMIZE: Seed=0  Test=173  Generation=  5  Result=0.00016273  Best=0.00000590   Time=0.1  Run Time=759.0
FIRESTARTER_OPTIMIZE: Seed=0  Test=173  Generation=  6  Result=0.00009324  Best=0.00000590   Time=0.1  Run Time=759.4
FIRESTARTER_OPTIMIZE: Seed=0  Test=173  Generation=  7  Result=0.00093846  Best=0.00000590   Time=0.1  Run Time=759.9
FIRESTARTER_OPTIMIZE: Seed=0  Test=173  Generation=  8  Result=0.00003630  Best=0.00000590   Time=0.1  Run Time=760.3
FIRESTARTER_OPTIMIZE: Seed=0  Test=173  Generation=  9  Result=0.00026831  Best=0.00000590   Time=0.1  Run Time=760.8
FIRESTARTER_OPTIMIZE: Seed=0  Test=173  Generation= 10  Result=0.00145366  Best=0.00000590   Time=0.1  Run Time=761.2
FIRESTARTER_OPTIMIZE: Seed=0  Test=173  Generation= 11  Result=0.00614309  Best=0.00000590   Time=0.1  Run Time=761.6
FIRESTARTER_OPTIMIZE: Seed=0  Test=173  Generation= 12 *Result=0.00000083  Best=0.00000083   Time=0.1  Run Time=762.1
