CUDA devices = 1
Device 0: NVIDIA GeForce RTX 4090

variations = 1
instructions = 32
registers = 30
opcodes = 2
patternOpcodes = 4

targetMin = 0.000000f
targetMax = 6.283185f
target = 0.000001f

mode = FIRESTARTER_OPTIMIZE
evolveSeed = 0
optimizeSeed = 0
tests = 256
streams = 1
units = 1
states = 1
generations = 0
population = 65536
passes = 512
attempts = 0
optimize = 1

scale = 0.300000f
startScale = 2.500000f
startResult = 10.000000f

FIRESTARTER_OPTIMIZE: Seed=0  Test=50  Generation=  2 *Result=0.00016776  Best=0.00016776   Time=0.1  Run Time=146.4
FIRESTARTER_OPTIMIZE: Seed=0  Test=50  Generation=  3  Result=0.00107179  Best=0.00016776   Time=0.1  Run Time=146.7
FIRESTARTER_OPTIMIZE: Seed=0  Test=50  Generation=  4 *Result=0.00009174  Best=0.00009174   Time=0.1  Run Time=147.1
FIRESTARTER_OPTIMIZE: Seed=0  Test=50  Generation=  5  Result=0.00009692  Best=0.00009174   Time=0.1  Run Time=147.5
FIRESTARTER_OPTIMIZE: Seed=0  Test=50  Generation=  6 *Result=0.00003989  Best=0.00003989   Time=0.1  Run Time=147.9
FIRESTARTER_OPTIMIZE: Seed=0  Test=50  Generation=  7  Result=0.00025541  Best=0.00003989   Time=0.1  Run Time=148.3
FIRESTARTER_OPTIMIZE: Seed=0  Test=50  Generation=  8 *Result=0.00000576  Best=0.00000576   Time=0.1  Run Time=148.6
FIRESTARTER_OPTIMIZE: Seed=0  Test=50  Generation=  9  Result=0.00000679  Best=0.00000576   Time=0.1  Run Time=149.0
FIRESTARTER_OPTIMIZE: Seed=0  Test=50  Generation= 10 *Result=0.00000059  Best=0.00000059   Time=0.1  Run Time=149.4
