CUDA devices = 1
Device 0: NVIDIA GeForce RTX 4090

variations = 1
instructions = 32
registers = 30
opcodes = 2
patternOpcodes = 4

targetMin = 0.000000f
targetMax = 6.283185f
target = 0.000001f

mode = FIRESTARTER_OPTIMIZE
evolveSeed = 1
optimizeSeed = 1
tests = 256
streams = 1
units = 1
states = 1
generations = 0
population = 65536
passes = 512
attempts = 0
optimize = 1

scale = 0.300000f
startScale = 2.500000f
startResult = 10.000000f

FIRESTARTER_OPTIMIZE: Seed=1  Test=169  Generation=  2 *Result=0.00010593  Best=0.00010593   Time=0.1  Run Time=558.9
FIRESTARTER_OPTIMIZE: Seed=1  Test=169  Generation=  3 *Result=0.00009047  Best=0.00009047   Time=0.1  Run Time=559.3
FIRESTARTER_OPTIMIZE: Seed=1  Test=169  Generation=  4 *Result=0.00001845  Best=0.00001845   Time=0.1  Run Time=559.6
FIRESTARTER_OPTIMIZE: Seed=1  Test=169  Generation=  5  Result=0.00016910  Best=0.00001845   Time=0.1  Run Time=560.0
FIRESTARTER_OPTIMIZE: Seed=1  Test=169  Generation=  6  Result=0.00006402  Best=0.00001845   Time=0.1  Run Time=560.4
FIRESTARTER_OPTIMIZE: Seed=1  Test=169  Generation=  7  Result=0.00008384  Best=0.00001845   Time=0.1  Run Time=560.7
FIRESTARTER_OPTIMIZE: Seed=1  Test=169  Generation=  8  Result=0.00026585  Best=0.00001845   Time=0.1  Run Time=561.1
FIRESTARTER_OPTIMIZE: Seed=1  Test=169  Generation=  9 *Result=0.00000650  Best=0.00000650   Time=0.1  Run Time=561.5
FIRESTARTER_OPTIMIZE: Seed=1  Test=169  Generation= 10 *Result=0.00000017  Best=0.00000017   Time=0.1  Run Time=561.9
