CUDA devices = 1
Device 0: NVIDIA GeForce RTX 4090

variations = 1
instructions = 32
registers = 30
opcodes = 2
patternOpcodes = 4

targetMin = 0.000000f
targetMax = 6.283185f
target = 0.000001f

mode = FIRESTARTER_OPTIMIZE
evolveSeed = 0
optimizeSeed = 0
tests = 256
streams = 1
units = 1
states = 1
generations = 0
population = 49152
passes = 256
attempts = 0
optimize = 1

scale = 0.300000f
startScale = 2.500000f
startResult = 10.000000f

FIRESTARTER_OPTIMIZE: Seed=0  Test=240  Generation=  2 *Result=0.00063252  Best=0.00063252   Time=0.1  Run Time=715.9
FIRESTARTER_OPTIMIZE: Seed=0  Test=240  Generation=  3  Result=0.00109208  Best=0.00063252   Time=0.1  Run Time=716.2
FIRESTARTER_OPTIMIZE: Seed=0  Test=240  Generation=  4 *Result=0.00005445  Best=0.00005445   Time=0.1  Run Time=716.5
FIRESTARTER_OPTIMIZE: Seed=0  Test=240  Generation=  5  Result=0.00077108  Best=0.00005445   Time=0.1  Run Time=716.8
FIRESTARTER_OPTIMIZE: Seed=0  Test=240  Generation=  6 *Result=0.00001438  Best=0.00001438   Time=0.1  Run Time=717.1
FIRESTARTER_OPTIMIZE: Seed=0  Test=240  Generation=  7  Result=0.00018282  Best=0.00001438   Time=0.1  Run Time=717.4
FIRESTARTER_OPTIMIZE: Seed=0  Test=240  Generation=  8  Result=0.00030963  Best=0.00001438   Time=0.1  Run Time=717.7
FIRESTARTER_OPTIMIZE: Seed=0  Test=240  Generation=  9  Result=0.00134674  Best=0.00001438   Time=0.1  Run Time=718.0
FIRESTARTER_OPTIMIZE: Seed=0  Test=240  Generation= 10  Result=0.00002581  Best=0.00001438   Time=0.1  Run Time=718.2
FIRESTARTER_OPTIMIZE: Seed=0  Test=240  Generation= 11 *Result=0.00000056  Best=0.00000056   Time=0.1  Run Time=718.5
