CUDA devices = 1
Device 0: NVIDIA GeForce RTX 4090

variations = 1
samples = 15
instructions = 32
registers = 30
opcodes = 2
patternOpcodes = 4

targetMin = 0.000000f
targetMax = 6.283185f
target = 0.000001f

mode = FIRESTARTER_OPTIMIZE
evolveSeed = 0
optimizeSeed = 0
tests = 256
streams = 1
units = 1
states = 1
generations = 0
population = 65536
iterations = 64
passes = 512
candidates = 16
attempts = 0
optimize = 1

scale = 0.300000f
startScale = 2.500000f
startResult = 10.000000f

FIRESTARTER_OPTIMIZE: Seed=0  Test=81  Generation=  2 *Result=0.00045872  Best=0.00045872   Time=0.1  Run Time=338.6
FIRESTARTER_OPTIMIZE: Seed=0  Test=81  Generation=  3  Result=0.00132057  Best=0.00045872   Time=0.1  Run Time=339.1
FIRESTARTER_OPTIMIZE: Seed=0  Test=81  Generation=  4 *Result=0.00004542  Best=0.00004542   Time=0.1  Run Time=339.6
FIRESTARTER_OPTIMIZE: Seed=0  Test=81  Generation=  5  Result=0.00115542  Best=0.00004542   Time=0.1  Run Time=340.1
FIRESTARTER_OPTIMIZE: Seed=0  Test=81  Generation=  6  Result=0.00007520  Best=0.00004542   Time=0.1  Run Time=340.5
FIRESTARTER_OPTIMIZE: Seed=0  Test=81  Generation=  7  Result=0.00150514  Best=0.00004542   Time=0.1  Run Time=341.0
FIRESTARTER_OPTIMIZE: Seed=0  Test=81  Generation=  8  Result=0.00018495  Best=0.00004542   Time=0.1  Run Time=341.5
FIRESTARTER_OPTIMIZE: Seed=0  Test=81  Generation=  9  Result=0.00009778  Best=0.00004542   Time=0.1  Run Time=342.0
FIRESTARTER_OPTIMIZE: Seed=0  Test=81  Generation= 10  Result=0.00007224  Best=0.00004542   Time=0.1  Run Time=342.4
FIRESTARTER_OPTIMIZE: Seed=0  Test=81  Generation= 11  Result=0.00019664  Best=0.00004542   Time=0.1  Run Time=342.9
FIRESTARTER_OPTIMIZE: Seed=0  Test=81  Generation= 12 *Result=0.00000035  Best=0.00000035   Time=0.1  Run Time=343.4
