CUDA devices = 1
Device 0: NVIDIA GeForce RTX 4090

variations = 1
instructions = 32
registers = 30
opcodes = 2
patternOpcodes = 4

targetMin = 0.000000f
targetMax = 6.283185f
target = 0.000001f

mode = FIRESTARTER_OPTIMIZE
evolveSeed = 1
optimizeSeed = 1
tests = 256
streams = 1
units = 1
states = 1
generations = 0
population = 65536
passes = 512
attempts = 0
optimize = 1

scale = 0.300000f
startScale = 2.500000f
startResult = 10.000000f

FIRESTARTER_OPTIMIZE: Seed=1  Test=99  Generation=  2 *Result=0.00019573  Best=0.00019573   Time=0.1  Run Time=303.6
FIRESTARTER_OPTIMIZE: Seed=1  Test=99  Generation=  3 *Result=0.00018390  Best=0.00018390   Time=0.1  Run Time=304.0
FIRESTARTER_OPTIMIZE: Seed=1  Test=99  Generation=  4  Result=0.00074783  Best=0.00018390   Time=0.1  Run Time=304.3
FIRESTARTER_OPTIMIZE: Seed=1  Test=99  Generation=  5 *Result=0.00017610  Best=0.00017610   Time=0.1  Run Time=304.7
FIRESTARTER_OPTIMIZE: Seed=1  Test=99  Generation=  6 *Result=0.00016665  Best=0.00016665   Time=0.1  Run Time=305.0
FIRESTARTER_OPTIMIZE: Seed=1  Test=99  Generation=  7 *Result=0.00000843  Best=0.00000843   Time=0.1  Run Time=305.4
FIRESTARTER_OPTIMIZE: Seed=1  Test=99  Generation=  8  Result=0.00021246  Best=0.00000843   Time=0.1  Run Time=305.8
FIRESTARTER_OPTIMIZE: Seed=1  Test=99  Generation=  9  Result=0.00003566  Best=0.00000843   Time=0.1  Run Time=306.1
FIRESTARTER_OPTIMIZE: Seed=1  Test=99  Generation= 10 *Result=0.00000082  Best=0.00000082   Time=0.1  Run Time=306.5
