CUDA devices = 1
Device 0: NVIDIA GeForce RTX 4090

variations = 1
instructions = 32
registers = 30
opcodes = 2
patternOpcodes = 4

targetMin = 0.000000f
targetMax = 6.283185f
target = 0.000001f

mode = FIRESTARTER_OPTIMIZE
evolveSeed = 1
optimizeSeed = 1
tests = 256
streams = 1
units = 1
states = 1
generations = 0
population = 49152
passes = 512
attempts = 0
optimize = 1

scale = 0.300000f
startScale = 2.500000f
startResult = 10.000000f

FIRESTARTER_OPTIMIZE: Seed=1  Test=162  Generation=  2 *Result=0.00328760  Best=0.00328760   Time=0.1  Run Time=465.1
FIRESTARTER_OPTIMIZE: Seed=1  Test=162  Generation=  3 *Result=0.00000237  Best=0.00000237   Time=0.1  Run Time=465.5
FIRESTARTER_OPTIMIZE: Seed=1  Test=162  Generation=  4  Result=0.00002244  Best=0.00000237   Time=0.1  Run Time=465.9
FIRESTARTER_OPTIMIZE: Seed=1  Test=162  Generation=  5  Result=0.00001177  Best=0.00000237   Time=0.1  Run Time=466.2
FIRESTARTER_OPTIMIZE: Seed=1  Test=162  Generation=  6  Result=0.00000423  Best=0.00000237   Time=0.1  Run Time=466.6
FIRESTARTER_OPTIMIZE: Seed=1  Test=162  Generation=  7  Result=0.00005689  Best=0.00000237   Time=0.1  Run Time=466.9
FIRESTARTER_OPTIMIZE: Seed=1  Test=162  Generation=  8  Result=0.00005795  Best=0.00000237   Time=0.1  Run Time=467.3
FIRESTARTER_OPTIMIZE: Seed=1  Test=162  Generation=  9 *Result=0.00000053  Best=0.00000053   Time=0.1  Run Time=467.7
