CUDA devices = 1
Device 0: NVIDIA GeForce RTX 4090

variations = 1
samples = 15
instructions = 30
registers = 30
opcodes = 2
patternOpcodes = 4

targetMin = 0.000000f
targetMax = 6.283185f
target = 0.000001f

mode = FIRESTARTER_OPTIMIZE
evolveSeed = 0
optimizeSeed = 0
tests = 256
streams = 1
units = 1
states = 1
generations = 0
population = 65536
iterations = 64
passes = 512
candidates = 16
attempts = 0
optimize = 1

scale = 0.300000f
startScale = 2.500000f
startResult = 10.000000f

FIRESTARTER_OPTIMIZE: Seed=0  Test=171  Generation=  2 *Result=0.00075465  Best=0.00075465   Time=0.1  Run Time=579.1
FIRESTARTER_OPTIMIZE: Seed=0  Test=171  Generation=  3 *Result=0.00000399  Best=0.00000399   Time=0.1  Run Time=579.5
FIRESTARTER_OPTIMIZE: Seed=0  Test=171  Generation=  4  Result=0.00006495  Best=0.00000399   Time=0.1  Run Time=580.0
FIRESTARTER_OPTIMIZE: Seed=0  Test=171  Generation=  5  Result=0.00221401  Best=0.00000399   Time=0.1  Run Time=580.5
FIRESTARTER_OPTIMIZE: Seed=0  Test=171  Generation=  6 *Result=0.00000017  Best=0.00000017   Time=0.1  Run Time=580.9
