CUDA devices = 1
Device 0: NVIDIA GeForce RTX 4090

variations = 1
samples = 15
instructions = 32
registers = 30
opcodes = 2
patternOpcodes = 4

targetMin = 0.000000f
targetMax = 6.283185f
evolveTarget = 0.000001f

mode = FIRESTARTER_EVOLVE_GPU
evolveSeed = 0
optimizeSeed = 0
tests = 16
streams = 1
units = 1
states = 1
generations = 0
population = 8192
iterations = 64
passes = 500
candidates = 16
attempts = 0
optimize = 1

scale = 0.100000f
startScale = 2.000000f
startResult = 10.000000f

FIRESTARTER_EVOLVE_GPU: Seed=0  Test=13  Generation=  0  Age=  1  Evolution= 0  Weight=0.00000000  Old Result=10.00000000 *New Result=0.00198549  Index=5594  EvolveAge1=0  EvolveAge2=145  Best=0.00198549   BestAge=1  Time=1.5 Seconds  Run Time=1483.1 Seconds
FIRESTARTER_EVOLVE_GPU: Seed=0  Test=13  Generation=  1  Age=  1  Evolution= 0  Weight=0.00000000  Old Result=0.00198549 *New Result=0.00107417  Index=5636  EvolveAge1=0  EvolveAge2=233  Best=0.00107417   BestAge=1  Time=0.9 Seconds  Run Time=1484.0 Seconds
FIRESTARTER_EVOLVE_GPU: Seed=0  Test=13  Generation=  2  Age=  1  Evolution= 0  Weight=0.00000000  Old Result=0.00107417 *New Result=0.00014612  Index=1304  EvolveAge1=0  EvolveAge2=68  Best=0.00014612   BestAge=1  Time=1.2 Seconds  Run Time=1485.2 Seconds
FIRESTARTER_EVOLVE_GPU: Seed=0  Test=13  Generation=  3  Age=  1  Evolution= 0  Weight=0.00000000  Old Result=0.00014612 *New Result=0.00004792  Index=1304  EvolveAge1=250  EvolveAge2=136  Best=0.00004792   BestAge=1  Time=1.3 Seconds  Run Time=1486.5 Seconds
FIRESTARTER_EVOLVE_GPU: Seed=0  Test=13  Generation=  4  Age=  1  Evolution= 0  Weight=0.00000000  Old Result=0.00004792  Bad Result=0.00004792  Index=1304  EvolveAge1=750  EvolveAge2=136  Best=0.00004792   BestAge=2  Time=1.3 Seconds  Run Time=1487.8 Seconds
FIRESTARTER_OPTIMIZE_GPU: Seed=0  Test=13  Optimize=0  Generation=  3 *Result=0.00000033  Best=0.00000033   Time=2.4 Seconds  Run Time=1490.2 Seconds
