CUDA devices = 1
Device 0: NVIDIA GeForce RTX 4090

variations = 1
samples = 15
instructions = 28
registers = 28
opcodes = 2
patternOpcodes = 4

targetMin = 0.000000f
targetMax = 6.283185f
target = 0.000001f

mode = FIRESTARTER_OPTIMIZE
evolveSeed = 0
optimizeSeed = 0
tests = 256
streams = 1
units = 1
states = 1
generations = 0
population = 65536
iterations = 64
passes = 512
candidates = 16
attempts = 0
optimize = 1

scale = 0.300000f
startScale = 2.500000f
startResult = 10.000000f

FIRESTARTER_OPTIMIZE: Seed=0  Test=111  Generation=  2 *Result=0.00021171  Best=0.00021171   Time=0.1  Run Time=411.6
FIRESTARTER_OPTIMIZE: Seed=0  Test=111  Generation=  3 *Result=0.00018227  Best=0.00018227   Time=0.1  Run Time=412.0
FIRESTARTER_OPTIMIZE: Seed=0  Test=111  Generation=  4 *Result=0.00018206  Best=0.00018206   Time=0.1  Run Time=412.4
FIRESTARTER_OPTIMIZE: Seed=0  Test=111  Generation=  5 *Result=0.00000592  Best=0.00000592   Time=0.1  Run Time=412.8
FIRESTARTER_OPTIMIZE: Seed=0  Test=111  Generation=  6  Result=0.00016481  Best=0.00000592   Time=0.1  Run Time=413.3
FIRESTARTER_OPTIMIZE: Seed=0  Test=111  Generation=  7  Result=0.00018778  Best=0.00000592   Time=0.1  Run Time=413.7
FIRESTARTER_OPTIMIZE: Seed=0  Test=111  Generation=  8  Result=0.00143412  Best=0.00000592   Time=0.1  Run Time=414.1
FIRESTARTER_OPTIMIZE: Seed=0  Test=111  Generation=  9 *Result=0.00000031  Best=0.00000031   Time=0.1  Run Time=414.6
