CUDA devices = 1
Device 0: NVIDIA GeForce RTX 4090

variations = 1
instructions = 32
registers = 30
opcodes = 2
patternOpcodes = 4

targetMin = 0.000000f
targetMax = 6.283185f
target = 0.000001f

mode = FIRESTARTER_OPTIMIZE
evolveSeed = 1
optimizeSeed = 1
tests = 256
streams = 1
units = 1
states = 1
generations = 0
population = 65536
passes = 512
attempts = 0
optimize = 1

scale = 0.300000f
startScale = 2.500000f
startResult = 10.000000f

FIRESTARTER_OPTIMIZE: Seed=1  Test=55  Generation=  2 *Result=0.00009120  Best=0.00009120   Time=0.1  Run Time=181.2
FIRESTARTER_OPTIMIZE: Seed=1  Test=55  Generation=  3 *Result=0.00000450  Best=0.00000450   Time=0.1  Run Time=181.7
FIRESTARTER_OPTIMIZE: Seed=1  Test=55  Generation=  4  Result=0.00008920  Best=0.00000450   Time=0.1  Run Time=182.1
FIRESTARTER_OPTIMIZE: Seed=1  Test=55  Generation=  5  Result=0.00015775  Best=0.00000450   Time=0.1  Run Time=182.4
FIRESTARTER_OPTIMIZE: Seed=1  Test=55  Generation=  6  Result=0.00228411  Best=0.00000450   Time=0.1  Run Time=182.8
FIRESTARTER_OPTIMIZE: Seed=1  Test=55  Generation=  7  Result=0.00008243  Best=0.00000450   Time=0.1  Run Time=183.3
FIRESTARTER_OPTIMIZE: Seed=1  Test=55  Generation=  8  Result=0.00005588  Best=0.00000450   Time=0.1  Run Time=183.8
FIRESTARTER_OPTIMIZE: Seed=1  Test=55  Generation=  9  Result=0.00001824  Best=0.00000450   Time=0.1  Run Time=184.2
FIRESTARTER_OPTIMIZE: Seed=1  Test=55  Generation= 10 *Result=0.00000018  Best=0.00000018   Time=0.1  Run Time=184.7
