CUDA devices = 1
Device 0: NVIDIA GeForce RTX 4090

variations = 1
samples = 15
instructions = 28
registers = 28
opcodes = 2
patternOpcodes = 4

targetMin = 0.000000f
targetMax = 6.283185f
target = 0.000001f

mode = FIRESTARTER_OPTIMIZE
evolveSeed = 0
optimizeSeed = 0
tests = 256
streams = 1
units = 1
states = 1
generations = 0
population = 65536
iterations = 64
passes = 512
candidates = 16
attempts = 0
optimize = 1

scale = 0.300000f
startScale = 2.500000f
startResult = 10.000000f

FIRESTARTER_OPTIMIZE: Seed=0  Test=64  Generation=  2 *Result=0.00019979  Best=0.00019979   Time=0.1  Run Time=196.9
FIRESTARTER_OPTIMIZE: Seed=0  Test=64  Generation=  3  Result=0.00221164  Best=0.00019979   Time=0.1  Run Time=197.4
FIRESTARTER_OPTIMIZE: Seed=0  Test=64  Generation=  4 *Result=0.00006224  Best=0.00006224   Time=0.1  Run Time=197.8
FIRESTARTER_OPTIMIZE: Seed=0  Test=64  Generation=  5 *Result=0.00000238  Best=0.00000238   Time=0.1  Run Time=198.2
FIRESTARTER_OPTIMIZE: Seed=0  Test=64  Generation=  6  Result=0.00003541  Best=0.00000238   Time=0.1  Run Time=198.6
FIRESTARTER_OPTIMIZE: Seed=0  Test=64  Generation=  7  Result=0.00006349  Best=0.00000238   Time=0.1  Run Time=199.1
FIRESTARTER_OPTIMIZE: Seed=0  Test=64  Generation=  8 *Result=0.00000019  Best=0.00000019   Time=0.1  Run Time=199.5
