CUDA devices = 1
Device 0: NVIDIA GeForce RTX 4090

variations = 1
instructions = 32
registers = 30
opcodes = 2
patternOpcodes = 4

targetMin = 0.000000f
targetMax = 6.283185f
target = 0.000001f

mode = FIRESTARTER_OPTIMIZE
evolveSeed = 1
optimizeSeed = 1
tests = 256
streams = 1
units = 1
states = 1
generations = 0
population = 49152
passes = 512
attempts = 0
optimize = 1

scale = 0.300000f
startScale = 2.500000f
startResult = 10.000000f

FIRESTARTER_OPTIMIZE: Seed=1  Test= 6  Generation=  2 *Result=0.00037789  Best=0.00037789   Time=0.1  Run Time=16.1
FIRESTARTER_OPTIMIZE: Seed=1  Test= 6  Generation=  3 *Result=0.00017127  Best=0.00017127   Time=0.1  Run Time=16.4
FIRESTARTER_OPTIMIZE: Seed=1  Test= 6  Generation=  4 *Result=0.00000740  Best=0.00000740   Time=0.1  Run Time=16.8
FIRESTARTER_OPTIMIZE: Seed=1  Test= 6  Generation=  5  Result=0.00006220  Best=0.00000740   Time=0.1  Run Time=17.1
FIRESTARTER_OPTIMIZE: Seed=1  Test= 6  Generation=  6  Result=0.00012552  Best=0.00000740   Time=0.1  Run Time=17.5
FIRESTARTER_OPTIMIZE: Seed=1  Test= 6  Generation=  7  Result=0.00023176  Best=0.00000740   Time=0.1  Run Time=17.9
FIRESTARTER_OPTIMIZE: Seed=1  Test= 6  Generation=  8  Result=0.00018552  Best=0.00000740   Time=0.1  Run Time=18.2
FIRESTARTER_OPTIMIZE: Seed=1  Test= 6  Generation=  9 *Result=0.00000105  Best=0.00000105   Time=0.1  Run Time=18.6
FIRESTARTER_OPTIMIZE: Seed=1  Test= 6  Generation= 10  Result=0.00002977  Best=0.00000105   Time=0.1  Run Time=18.9
FIRESTARTER_OPTIMIZE: Seed=1  Test= 6  Generation= 11  Result=0.00004508  Best=0.00000105   Time=0.1  Run Time=19.3
FIRESTARTER_OPTIMIZE: Seed=1  Test= 6  Generation= 12 *Result=0.00000029  Best=0.00000029   Time=0.1  Run Time=19.6
