CUDA devices = 1
Device 0: NVIDIA GeForce RTX 4090

variations = 1
samples = 15
instructions = 32
registers = 30
opcodes = 2
patternOpcodes = 4

targetMin = 0.000000f
targetMax = 6.283185f
evolveTarget = 0.000001f

mode = FIRESTARTER_EVOLVE_GPU
evolveSeed = 0
optimizeSeed = 0
tests = 16
streams = 1
units = 1
states = 1
generations = 0
population = 8704
iterations = 64
passes = 500
candidates = 16
attempts = 0
optimize = 4

scale = 0.100000f
startScale = 2.000000f
startResult = 10.000000f

FIRESTARTER_EVOLVE_GPU: Seed=0  Test= 2  Index=   0  Id=   0  Generation=  0  Age=  1  Evolution= 0  Weight=0.00000000  Old Result=10.00000000 *New Result=0.00129569  Best=0.00129569   EvolveAge1=210  EvolveAge2=5  BestAge=1  Time=1.6 Seconds  Run Time=103.2 Seconds
FIRESTARTER_EVOLVE_GPU: Seed=0  Test= 2  Index=   0  Id=   0  Generation=  1  Age=  1  Evolution= 0  Weight=0.00000000  Old Result=10.00000000 >New Result=0.00129569  Best=0.00129569   EvolveAge1=210  EvolveAge2=5  BestAge=2  Time=1.0 Seconds  Run Time=104.2 Seconds
FIRESTARTER_EVOLVE_GPU: Seed=0  Test= 2  Index=   0  Id=   0  Generation=  2  Age=  1  Evolution= 0  Weight=0.00000000  Old Result=10.00000000 >New Result=0.00139779  Best=0.00129569   EvolveAge1=210  EvolveAge2=5  BestAge=3  Time=1.3 Seconds  Run Time=105.5 Seconds
FIRESTARTER_EVOLVE_GPU: Seed=0  Test= 2  Index=   0  Id=   0  Generation=  3  Age=  1  Evolution= 0  Weight=0.00000000  Old Result=10.00000000 >New Result=0.00139779  Best=0.00129569   EvolveAge1=210  EvolveAge2=5  BestAge=4  Time=1.3 Seconds  Run Time=108.9 Seconds
FIRESTARTER_EVOLVE_GPU: Seed=0  Test= 2  Index=   0  Id=   0  Generation=  4  Age=  1  Evolution= 0  Weight=0.00000000  Old Result=10.00000000 *New Result=0.00090051  Best=0.00090051   EvolveAge1=300  EvolveAge2=115  BestAge=1  Time=1.2 Seconds  Run Time=110.1 Seconds
FIRESTARTER_EVOLVE_GPU: Seed=0  Test= 2  Index=   0  Id=   0  Generation=  5  Age=  1  Evolution= 0  Weight=0.00000000  Old Result=10.00000000 >New Result=0.00090051  Best=0.00090051   EvolveAge1=300  EvolveAge2=115  BestAge=2  Time=1.3 Seconds  Run Time=111.5 Seconds
FIRESTARTER_EVOLVE_GPU: Seed=0  Test= 2  Index=   0  Id=   0  Generation=  6  Age=  1  Evolution= 0  Weight=0.00000000  Old Result=10.00000000 >New Result=0.00109237  Best=0.00090051   EvolveAge1=300  EvolveAge2=115  BestAge=3  Time=1.3 Seconds  Run Time=112.7 Seconds
