CUDA devices = 1
Device 0: NVIDIA GeForce RTX 4090

variations = 1
samples = 15
instructions = 28
registers = 28
opcodes = 2
patternOpcodes = 4

targetMin = 0.000000f
targetMax = 6.283185f
target = 0.000001f

mode = FIRESTARTER_OPTIMIZE
evolveSeed = 0
optimizeSeed = 0
tests = 256
streams = 1
units = 1
states = 1
generations = 0
population = 65536
iterations = 64
passes = 512
candidates = 16
attempts = 0
optimize = 1

scale = 0.300000f
startScale = 2.500000f
startResult = 10.000000f

FIRESTARTER_OPTIMIZE: Seed=0  Test=129  Generation=  2 *Result=0.00056029  Best=0.00056029   Time=0.1  Run Time=463.9
FIRESTARTER_OPTIMIZE: Seed=0  Test=129  Generation=  3  Result=0.00614195  Best=0.00056029   Time=0.1  Run Time=464.3
FIRESTARTER_OPTIMIZE: Seed=0  Test=129  Generation=  4 *Result=0.00000526  Best=0.00000526   Time=0.1  Run Time=464.8
FIRESTARTER_OPTIMIZE: Seed=0  Test=129  Generation=  5  Result=0.00033656  Best=0.00000526   Time=0.1  Run Time=465.2
FIRESTARTER_OPTIMIZE: Seed=0  Test=129  Generation=  6  Result=0.00005434  Best=0.00000526   Time=0.1  Run Time=465.6
FIRESTARTER_OPTIMIZE: Seed=0  Test=129  Generation=  7 *Result=0.00000016  Best=0.00000016   Time=0.1  Run Time=466.0
