CUDA devices = 1
Device 0: NVIDIA GeForce RTX 4090

variations = 1
instructions = 32
registers = 30
opcodes = 2
patternOpcodes = 4

targetMin = 0.000000f
targetMax = 6.283185f
target = 0.000001f

mode = FIRESTARTER_OPTIMIZE
evolveSeed = 1
optimizeSeed = 1
tests = 256
streams = 1
units = 1
states = 1
generations = 0
population = 65536
passes = 512
attempts = 0
optimize = 1

scale = 0.300000f
startScale = 2.500000f
startResult = 10.000000f

FIRESTARTER_OPTIMIZE: Seed=1  Test=15  Generation=  2 *Result=0.00025722  Best=0.00025722   Time=0.1  Run Time=38.2
FIRESTARTER_OPTIMIZE: Seed=1  Test=15  Generation=  3 *Result=0.00000336  Best=0.00000336   Time=0.1  Run Time=38.6
FIRESTARTER_OPTIMIZE: Seed=1  Test=15  Generation=  4  Result=0.00019404  Best=0.00000336   Time=0.1  Run Time=39.0
FIRESTARTER_OPTIMIZE: Seed=1  Test=15  Generation=  5  Result=0.00007132  Best=0.00000336   Time=0.1  Run Time=39.3
FIRESTARTER_OPTIMIZE: Seed=1  Test=15  Generation=  6  Result=0.00012791  Best=0.00000336   Time=0.1  Run Time=39.7
FIRESTARTER_OPTIMIZE: Seed=1  Test=15  Generation=  7  Result=0.00022763  Best=0.00000336   Time=0.1  Run Time=40.1
FIRESTARTER_OPTIMIZE: Seed=1  Test=15  Generation=  8  Result=0.00071390  Best=0.00000336   Time=0.1  Run Time=40.4
FIRESTARTER_OPTIMIZE: Seed=1  Test=15  Generation=  9 *Result=0.00000232  Best=0.00000232   Time=0.1  Run Time=40.8
FIRESTARTER_OPTIMIZE: Seed=1  Test=15  Generation= 10  Result=0.00033404  Best=0.00000232   Time=0.1  Run Time=41.2
FIRESTARTER_OPTIMIZE: Seed=1  Test=15  Generation= 11 *Result=0.00000042  Best=0.00000042   Time=0.1  Run Time=41.6
