CUDA devices = 1
Device 0: NVIDIA GeForce RTX 4090

variations = 1
instructions = 32
registers = 30
opcodes = 2
patternOpcodes = 4

targetMin = 0.000000f
targetMax = 6.283185f
target = 0.000001f

mode = FIRESTARTER_OPTIMIZE
evolveSeed = 1
optimizeSeed = 1
tests = 256
streams = 1
units = 1
states = 1
generations = 0
population = 49152
passes = 512
attempts = 0
optimize = 1

scale = 0.300000f
startScale = 2.500000f
startResult = 10.000000f

FIRESTARTER_OPTIMIZE: Seed=1  Test=197  Generation=  2 *Result=0.00021333  Best=0.00021333   Time=0.1  Run Time=574.5
FIRESTARTER_OPTIMIZE: Seed=1  Test=197  Generation=  3 *Result=0.00000137  Best=0.00000137   Time=0.1  Run Time=574.9
FIRESTARTER_OPTIMIZE: Seed=1  Test=197  Generation=  4  Result=0.00001569  Best=0.00000137   Time=0.1  Run Time=575.3
FIRESTARTER_OPTIMIZE: Seed=1  Test=197  Generation=  5  Result=0.00017509  Best=0.00000137   Time=0.1  Run Time=575.6
FIRESTARTER_OPTIMIZE: Seed=1  Test=197  Generation=  6  Result=0.00005901  Best=0.00000137   Time=0.1  Run Time=576.0
FIRESTARTER_OPTIMIZE: Seed=1  Test=197  Generation=  7  Result=0.00041575  Best=0.00000137   Time=0.1  Run Time=576.3
FIRESTARTER_OPTIMIZE: Seed=1  Test=197  Generation=  8  Result=0.00001085  Best=0.00000137   Time=0.1  Run Time=576.7
FIRESTARTER_OPTIMIZE: Seed=1  Test=197  Generation=  9  Result=0.00007170  Best=0.00000137   Time=0.1  Run Time=577.0
FIRESTARTER_OPTIMIZE: Seed=1  Test=197  Generation= 10 *Result=0.00000011  Best=0.00000011   Time=0.1  Run Time=577.4
