CUDA devices = 1
Device 0: NVIDIA GeForce RTX 4090

variations = 1
instructions = 32
registers = 30
opcodes = 2
patternOpcodes = 4

targetMin = 0.000000f
targetMax = 6.283185f
target = 0.000001f

mode = FIRESTARTER_OPTIMIZE
evolveSeed = 0
optimizeSeed = 0
tests = 256
streams = 1
units = 1
states = 1
generations = 0
population = 49152
passes = 384
attempts = 0
optimize = 1

scale = 0.300000f
startScale = 2.500000f
startResult = 10.000000f

FIRESTARTER_OPTIMIZE: Seed=0  Test=23  Generation=  2 *Result=0.00143711  Best=0.00143711   Time=0.1  Run Time=65.4
FIRESTARTER_OPTIMIZE: Seed=0  Test=23  Generation=  3 *Result=0.00000179  Best=0.00000179   Time=0.1  Run Time=65.7
FIRESTARTER_OPTIMIZE: Seed=0  Test=23  Generation=  4  Result=0.00015911  Best=0.00000179   Time=0.1  Run Time=66.0
FIRESTARTER_OPTIMIZE: Seed=0  Test=23  Generation=  5  Result=0.00004088  Best=0.00000179   Time=0.1  Run Time=66.3
FIRESTARTER_OPTIMIZE: Seed=0  Test=23  Generation=  6  Result=0.00001482  Best=0.00000179   Time=0.1  Run Time=66.6
FIRESTARTER_OPTIMIZE: Seed=0  Test=23  Generation=  7  Result=0.00001078  Best=0.00000179   Time=0.1  Run Time=66.9
FIRESTARTER_OPTIMIZE: Seed=0  Test=23  Generation=  8  Result=0.00051678  Best=0.00000179   Time=0.1  Run Time=67.3
FIRESTARTER_OPTIMIZE: Seed=0  Test=23  Generation=  9  Result=0.00003874  Best=0.00000179   Time=0.1  Run Time=67.6
FIRESTARTER_OPTIMIZE: Seed=0  Test=23  Generation= 10  Result=0.00071693  Best=0.00000179   Time=0.1  Run Time=67.9
FIRESTARTER_OPTIMIZE: Seed=0  Test=23  Generation= 11  Result=0.00091854  Best=0.00000179   Time=0.1  Run Time=68.2
FIRESTARTER_OPTIMIZE: Seed=0  Test=23  Generation= 12 *Result=0.00000015  Best=0.00000015   Time=0.1  Run Time=68.5
