CUDA devices = 1
Device 0: NVIDIA GeForce RTX 4090

variations = 1
instructions = 32
registers = 30
opcodes = 2
patternOpcodes = 4

targetMin = 0.000000f
targetMax = 6.283185f
target = 0.000001f

mode = FIRESTARTER_OPTIMIZE
evolveSeed = 0
optimizeSeed = 0
tests = 256
streams = 1
units = 1
states = 1
generations = 0
population = 65536
passes = 512
attempts = 0
optimize = 1

scale = 0.300000f
startScale = 2.500000f
startResult = 10.000000f

FIRESTARTER_OPTIMIZE: Seed=0  Test=219  Generation=  2 *Result=0.00000361  Best=0.00000361   Time=0.1  Run Time=588.7
FIRESTARTER_OPTIMIZE: Seed=0  Test=219  Generation=  3  Result=0.00013704  Best=0.00000361   Time=0.1  Run Time=589.1
FIRESTARTER_OPTIMIZE: Seed=0  Test=219  Generation=  4  Result=0.00045714  Best=0.00000361   Time=0.1  Run Time=589.4
FIRESTARTER_OPTIMIZE: Seed=0  Test=219  Generation=  5  Result=0.00000982  Best=0.00000361   Time=0.1  Run Time=589.8
FIRESTARTER_OPTIMIZE: Seed=0  Test=219  Generation=  6 *Result=0.00000114  Best=0.00000114   Time=0.1  Run Time=590.2
FIRESTARTER_OPTIMIZE: Seed=0  Test=219  Generation=  7  Result=0.00006676  Best=0.00000114   Time=0.1  Run Time=590.6
FIRESTARTER_OPTIMIZE: Seed=0  Test=219  Generation=  8  Result=0.00005406  Best=0.00000114   Time=0.1  Run Time=591.0
FIRESTARTER_OPTIMIZE: Seed=0  Test=219  Generation=  9  Result=0.00002724  Best=0.00000114   Time=0.1  Run Time=591.4
FIRESTARTER_OPTIMIZE: Seed=0  Test=219  Generation= 10  Result=0.00025167  Best=0.00000114   Time=0.1  Run Time=591.7
FIRESTARTER_OPTIMIZE: Seed=0  Test=219  Generation= 11  Result=0.00011933  Best=0.00000114   Time=0.1  Run Time=592.2
FIRESTARTER_OPTIMIZE: Seed=0  Test=219  Generation= 12 *Result=0.00000010  Best=0.00000010   Time=0.1  Run Time=592.5
