CUDA devices = 1
Device 0: NVIDIA GeForce RTX 4090

variations = 1
samples = 15
instructions = 30
registers = 30
opcodes = 2
patternOpcodes = 4

targetMin = 0.000000f
targetMax = 6.283185f
target = 0.000001f

mode = FIRESTARTER_OPTIMIZE
evolveSeed = 0
optimizeSeed = 0
tests = 256
streams = 1
units = 1
states = 1
generations = 0
population = 65536
iterations = 64
passes = 512
candidates = 16
attempts = 0
optimize = 1

scale = 0.300000f
startScale = 2.500000f
startResult = 10.000000f

FIRESTARTER_OPTIMIZE: Seed=0  Test=62  Generation=  2 *Result=0.00032452  Best=0.00032452   Time=0.1  Run Time=200.2
FIRESTARTER_OPTIMIZE: Seed=0  Test=62  Generation=  3 *Result=0.00004425  Best=0.00004425   Time=0.1  Run Time=200.6
FIRESTARTER_OPTIMIZE: Seed=0  Test=62  Generation=  4 *Result=0.00004118  Best=0.00004118   Time=0.1  Run Time=201.0
FIRESTARTER_OPTIMIZE: Seed=0  Test=62  Generation=  5  Result=0.00054091  Best=0.00004118   Time=0.1  Run Time=201.5
FIRESTARTER_OPTIMIZE: Seed=0  Test=62  Generation=  6 *Result=0.00002391  Best=0.00002391   Time=0.1  Run Time=201.9
FIRESTARTER_OPTIMIZE: Seed=0  Test=62  Generation=  7  Result=0.00019685  Best=0.00002391   Time=0.1  Run Time=202.4
FIRESTARTER_OPTIMIZE: Seed=0  Test=62  Generation=  8 *Result=0.00001543  Best=0.00001543   Time=0.1  Run Time=202.8
FIRESTARTER_OPTIMIZE: Seed=0  Test=62  Generation=  9 *Result=0.00000312  Best=0.00000312   Time=0.1  Run Time=203.3
FIRESTARTER_OPTIMIZE: Seed=0  Test=62  Generation= 10  Result=0.00004280  Best=0.00000312   Time=0.1  Run Time=203.7
FIRESTARTER_OPTIMIZE: Seed=0  Test=62  Generation= 11 *Result=0.00000005  Best=0.00000005   Time=0.1  Run Time=204.2
