CUDA devices = 1
Device 0: NVIDIA GeForce RTX 4090

variations = 1
samples = 15
instructions = 32
registers = 30
opcodes = 2
patternOpcodes = 4

targetMin = 0.000000f
targetMax = 6.283185f
target = 0.000001f

mode = FIRESTARTER_OPTIMIZE
evolveSeed = 0
optimizeSeed = 0
tests = 256
streams = 1
units = 1
states = 1
generations = 0
population = 65536
iterations = 64
passes = 512
candidates = 16
attempts = 0
optimize = 1

scale = 0.300000f
startScale = 2.500000f
startResult = 10.000000f

FIRESTARTER_OPTIMIZE: Seed=0  Test=216  Generation=  2 *Result=0.00010449  Best=0.00010449   Time=0.1  Run Time=906.1
FIRESTARTER_OPTIMIZE: Seed=0  Test=216  Generation=  3  Result=0.00614232  Best=0.00010449   Time=0.1  Run Time=906.6
FIRESTARTER_OPTIMIZE: Seed=0  Test=216  Generation=  4 *Result=0.00000548  Best=0.00000548   Time=0.1  Run Time=907.0
FIRESTARTER_OPTIMIZE: Seed=0  Test=216  Generation=  5  Result=0.00001540  Best=0.00000548   Time=0.1  Run Time=907.5
FIRESTARTER_OPTIMIZE: Seed=0  Test=216  Generation=  6  Result=0.00009373  Best=0.00000548   Time=0.1  Run Time=907.9
FIRESTARTER_OPTIMIZE: Seed=0  Test=216  Generation=  7  Result=0.00012518  Best=0.00000548   Time=0.1  Run Time=908.4
FIRESTARTER_OPTIMIZE: Seed=0  Test=216  Generation=  8  Result=0.00000639  Best=0.00000548   Time=0.1  Run Time=908.8
FIRESTARTER_OPTIMIZE: Seed=0  Test=216  Generation=  9  Result=0.00013929  Best=0.00000548   Time=0.1  Run Time=909.3
FIRESTARTER_OPTIMIZE: Seed=0  Test=216  Generation= 10  Result=0.00003858  Best=0.00000548   Time=0.1  Run Time=909.8
FIRESTARTER_OPTIMIZE: Seed=0  Test=216  Generation= 11 *Result=0.00000069  Best=0.00000069   Time=0.1  Run Time=910.2
