CUDA devices = 1
Device 0: NVIDIA GeForce RTX 4090

variations = 1
instructions = 32
registers = 30
opcodes = 2
patternOpcodes = 4

targetMin = 0.000000f
targetMax = 6.283185f
target = 0.000001f

mode = FIRESTARTER_OPTIMIZE
evolveSeed = 0
optimizeSeed = 0
tests = 256
streams = 1
units = 1
states = 1
generations = 0
population = 65536
passes = 512
attempts = 0
optimize = 1

scale = 0.300000f
startScale = 2.500000f
startResult = 10.000000f

FIRESTARTER_OPTIMIZE: Seed=0  Test=139  Generation=  2 *Result=0.00132793  Best=0.00132793   Time=0.1  Run Time=383.7
FIRESTARTER_OPTIMIZE: Seed=0  Test=139  Generation=  3 *Result=0.00000618  Best=0.00000618   Time=0.1  Run Time=384.1
FIRESTARTER_OPTIMIZE: Seed=0  Test=139  Generation=  4  Result=0.00028297  Best=0.00000618   Time=0.1  Run Time=384.5
FIRESTARTER_OPTIMIZE: Seed=0  Test=139  Generation=  5  Result=0.00001712  Best=0.00000618   Time=0.1  Run Time=384.9
FIRESTARTER_OPTIMIZE: Seed=0  Test=139  Generation=  6 *Result=0.00000167  Best=0.00000167   Time=0.1  Run Time=385.3
FIRESTARTER_OPTIMIZE: Seed=0  Test=139  Generation=  7  Result=0.00001346  Best=0.00000167   Time=0.1  Run Time=385.7
FIRESTARTER_OPTIMIZE: Seed=0  Test=139  Generation=  8  Result=0.00000259  Best=0.00000167   Time=0.1  Run Time=386.0
FIRESTARTER_OPTIMIZE: Seed=0  Test=139  Generation=  9 *Result=0.00000038  Best=0.00000038   Time=0.1  Run Time=386.4
