CUDA devices = 1
Device 0: NVIDIA GeForce RTX 4090

variations = 1
samples = 15
instructions = 32
registers = 30
opcodes = 2
patternOpcodes = 4

targetMin = 0.000000f
targetMax = 6.283185f
target = 0.000001f

mode = FIRESTARTER_OPTIMIZE
evolveSeed = 123
optimizeSeed = 123
tests = 256
streams = 1
units = 1
states = 1
generations = 0
population = 65536
iterations = 64
passes = 512
candidates = 16
attempts = 0
optimize = 1

scale = 0.300000f
startScale = 2.500000f
startResult = 10.000000f

FIRESTARTER_OPTIMIZE: Seed=123  Test=209  Generation=  2 *Result=0.00096988  Best=0.00096988   Time=0.1  Run Time=623.6
FIRESTARTER_OPTIMIZE: Seed=123  Test=209  Generation=  3 *Result=0.00038813  Best=0.00038813   Time=0.1  Run Time=624.1
FIRESTARTER_OPTIMIZE: Seed=123  Test=209  Generation=  4 *Result=0.00000219  Best=0.00000219   Time=0.1  Run Time=624.5
FIRESTARTER_OPTIMIZE: Seed=123  Test=209  Generation=  5  Result=0.00005154  Best=0.00000219   Time=0.1  Run Time=625.0
FIRESTARTER_OPTIMIZE: Seed=123  Test=209  Generation=  6  Result=0.00011764  Best=0.00000219   Time=0.1  Run Time=625.4
FIRESTARTER_OPTIMIZE: Seed=123  Test=209  Generation=  7  Result=0.00005221  Best=0.00000219   Time=0.1  Run Time=625.9
FIRESTARTER_OPTIMIZE: Seed=123  Test=209  Generation=  8  Result=0.00000888  Best=0.00000219   Time=0.1  Run Time=626.3
FIRESTARTER_OPTIMIZE: Seed=123  Test=209  Generation=  9  Result=0.00007035  Best=0.00000219   Time=0.1  Run Time=626.8
FIRESTARTER_OPTIMIZE: Seed=123  Test=209  Generation= 10 *Result=0.00000021  Best=0.00000021   Time=0.1  Run Time=627.2
