CUDA devices = 1
Device 0: NVIDIA GeForce RTX 4090

variations = 1
instructions = 32
registers = 30
opcodes = 2
patternOpcodes = 4

targetMin = 0.000000f
targetMax = 6.283185f
target = 0.000001f

mode = FIRESTARTER_OPTIMIZE
evolveSeed = 0
optimizeSeed = 0
tests = 256
streams = 1
units = 1
states = 1
generations = 0
population = 32768
passes = 512
attempts = 0
optimize = 1

scale = 0.300000f
startScale = 2.500000f
startResult = 10.000000f

FIRESTARTER_OPTIMIZE: Seed=0  Test=156  Generation=  2 *Result=0.00010209  Best=0.00010209   Time=0.1  Run Time=456.0
FIRESTARTER_OPTIMIZE: Seed=0  Test=156  Generation=  3  Result=0.00031235  Best=0.00010209   Time=0.1  Run Time=456.3
FIRESTARTER_OPTIMIZE: Seed=0  Test=156  Generation=  4  Result=0.00027865  Best=0.00010209   Time=0.1  Run Time=456.6
FIRESTARTER_OPTIMIZE: Seed=0  Test=156  Generation=  5  Result=0.00018406  Best=0.00010209   Time=0.1  Run Time=456.9
FIRESTARTER_OPTIMIZE: Seed=0  Test=156  Generation=  6  Result=0.00072893  Best=0.00010209   Time=0.1  Run Time=457.2
FIRESTARTER_OPTIMIZE: Seed=0  Test=156  Generation=  7 *Result=0.00000027  Best=0.00000027   Time=0.1  Run Time=457.5
