CUDA devices = 1
Device 0: NVIDIA GeForce RTX 4090

variations = 1
instructions = 32
registers = 30
opcodes = 2
patternOpcodes = 4

targetMin = 0.000000f
targetMax = 6.283185f
target = 0.000001f

mode = FIRESTARTER_OPTIMIZE
evolveSeed = 0
optimizeSeed = 0
tests = 256
streams = 1
units = 1
states = 1
generations = 0
population = 65536
passes = 384
attempts = 0
optimize = 1

scale = 0.300000f
startScale = 2.500000f
startResult = 10.000000f

FIRESTARTER_OPTIMIZE: Seed=0  Test=218  Generation=  2 *Result=0.00034696  Best=0.00034696   Time=0.1  Run Time=573.5
FIRESTARTER_OPTIMIZE: Seed=0  Test=218  Generation=  3 *Result=0.00006950  Best=0.00006950   Time=0.1  Run Time=573.9
FIRESTARTER_OPTIMIZE: Seed=0  Test=218  Generation=  4 *Result=0.00000110  Best=0.00000110   Time=0.1  Run Time=574.2
FIRESTARTER_OPTIMIZE: Seed=0  Test=218  Generation=  5  Result=0.00010827  Best=0.00000110   Time=0.1  Run Time=574.6
FIRESTARTER_OPTIMIZE: Seed=0  Test=218  Generation=  6  Result=0.00008494  Best=0.00000110   Time=0.1  Run Time=574.9
FIRESTARTER_OPTIMIZE: Seed=0  Test=218  Generation=  7 *Result=0.00000040  Best=0.00000040   Time=0.1  Run Time=575.2
