CUDA devices = 1
Device 0: NVIDIA GeForce RTX 4090

variations = 1
samples = 15
instructions = 32
registers = 30
opcodes = 2
patternOpcodes = 4

targetMin = 0.000000f
targetMax = 6.283185f
target = 0.000001f

mode = FIRESTARTER_OPTIMIZE
evolveSeed = 0
optimizeSeed = 0
tests = 256
streams = 1
units = 1
states = 1
generations = 0
population = 65536
iterations = 64
passes = 512
candidates = 16
attempts = 0
optimize = 1

scale = 0.100000f
startScale = 4.000000f
startResult = 10.000000f

FIRESTARTER_OPTIMIZE: Seed=0  Test=45  Generation=  2 *Result=0.00021765  Best=0.00021765   Time=0.1  Run Time=381.4
FIRESTARTER_OPTIMIZE: Seed=0  Test=45  Generation=  3  Result=0.00050610  Best=0.00021765   Time=0.1  Run Time=381.8
FIRESTARTER_OPTIMIZE: Seed=0  Test=45  Generation=  4 *Result=0.00002189  Best=0.00002189   Time=0.1  Run Time=382.3
FIRESTARTER_OPTIMIZE: Seed=0  Test=45  Generation=  5 *Result=0.00001398  Best=0.00001398   Time=0.1  Run Time=382.8
FIRESTARTER_OPTIMIZE: Seed=0  Test=45  Generation=  6  Result=0.00240058  Best=0.00001398   Time=0.1  Run Time=383.2
FIRESTARTER_OPTIMIZE: Seed=0  Test=45  Generation=  7  Result=0.00028838  Best=0.00001398   Time=0.1  Run Time=383.7
FIRESTARTER_OPTIMIZE: Seed=0  Test=45  Generation=  8 *Result=0.00000349  Best=0.00000349   Time=0.1  Run Time=384.2
FIRESTARTER_OPTIMIZE: Seed=0  Test=45  Generation=  9  Result=0.00143131  Best=0.00000349   Time=0.1  Run Time=384.6
FIRESTARTER_OPTIMIZE: Seed=0  Test=45  Generation= 10  Result=0.00054586  Best=0.00000349   Time=0.1  Run Time=385.1
FIRESTARTER_OPTIMIZE: Seed=0  Test=45  Generation= 11  Result=0.00003955  Best=0.00000349   Time=0.1  Run Time=385.6
FIRESTARTER_OPTIMIZE: Seed=0  Test=45  Generation= 12  Result=0.00013241  Best=0.00000349   Time=0.1  Run Time=386.0
FIRESTARTER_OPTIMIZE: Seed=0  Test=45  Generation= 13  Result=0.00013879  Best=0.00000349   Time=0.1  Run Time=386.5
FIRESTARTER_OPTIMIZE: Seed=0  Test=45  Generation= 14 *Result=0.00000021  Best=0.00000021   Time=0.1  Run Time=387.0
