CUDA devices = 1
Device 0: NVIDIA GeForce RTX 4090

variations = 1
instructions = 32
registers = 30
opcodes = 2
patternOpcodes = 4

targetMin = 0.000000f
targetMax = 6.283185f
target = 0.000001f

mode = FIRESTARTER_OPTIMIZE
evolveSeed = 1
optimizeSeed = 1
tests = 256
streams = 1
units = 1
states = 1
generations = 0
population = 65536
passes = 512
attempts = 0
optimize = 1

scale = 0.300000f
startScale = 2.500000f
startResult = 10.000000f

FIRESTARTER_OPTIMIZE: Seed=1  Test=205  Generation=  2 *Result=0.00000478  Best=0.00000478   Time=0.1  Run Time=633.1
FIRESTARTER_OPTIMIZE: Seed=1  Test=205  Generation=  3  Result=0.00005880  Best=0.00000478   Time=0.1  Run Time=633.6
FIRESTARTER_OPTIMIZE: Seed=1  Test=205  Generation=  4  Result=0.00005427  Best=0.00000478   Time=0.1  Run Time=634.0
FIRESTARTER_OPTIMIZE: Seed=1  Test=205  Generation=  5  Result=0.00013381  Best=0.00000478   Time=0.1  Run Time=634.5
FIRESTARTER_OPTIMIZE: Seed=1  Test=205  Generation=  6 *Result=0.00000203  Best=0.00000203   Time=0.1  Run Time=634.9
FIRESTARTER_OPTIMIZE: Seed=1  Test=205  Generation=  7  Result=0.00009004  Best=0.00000203   Time=0.1  Run Time=635.4
FIRESTARTER_OPTIMIZE: Seed=1  Test=205  Generation=  8  Result=0.00000370  Best=0.00000203   Time=0.1  Run Time=635.8
FIRESTARTER_OPTIMIZE: Seed=1  Test=205  Generation=  9 *Result=0.00000010  Best=0.00000010   Time=0.1  Run Time=636.3
