CUDA devices = 1
Device 0: NVIDIA GeForce RTX 4090

variations = 1
instructions = 32
registers = 30
opcodes = 2
patternOpcodes = 4

targetMin = 0.000000f
targetMax = 6.283185f
target = 0.000001f

mode = FIRESTARTER_OPTIMIZE
evolveSeed = 1
optimizeSeed = 1
tests = 256
streams = 1
units = 1
states = 1
generations = 0
population = 65536
passes = 512
attempts = 0
optimize = 1

scale = 0.300000f
startScale = 2.500000f
startResult = 10.000000f

FIRESTARTER_OPTIMIZE: Seed=1  Test=124  Generation=  2 *Result=0.00026780  Best=0.00026780   Time=0.1  Run Time=334.8
FIRESTARTER_OPTIMIZE: Seed=1  Test=124  Generation=  3 *Result=0.00006446  Best=0.00006446   Time=0.1  Run Time=335.2
FIRESTARTER_OPTIMIZE: Seed=1  Test=124  Generation=  4 *Result=0.00005818  Best=0.00005818   Time=0.1  Run Time=335.6
FIRESTARTER_OPTIMIZE: Seed=1  Test=124  Generation=  5  Result=0.00007036  Best=0.00005818   Time=0.1  Run Time=335.9
FIRESTARTER_OPTIMIZE: Seed=1  Test=124  Generation=  6  Result=0.00021741  Best=0.00005818   Time=0.1  Run Time=336.3
FIRESTARTER_OPTIMIZE: Seed=1  Test=124  Generation=  7  Result=0.00007253  Best=0.00005818   Time=0.1  Run Time=336.7
FIRESTARTER_OPTIMIZE: Seed=1  Test=124  Generation=  8 *Result=0.00002080  Best=0.00002080   Time=0.1  Run Time=337.0
FIRESTARTER_OPTIMIZE: Seed=1  Test=124  Generation=  9  Result=0.00007548  Best=0.00002080   Time=0.1  Run Time=337.4
FIRESTARTER_OPTIMIZE: Seed=1  Test=124  Generation= 10 *Result=0.00000014  Best=0.00000014   Time=0.1  Run Time=337.8
