CUDA devices = 1
Device 0: NVIDIA GeForce RTX 4090

variations = 1
instructions = 32
registers = 30
opcodes = 2
patternOpcodes = 4

targetMin = 0.000000f
targetMax = 6.283185f
target = 0.000001f

mode = FIRESTARTER_OPTIMIZE
evolveSeed = 2
optimizeSeed = 2
tests = 256
streams = 1
units = 1
states = 1
generations = 0
population = 65536
passes = 384
attempts = 0
optimize = 1

scale = 0.300000f
startScale = 2.500000f
startResult = 10.000000f

FIRESTARTER_OPTIMIZE: Seed=2  Test=228  Generation=  2 *Result=0.00013892  Best=0.00013892   Time=0.1  Run Time=570.3
FIRESTARTER_OPTIMIZE: Seed=2  Test=228  Generation=  3 *Result=0.00006562  Best=0.00006562   Time=0.1  Run Time=570.6
FIRESTARTER_OPTIMIZE: Seed=2  Test=228  Generation=  4 *Result=0.00004206  Best=0.00004206   Time=0.1  Run Time=570.9
FIRESTARTER_OPTIMIZE: Seed=2  Test=228  Generation=  5 *Result=0.00002503  Best=0.00002503   Time=0.1  Run Time=571.2
FIRESTARTER_OPTIMIZE: Seed=2  Test=228  Generation=  6  Result=0.00003469  Best=0.00002503   Time=0.1  Run Time=571.5
FIRESTARTER_OPTIMIZE: Seed=2  Test=228  Generation=  7  Result=0.00011357  Best=0.00002503   Time=0.1  Run Time=571.8
FIRESTARTER_OPTIMIZE: Seed=2  Test=228  Generation=  8  Result=0.00011307  Best=0.00002503   Time=0.1  Run Time=572.1
FIRESTARTER_OPTIMIZE: Seed=2  Test=228  Generation=  9 *Result=0.00000013  Best=0.00000013   Time=0.1  Run Time=572.4
