CUDA devices = 1
Device 0: NVIDIA GeForce RTX 4090

variations = 1
instructions = 32
registers = 30
opcodes = 2
patternOpcodes = 4

targetMin = 0.000000f
targetMax = 6.283185f
target = 0.000001f

mode = FIRESTARTER_OPTIMIZE
evolveSeed = 1
optimizeSeed = 1
tests = 256
streams = 1
units = 1
states = 1
generations = 0
population = 49152
passes = 384
attempts = 0
optimize = 1

scale = 0.300000f
startScale = 2.500000f
startResult = 10.000000f

FIRESTARTER_OPTIMIZE: Seed=1  Test=222  Generation=  2 *Result=0.00059015  Best=0.00059015   Time=0.1  Run Time=644.0
FIRESTARTER_OPTIMIZE: Seed=1  Test=222  Generation=  3 *Result=0.00018832  Best=0.00018832   Time=0.1  Run Time=644.3
FIRESTARTER_OPTIMIZE: Seed=1  Test=222  Generation=  4 *Result=0.00008918  Best=0.00008918   Time=0.1  Run Time=644.6
FIRESTARTER_OPTIMIZE: Seed=1  Test=222  Generation=  5  Result=0.00017738  Best=0.00008918   Time=0.1  Run Time=644.9
FIRESTARTER_OPTIMIZE: Seed=1  Test=222  Generation=  6  Result=0.00064363  Best=0.00008918   Time=0.1  Run Time=645.2
FIRESTARTER_OPTIMIZE: Seed=1  Test=222  Generation=  7 *Result=0.00000034  Best=0.00000034   Time=0.1  Run Time=645.5
