CUDA devices = 1
Device 0: NVIDIA GeForce RTX 4090

variations = 1
instructions = 32
registers = 30
opcodes = 2
patternOpcodes = 4

targetMin = 0.000000f
targetMax = 6.283185f
target = 0.000001f

mode = FIRESTARTER_OPTIMIZE
evolveSeed = 0
optimizeSeed = 0
tests = 256
streams = 1
units = 1
states = 1
generations = 0
population = 65536
passes = 512
attempts = 0
optimize = 1

scale = 0.300000f
startScale = 2.500000f
startResult = 10.000000f

FIRESTARTER_OPTIMIZE: Seed=0  Test=143  Generation=  2 *Result=0.00614911  Best=0.00614911   Time=0.1  Run Time=402.0
FIRESTARTER_OPTIMIZE: Seed=0  Test=143  Generation=  3 *Result=0.00005271  Best=0.00005271   Time=0.1  Run Time=402.4
FIRESTARTER_OPTIMIZE: Seed=0  Test=143  Generation=  4  Result=0.00026064  Best=0.00005271   Time=0.1  Run Time=402.8
FIRESTARTER_OPTIMIZE: Seed=0  Test=143  Generation=  5  Result=0.00128979  Best=0.00005271   Time=0.1  Run Time=403.1
FIRESTARTER_OPTIMIZE: Seed=0  Test=143  Generation=  6  Result=0.00006217  Best=0.00005271   Time=0.1  Run Time=403.5
FIRESTARTER_OPTIMIZE: Seed=0  Test=143  Generation=  7 *Result=0.00000780  Best=0.00000780   Time=0.1  Run Time=403.8
FIRESTARTER_OPTIMIZE: Seed=0  Test=143  Generation=  8  Result=0.00012188  Best=0.00000780   Time=0.1  Run Time=404.2
FIRESTARTER_OPTIMIZE: Seed=0  Test=143  Generation=  9 *Result=0.00000066  Best=0.00000066   Time=0.1  Run Time=404.5
