CUDA devices = 1
Device 0: NVIDIA GeForce RTX 4090

variations = 1
samples = 15
instructions = 32
registers = 30
opcodes = 2
patternOpcodes = 4

targetMin = 0.000000f
targetMax = 6.283185f
target = 0.000001f

mode = FIRESTARTER_OPTIMIZE
evolveSeed = 123
optimizeSeed = 123
tests = 256
streams = 1
units = 1
states = 1
generations = 0
population = 65536
iterations = 64
passes = 512
candidates = 16
attempts = 0
optimize = 1

scale = 0.300000f
startScale = 2.500000f
startResult = 10.000000f

FIRESTARTER_OPTIMIZE: Seed=123  Test=99  Generation=  2 *Result=0.00018783  Best=0.00018783   Time=0.1  Run Time=306.7
FIRESTARTER_OPTIMIZE: Seed=123  Test=99  Generation=  3 *Result=0.00004159  Best=0.00004159   Time=0.1  Run Time=307.1
FIRESTARTER_OPTIMIZE: Seed=123  Test=99  Generation=  4 *Result=0.00001967  Best=0.00001967   Time=0.1  Run Time=307.6
FIRESTARTER_OPTIMIZE: Seed=123  Test=99  Generation=  5  Result=0.00064200  Best=0.00001967   Time=0.1  Run Time=308.0
FIRESTARTER_OPTIMIZE: Seed=123  Test=99  Generation=  6  Result=0.00019684  Best=0.00001967   Time=0.1  Run Time=308.5
FIRESTARTER_OPTIMIZE: Seed=123  Test=99  Generation=  7  Result=0.00013168  Best=0.00001967   Time=0.1  Run Time=308.9
FIRESTARTER_OPTIMIZE: Seed=123  Test=99  Generation=  8  Result=0.00010687  Best=0.00001967   Time=0.1  Run Time=309.3
FIRESTARTER_OPTIMIZE: Seed=123  Test=99  Generation=  9  Result=0.00019331  Best=0.00001967   Time=0.1  Run Time=309.7
FIRESTARTER_OPTIMIZE: Seed=123  Test=99  Generation= 10 *Result=0.00000801  Best=0.00000801   Time=0.1  Run Time=310.2
FIRESTARTER_OPTIMIZE: Seed=123  Test=99  Generation= 11 *Result=0.00000013  Best=0.00000013   Time=0.1  Run Time=310.6
