CUDA devices = 1
Device 0: NVIDIA GeForce RTX 4090

variations = 1
samples = 15
instructions = 32
registers = 30
opcodes = 2
patternOpcodes = 4

targetMin = 0.000000f
targetMax = 6.283185f
target = 0.000001f

mode = FIRESTARTER_EVOLVE_GPU
evolveSeed = 0
optimizeSeed = 0
tests = 16
streams = 1
units = 1
states = 1
generations = 0
population = 8192
iterations = 64
passes = 100
candidates = 16
attempts = 0
optimize = 1

scale = 0.100000f
startScale = 2.000000f
startResult = 10.000000f

FIRESTARTER_EVOLVE_GPU: Seed=0  Test=11  Generation=  0  Age=  1  Evolution= 0  Weight=0.00000000  Old Result=10.00000000 *New Result=0.00520343  Index=2944  EvolveAge1=0  EvolveAge2=4  Best=0.00520343   BestAge=0  Time=0.5 Seconds  Run Time=376.1 Seconds
FIRESTARTER_EVOLVE_GPU: Seed=0  Test=11  Generation=  1  Age=  1  Evolution= 0  Weight=0.00000000  Old Result=0.00520343 *New Result=0.00497919  Index=2944  EvolveAge1=19  EvolveAge2=54  Best=0.00497919   BestAge=0  Time=0.6 Seconds  Run Time=376.6 Seconds
FIRESTARTER_EVOLVE_GPU: Seed=0  Test=11  Generation=  2  Age=  1  Evolution= 0  Weight=0.00000000  Old Result=0.00497919  Bad Result=0.00710667  Index=1463  EvolveAge1=0  EvolveAge2=54  Best=0.00497919   BestAge=1  Time=0.7 Seconds  Run Time=377.3 Seconds
FIRESTARTER_EVOLVE_GPU: Seed=0  Test=11  Generation=  3  Age=  1  Evolution= 0  Weight=0.00000000  Old Result=0.00710667 >New Result=0.00690877  Index=5970  EvolveAge1=0  EvolveAge2=99  Best=0.00497919   BestAge=2  Time=0.7 Seconds  Run Time=378.0 Seconds
FIRESTARTER_EVOLVE_GPU: Seed=0  Test=11  Generation=  4  Age=  1  Evolution= 0  Weight=0.00000000  Old Result=0.00690877 >New Result=0.00639263  Index=5970  EvolveAge1=3  EvolveAge2=165  Best=0.00497919   BestAge=3  Time=0.7 Seconds  Run Time=378.6 Seconds
FIRESTARTER_EVOLVE_GPU: Seed=0  Test=11  Generation=  5  Age=  1  Evolution= 0  Weight=0.00000000  Old Result=0.00639263 >New Result=0.00619566  Index=5970  EvolveAge1=0  EvolveAge2=243  Best=0.00497919   BestAge=4  Time=0.7 Seconds  Run Time=379.3 Seconds
FIRESTARTER_OPTIMIZE_CPU: Seed=0  Test=11  Optimize=0  Generation=  0 *Result=0.00103023  Best=0.00103023   Time=4.0 Seconds  Run Time=379.6 Seconds
FIRESTARTER_EVOLVE_GPU: Seed=0  Test=11  Generation=  6  Age=  1  Evolution= 0  Weight=0.00000000  Old Result=0.00619566 >New Result=0.00602871  Index=5970  EvolveAge1=0  EvolveAge2=310  Best=0.00103023   BestAge=1  Time=0.6 Seconds  Run Time=379.8 Seconds
FIRESTARTER_EVOLVE_GPU: Seed=0  Test=11  Generation=  7  Age=  1  Evolution= 0  Weight=0.00000000  Old Result=0.00602871 >New Result=0.00461537  Index=4369  EvolveAge1=0  EvolveAge2=24  Best=0.00103023   BestAge=2  Time=0.7 Seconds  Run Time=380.5 Seconds
FIRESTARTER_EVOLVE_GPU: Seed=0  Test=11  Generation=  8  Age=  1  Evolution= 0  Weight=0.00000000  Old Result=0.00461537 >New Result=0.00308680  Index=4369  EvolveAge1=2  EvolveAge2=36  Best=0.00103023   BestAge=3  Time=0.7 Seconds  Run Time=381.2 Seconds
FIRESTARTER_EVOLVE_GPU: Seed=0  Test=11  Generation=  9  Age=  1  Evolution= 0  Weight=0.00000000  Old Result=0.00308680 >New Result=0.00268924  Index=4369  EvolveAge1=0  EvolveAge2=72  Best=0.00103023   BestAge=4  Time=0.7 Seconds  Run Time=381.8 Seconds
FIRESTARTER_EVOLVE_GPU: Seed=0  Test=11  Generation= 10  Age=  1  Evolution= 0  Weight=0.00000000  Old Result=0.00268924 >New Result=0.00254786  Index=4369  EvolveAge1=0  EvolveAge2=129  Best=0.00103023   BestAge=5  Time=0.7 Seconds  Run Time=382.5 Seconds
FIRESTARTER_OPTIMIZE_CPU: Seed=0  Test=11  Optimize=0  Generation=  2 *Result=0.00000024  Best=0.00000024   Time=6.5 Seconds  Run Time=383.1 Seconds
