CUDA devices = 1
Device 0: NVIDIA GeForce RTX 4090

variations = 1
instructions = 32
registers = 30
opcodes = 2
patternOpcodes = 4

targetMin = 0.000000f
targetMax = 6.283185f
target = 0.000001f

mode = FIRESTARTER_OPTIMIZE
evolveSeed = 1
optimizeSeed = 1
tests = 256
streams = 1
units = 1
states = 1
generations = 0
population = 65536
passes = 512
attempts = 0
optimize = 1

scale = 0.300000f
startScale = 2.500000f
startResult = 10.000000f

FIRESTARTER_OPTIMIZE: Seed=1  Test=202  Generation=  2 *Result=0.00002385  Best=0.00002385   Time=0.1  Run Time=644.3
FIRESTARTER_OPTIMIZE: Seed=1  Test=202  Generation=  3 *Result=0.00000431  Best=0.00000431   Time=0.1  Run Time=644.7
FIRESTARTER_OPTIMIZE: Seed=1  Test=202  Generation=  4  Result=0.00000616  Best=0.00000431   Time=0.1  Run Time=645.0
FIRESTARTER_OPTIMIZE: Seed=1  Test=202  Generation=  5 *Result=0.00000010  Best=0.00000010   Time=0.1  Run Time=645.4
