CUDA devices = 1
Device 0: NVIDIA GeForce RTX 4090

variations = 1
instructions = 32
registers = 30
opcodes = 2
patternOpcodes = 4

targetMin = 0.000000f
targetMax = 6.283185f
target = 0.000001f

mode = FIRESTARTER_OPTIMIZE
evolveSeed = 1
optimizeSeed = 1
tests = 256
streams = 1
units = 1
states = 1
generations = 0
population = 65536
passes = 512
attempts = 0
optimize = 1

scale = 0.300000f
startScale = 2.500000f
startResult = 10.000000f

FIRESTARTER_OPTIMIZE: Seed=1  Test=57  Generation=  2 *Result=0.00004744  Best=0.00004744   Time=0.1  Run Time=187.3
FIRESTARTER_OPTIMIZE: Seed=1  Test=57  Generation=  3  Result=0.00014964  Best=0.00004744   Time=0.1  Run Time=187.7
FIRESTARTER_OPTIMIZE: Seed=1  Test=57  Generation=  4  Result=0.00005042  Best=0.00004744   Time=0.1  Run Time=188.2
FIRESTARTER_OPTIMIZE: Seed=1  Test=57  Generation=  5 *Result=0.00000329  Best=0.00000329   Time=0.1  Run Time=188.7
FIRESTARTER_OPTIMIZE: Seed=1  Test=57  Generation=  6  Result=0.00001195  Best=0.00000329   Time=0.1  Run Time=189.1
FIRESTARTER_OPTIMIZE: Seed=1  Test=57  Generation=  7  Result=0.00005216  Best=0.00000329   Time=0.1  Run Time=189.6
FIRESTARTER_OPTIMIZE: Seed=1  Test=57  Generation=  8  Result=0.00016026  Best=0.00000329   Time=0.1  Run Time=190.0
FIRESTARTER_OPTIMIZE: Seed=1  Test=57  Generation=  9  Result=0.00032009  Best=0.00000329   Time=0.1  Run Time=190.5
FIRESTARTER_OPTIMIZE: Seed=1  Test=57  Generation= 10 *Result=0.00000160  Best=0.00000160   Time=0.1  Run Time=190.9
FIRESTARTER_OPTIMIZE: Seed=1  Test=57  Generation= 11  Result=0.00221479  Best=0.00000160   Time=0.1  Run Time=191.4
FIRESTARTER_OPTIMIZE: Seed=1  Test=57  Generation= 12 *Result=0.00000019  Best=0.00000019   Time=0.1  Run Time=191.9
