CUDA devices = 1
Device 0: NVIDIA GeForce RTX 4090

variations = 1
instructions = 32
registers = 30
opcodes = 2
patternOpcodes = 4

targetMin = 0.000000f
targetMax = 6.283185f
target = 0.000001f

mode = FIRESTARTER_OPTIMIZE
evolveSeed = 0
optimizeSeed = 0
tests = 256
streams = 1
units = 1
states = 1
generations = 0
population = 65536
passes = 512
attempts = 0
optimize = 1

scale = 0.300000f
startScale = 2.500000f
startResult = 10.000000f

FIRESTARTER_OPTIMIZE: Seed=0  Test=32  Generation=  2 *Result=0.00028270  Best=0.00028270   Time=0.1  Run Time=70.2
FIRESTARTER_OPTIMIZE: Seed=0  Test=32  Generation=  3 *Result=0.00028174  Best=0.00028174   Time=0.1  Run Time=70.6
FIRESTARTER_OPTIMIZE: Seed=0  Test=32  Generation=  4  Result=0.00227830  Best=0.00028174   Time=0.1  Run Time=71.0
FIRESTARTER_OPTIMIZE: Seed=0  Test=32  Generation=  5 *Result=0.00001234  Best=0.00001234   Time=0.1  Run Time=71.3
FIRESTARTER_OPTIMIZE: Seed=0  Test=32  Generation=  6  Result=0.00006122  Best=0.00001234   Time=0.1  Run Time=71.7
FIRESTARTER_OPTIMIZE: Seed=0  Test=32  Generation=  7 *Result=0.00001230  Best=0.00001230   Time=0.1  Run Time=72.1
FIRESTARTER_OPTIMIZE: Seed=0  Test=32  Generation=  8  Result=0.00018121  Best=0.00001230   Time=0.1  Run Time=72.5
FIRESTARTER_OPTIMIZE: Seed=0  Test=32  Generation=  9  Result=0.00041142  Best=0.00001230   Time=0.1  Run Time=72.8
FIRESTARTER_OPTIMIZE: Seed=0  Test=32  Generation= 10 *Result=0.00000062  Best=0.00000062   Time=0.1  Run Time=73.2
