CUDA devices = 1
Device 0: NVIDIA GeForce RTX 4090

variations = 1
instructions = 32
registers = 30
opcodes = 2
patternOpcodes = 4

targetMin = 0.000000f
targetMax = 6.283185f
target = 0.000001f

mode = FIRESTARTER_OPTIMIZE
evolveSeed = 1
optimizeSeed = 1
tests = 256
streams = 1
units = 1
states = 1
generations = 0
population = 65536
passes = 512
attempts = 0
optimize = 1

scale = 0.300000f
startScale = 2.500000f
startResult = 10.000000f

FIRESTARTER_OPTIMIZE: Seed=1  Test=201  Generation=  2 *Result=0.00018303  Best=0.00018303   Time=0.1  Run Time=642.6
FIRESTARTER_OPTIMIZE: Seed=1  Test=201  Generation=  3 *Result=0.00000178  Best=0.00000178   Time=0.1  Run Time=643.0
FIRESTARTER_OPTIMIZE: Seed=1  Test=201  Generation=  4  Result=0.00003157  Best=0.00000178   Time=0.1  Run Time=643.4
FIRESTARTER_OPTIMIZE: Seed=1  Test=201  Generation=  5 *Result=0.00000009  Best=0.00000009   Time=0.1  Run Time=643.8
