CUDA devices = 1
Device 0: NVIDIA GeForce RTX 4090

variations = 1
samples = 15
instructions = 32
registers = 30
opcodes = 2
patternOpcodes = 4

targetMin = 0.000000f
targetMax = 6.283185f
target = 0.000001f

mode = FIRESTARTER_OPTIMIZE
evolveSeed = 0
optimizeSeed = 0
tests = 256
streams = 1
units = 1
states = 1
generations = 0
population = 65536
iterations = 64
passes = 512
candidates = 16
attempts = 0
optimize = 1

scale = 0.300000f
startScale = 2.500000f
startResult = 10.000000f

FIRESTARTER_OPTIMIZE: Seed=0  Test=175  Generation=  2 *Result=0.00006241  Best=0.00006241   Time=0.1  Run Time=737.8
FIRESTARTER_OPTIMIZE: Seed=0  Test=175  Generation=  3  Result=0.00613890  Best=0.00006241   Time=0.1  Run Time=738.3
FIRESTARTER_OPTIMIZE: Seed=0  Test=175  Generation=  4  Result=0.00641290  Best=0.00006241   Time=0.1  Run Time=738.8
FIRESTARTER_OPTIMIZE: Seed=0  Test=175  Generation=  5  Result=0.00615025  Best=0.00006241   Time=0.1  Run Time=739.2
FIRESTARTER_OPTIMIZE: Seed=0  Test=175  Generation=  6 *Result=0.00004327  Best=0.00004327   Time=0.1  Run Time=739.7
FIRESTARTER_OPTIMIZE: Seed=0  Test=175  Generation=  7  Result=0.00221123  Best=0.00004327   Time=0.1  Run Time=740.2
FIRESTARTER_OPTIMIZE: Seed=0  Test=175  Generation=  8  Result=0.00011529  Best=0.00004327   Time=0.1  Run Time=740.7
FIRESTARTER_OPTIMIZE: Seed=0  Test=175  Generation=  9  Result=0.00092226  Best=0.00004327   Time=0.1  Run Time=741.1
FIRESTARTER_OPTIMIZE: Seed=0  Test=175  Generation= 10 *Result=0.00000200  Best=0.00000200   Time=0.1  Run Time=741.6
FIRESTARTER_OPTIMIZE: Seed=0  Test=175  Generation= 11  Result=0.00000469  Best=0.00000200   Time=0.1  Run Time=742.1
FIRESTARTER_OPTIMIZE: Seed=0  Test=175  Generation= 12  Result=0.00044894  Best=0.00000200   Time=0.1  Run Time=742.6
FIRESTARTER_OPTIMIZE: Seed=0  Test=175  Generation= 13 *Result=0.00000014  Best=0.00000014   Time=0.1  Run Time=743.1
