CUDA devices = 1
Device 0: NVIDIA GeForce RTX 4090

variations = 1
samples = 15
instructions = 32
registers = 30
opcodes = 2
patternOpcodes = 4

targetMin = 0.000000f
targetMax = 6.283185f
target = 0.000001f

mode = FIRESTARTER_OPTIMIZE
evolveSeed = 0
optimizeSeed = 0
tests = 256
streams = 1
units = 1
states = 1
generations = 0
population = 65536
iterations = 64
passes = 512
candidates = 16
attempts = 0
optimize = 1

scale = 0.300000f
startScale = 2.500000f
startResult = 10.000000f

FIRESTARTER_OPTIMIZE: Seed=0  Test=240  Generation=  2 *Result=0.00003368  Best=0.00003368   Time=0.1  Run Time=974.5
FIRESTARTER_OPTIMIZE: Seed=0  Test=240  Generation=  3 *Result=0.00001113  Best=0.00001113   Time=0.1  Run Time=974.9
FIRESTARTER_OPTIMIZE: Seed=0  Test=240  Generation=  4  Result=0.00019297  Best=0.00001113   Time=0.1  Run Time=975.3
FIRESTARTER_OPTIMIZE: Seed=0  Test=240  Generation=  5 *Result=0.00000780  Best=0.00000780   Time=0.1  Run Time=975.8
FIRESTARTER_OPTIMIZE: Seed=0  Test=240  Generation=  6  Result=0.00006751  Best=0.00000780   Time=0.1  Run Time=976.2
FIRESTARTER_OPTIMIZE: Seed=0  Test=240  Generation=  7  Result=0.00221116  Best=0.00000780   Time=0.1  Run Time=976.7
FIRESTARTER_OPTIMIZE: Seed=0  Test=240  Generation=  8  Result=0.00016708  Best=0.00000780   Time=0.1  Run Time=977.1
FIRESTARTER_OPTIMIZE: Seed=0  Test=240  Generation=  9  Result=0.00088188  Best=0.00000780   Time=0.1  Run Time=977.6
FIRESTARTER_OPTIMIZE: Seed=0  Test=240  Generation= 10  Result=0.00002724  Best=0.00000780   Time=0.1  Run Time=978.0
FIRESTARTER_OPTIMIZE: Seed=0  Test=240  Generation= 11  Result=0.00012639  Best=0.00000780   Time=0.1  Run Time=978.4
FIRESTARTER_OPTIMIZE: Seed=0  Test=240  Generation= 12  Result=0.00143343  Best=0.00000780   Time=0.1  Run Time=978.9
FIRESTARTER_OPTIMIZE: Seed=0  Test=240  Generation= 13  Result=0.00080276  Best=0.00000780   Time=0.1  Run Time=979.3
FIRESTARTER_OPTIMIZE: Seed=0  Test=240  Generation= 14 *Result=0.00000027  Best=0.00000027   Time=0.1  Run Time=979.8
