CUDA devices = 1
Device 0: NVIDIA GeForce RTX 4090

variations = 1
samples = 15
instructions = 24
registers = 24
opcodes = 2
patternOpcodes = 4

targetMin = 0.000000f
targetMax = 6.283185f
target = 0.000001f

mode = FIRESTARTER_OPTIMIZE
evolveSeed = 0
optimizeSeed = 0
tests = 256
streams = 1
units = 1
states = 1
generations = 0
population = 65536
iterations = 64
passes = 512
candidates = 16
attempts = 0
optimize = 1

scale = 0.300000f
startScale = 2.500000f
startResult = 10.000000f

FIRESTARTER_OPTIMIZE: Seed=0  Test=17  Generation=  2 *Result=0.00613938  Best=0.00613938   Time=0.1  Run Time=70.9
FIRESTARTER_OPTIMIZE: Seed=0  Test=17  Generation=  3 *Result=0.00012243  Best=0.00012243   Time=0.1  Run Time=71.3
FIRESTARTER_OPTIMIZE: Seed=0  Test=17  Generation=  4 *Result=0.00000822  Best=0.00000822   Time=0.1  Run Time=71.6
FIRESTARTER_OPTIMIZE: Seed=0  Test=17  Generation=  5  Result=0.00006331  Best=0.00000822   Time=0.1  Run Time=72.0
FIRESTARTER_OPTIMIZE: Seed=0  Test=17  Generation=  6  Result=0.00001500  Best=0.00000822   Time=0.1  Run Time=72.4
FIRESTARTER_OPTIMIZE: Seed=0  Test=17  Generation=  7  Result=0.00018225  Best=0.00000822   Time=0.1  Run Time=72.7
FIRESTARTER_OPTIMIZE: Seed=0  Test=17  Generation=  8  Result=0.00001502  Best=0.00000822   Time=0.1  Run Time=73.1
FIRESTARTER_OPTIMIZE: Seed=0  Test=17  Generation=  9  Result=0.00082088  Best=0.00000822   Time=0.1  Run Time=73.5
FIRESTARTER_OPTIMIZE: Seed=0  Test=17  Generation= 10  Result=0.00018247  Best=0.00000822   Time=0.1  Run Time=73.9
FIRESTARTER_OPTIMIZE: Seed=0  Test=17  Generation= 11  Result=0.00018217  Best=0.00000822   Time=0.1  Run Time=74.2
FIRESTARTER_OPTIMIZE: Seed=0  Test=17  Generation= 12  Result=0.00018072  Best=0.00000822   Time=0.1  Run Time=74.6
FIRESTARTER_OPTIMIZE: Seed=0  Test=17  Generation= 13 *Result=0.00000012  Best=0.00000012   Time=0.1  Run Time=75.0
