CUDA devices = 1
Device 0: NVIDIA GeForce RTX 4090

variations = 1
samples = 15
instructions = 32
registers = 30
opcodes = 2
patternOpcodes = 4

targetMin = 0.000000f
targetMax = 6.283185f
target = 0.000001f

mode = FIRESTARTER_OPTIMIZE
evolveSeed = 0
optimizeSeed = 0
tests = 256
streams = 1
units = 1
states = 1
generations = 0
population = 65536
iterations = 64
passes = 512
candidates = 16
attempts = 0
optimize = 1

scale = 0.100000f
startScale = 3.000000f
startResult = 10.000000f

FIRESTARTER_OPTIMIZE: Seed=0  Test=116  Generation=  2 *Result=0.00003664  Best=0.00003664   Time=0.1  Run Time=727.8
FIRESTARTER_OPTIMIZE: Seed=0  Test=116  Generation=  3  Result=0.00004259  Best=0.00003664   Time=0.1  Run Time=728.3
FIRESTARTER_OPTIMIZE: Seed=0  Test=116  Generation=  4  Result=0.00205505  Best=0.00003664   Time=0.1  Run Time=728.7
FIRESTARTER_OPTIMIZE: Seed=0  Test=116  Generation=  5  Result=0.00085416  Best=0.00003664   Time=0.1  Run Time=729.1
FIRESTARTER_OPTIMIZE: Seed=0  Test=116  Generation=  6 *Result=0.00002684  Best=0.00002684   Time=0.1  Run Time=729.6
FIRESTARTER_OPTIMIZE: Seed=0  Test=116  Generation=  7  Result=0.00018212  Best=0.00002684   Time=0.1  Run Time=730.0
FIRESTARTER_OPTIMIZE: Seed=0  Test=116  Generation=  8  Result=0.00008635  Best=0.00002684   Time=0.1  Run Time=730.5
FIRESTARTER_OPTIMIZE: Seed=0  Test=116  Generation=  9 *Result=0.00002378  Best=0.00002378   Time=0.1  Run Time=730.9
FIRESTARTER_OPTIMIZE: Seed=0  Test=116  Generation= 10  Result=0.00226347  Best=0.00002378   Time=0.1  Run Time=731.4
FIRESTARTER_OPTIMIZE: Seed=0  Test=116  Generation= 11 *Result=0.00000515  Best=0.00000515   Time=0.1  Run Time=731.8
FIRESTARTER_OPTIMIZE: Seed=0  Test=116  Generation= 12 *Result=0.00000036  Best=0.00000036   Time=0.1  Run Time=732.2
