CUDA devices = 1
Device 0: NVIDIA GeForce RTX 4090

variations = 1
instructions = 32
registers = 30
opcodes = 2
patternOpcodes = 4

targetMin = 0.000000f
targetMax = 6.283185f
target = 0.000001f

mode = FIRESTARTER_OPTIMIZE
evolveSeed = 0
optimizeSeed = 0
tests = 256
streams = 1
units = 1
states = 1
generations = 0
population = 32768
passes = 512
attempts = 0
optimize = 1

scale = 0.300000f
startScale = 2.500000f
startResult = 10.000000f

FIRESTARTER_OPTIMIZE: Seed=0  Test=45  Generation=  2 *Result=0.00018224  Best=0.00018224   Time=0.1  Run Time=124.3
FIRESTARTER_OPTIMIZE: Seed=0  Test=45  Generation=  3 *Result=0.00005507  Best=0.00005507   Time=0.1  Run Time=124.6
FIRESTARTER_OPTIMIZE: Seed=0  Test=45  Generation=  4  Result=0.00008622  Best=0.00005507   Time=0.1  Run Time=124.9
FIRESTARTER_OPTIMIZE: Seed=0  Test=45  Generation=  5  Result=0.00018261  Best=0.00005507   Time=0.1  Run Time=125.3
FIRESTARTER_OPTIMIZE: Seed=0  Test=45  Generation=  6  Result=0.00019825  Best=0.00005507   Time=0.1  Run Time=125.6
FIRESTARTER_OPTIMIZE: Seed=0  Test=45  Generation=  7  Result=0.00018892  Best=0.00005507   Time=0.1  Run Time=125.9
FIRESTARTER_OPTIMIZE: Seed=0  Test=45  Generation=  8  Result=0.00009924  Best=0.00005507   Time=0.1  Run Time=126.3
FIRESTARTER_OPTIMIZE: Seed=0  Test=45  Generation=  9 *Result=0.00000022  Best=0.00000022   Time=0.1  Run Time=126.6
