CUDA devices = 1
Device 0: NVIDIA GeForce RTX 4090

variations = 1
samples = 15
instructions = 24
registers = 24
opcodes = 2
patternOpcodes = 4

targetMin = 0.000000f
targetMax = 6.283185f
target = 0.000001f

mode = FIRESTARTER_OPTIMIZE
evolveSeed = 0
optimizeSeed = 0
tests = 256
streams = 1
units = 1
states = 1
generations = 0
population = 65536
iterations = 64
passes = 512
candidates = 16
attempts = 0
optimize = 1

scale = 0.300000f
startScale = 2.500000f
startResult = 10.000000f

FIRESTARTER_OPTIMIZE: Seed=0  Test= 5  Generation=  2 *Result=0.00018251  Best=0.00018251   Time=0.1  Run Time=25.5
FIRESTARTER_OPTIMIZE: Seed=0  Test= 5  Generation=  3  Result=0.00161259  Best=0.00018251   Time=0.1  Run Time=25.9
FIRESTARTER_OPTIMIZE: Seed=0  Test= 5  Generation=  4  Result=0.00023290  Best=0.00018251   Time=0.1  Run Time=26.3
FIRESTARTER_OPTIMIZE: Seed=0  Test= 5  Generation=  5  Result=0.00050908  Best=0.00018251   Time=0.1  Run Time=26.7
FIRESTARTER_OPTIMIZE: Seed=0  Test= 5  Generation=  6 *Result=0.00005215  Best=0.00005215   Time=0.1  Run Time=27.1
FIRESTARTER_OPTIMIZE: Seed=0  Test= 5  Generation=  7  Result=0.00231974  Best=0.00005215   Time=0.1  Run Time=27.5
FIRESTARTER_OPTIMIZE: Seed=0  Test= 5  Generation=  8  Result=0.00149536  Best=0.00005215   Time=0.1  Run Time=27.9
FIRESTARTER_OPTIMIZE: Seed=0  Test= 5  Generation=  9 *Result=0.00001862  Best=0.00001862   Time=0.1  Run Time=28.3
FIRESTARTER_OPTIMIZE: Seed=0  Test= 5  Generation= 10  Result=0.00013868  Best=0.00001862   Time=0.1  Run Time=28.8
FIRESTARTER_OPTIMIZE: Seed=0  Test= 5  Generation= 11 *Result=0.00000250  Best=0.00000250   Time=0.1  Run Time=29.2
FIRESTARTER_OPTIMIZE: Seed=0  Test= 5  Generation= 12 *Result=0.00000078  Best=0.00000078   Time=0.1  Run Time=29.6
