CUDA devices = 1
Device 0: NVIDIA GeForce RTX 4090

variations = 1
instructions = 32
registers = 30
opcodes = 2
patternOpcodes = 4

targetMin = 0.000000f
targetMax = 6.283185f
target = 0.000001f

mode = FIRESTARTER_OPTIMIZE
evolveSeed = 1
optimizeSeed = 1
tests = 256
streams = 1
units = 1
states = 1
generations = 0
population = 65536
passes = 384
attempts = 0
optimize = 1

scale = 0.300000f
startScale = 2.500000f
startResult = 10.000000f

FIRESTARTER_OPTIMIZE: Seed=1  Test=22  Generation=  2 *Result=0.00006583  Best=0.00006583   Time=0.1  Run Time=52.6
FIRESTARTER_OPTIMIZE: Seed=1  Test=22  Generation=  3 *Result=0.00000905  Best=0.00000905   Time=0.1  Run Time=52.9
FIRESTARTER_OPTIMIZE: Seed=1  Test=22  Generation=  4 *Result=0.00000566  Best=0.00000566   Time=0.1  Run Time=53.2
FIRESTARTER_OPTIMIZE: Seed=1  Test=22  Generation=  5  Result=0.00005841  Best=0.00000566   Time=0.1  Run Time=53.5
FIRESTARTER_OPTIMIZE: Seed=1  Test=22  Generation=  6  Result=0.00323279  Best=0.00000566   Time=0.1  Run Time=53.8
FIRESTARTER_OPTIMIZE: Seed=1  Test=22  Generation=  7  Result=0.00225830  Best=0.00000566   Time=0.1  Run Time=54.1
FIRESTARTER_OPTIMIZE: Seed=1  Test=22  Generation=  8 *Result=0.00000027  Best=0.00000027   Time=0.1  Run Time=54.4
