CUDA devices = 1
Device 0: NVIDIA GeForce RTX 4090

variations = 1
instructions = 32
registers = 30
opcodes = 2
patternOpcodes = 4

targetMin = 0.000000f
targetMax = 6.283185f
target = 0.000001f

mode = FIRESTARTER_OPTIMIZE
evolveSeed = 2
optimizeSeed = 2
tests = 256
streams = 1
units = 1
states = 1
generations = 0
population = 65536
passes = 384
attempts = 0
optimize = 1

scale = 0.300000f
startScale = 2.500000f
startResult = 10.000000f

FIRESTARTER_OPTIMIZE: Seed=2  Test=121  Generation=  2 *Result=0.00000700  Best=0.00000700   Time=0.1  Run Time=288.8
FIRESTARTER_OPTIMIZE: Seed=2  Test=121  Generation=  3  Result=0.00002201  Best=0.00000700   Time=0.1  Run Time=289.1
FIRESTARTER_OPTIMIZE: Seed=2  Test=121  Generation=  4  Result=0.00027561  Best=0.00000700   Time=0.1  Run Time=289.4
FIRESTARTER_OPTIMIZE: Seed=2  Test=121  Generation=  5 *Result=0.00000100  Best=0.00000100   Time=0.1  Run Time=289.7
FIRESTARTER_OPTIMIZE: Seed=2  Test=121  Generation=  6  Result=0.00005533  Best=0.00000100   Time=0.1  Run Time=290.0
FIRESTARTER_OPTIMIZE: Seed=2  Test=121  Generation=  7  Result=0.00028653  Best=0.00000100   Time=0.1  Run Time=290.3
FIRESTARTER_OPTIMIZE: Seed=2  Test=121  Generation=  8  Result=0.00004098  Best=0.00000100   Time=0.1  Run Time=290.6
FIRESTARTER_OPTIMIZE: Seed=2  Test=121  Generation=  9  Result=0.00028064  Best=0.00000100   Time=0.1  Run Time=290.9
FIRESTARTER_OPTIMIZE: Seed=2  Test=121  Generation= 10  Result=0.00023684  Best=0.00000100   Time=0.1  Run Time=291.2
FIRESTARTER_OPTIMIZE: Seed=2  Test=121  Generation= 11 *Result=0.00000060  Best=0.00000060   Time=0.1  Run Time=291.5
