CUDA devices = 1
Device 0: NVIDIA GeForce RTX 4090

variations = 1
samples = 15
instructions = 32
registers = 30
opcodes = 2
patternOpcodes = 4

targetMin = 0.000000f
targetMax = 6.283185f
target = 0.000001f

mode = FIRESTARTER_OPTIMIZE
evolveSeed = 0
optimizeSeed = 0
tests = 256
streams = 1
units = 1
states = 1
generations = 0
population = 65536
iterations = 64
passes = 512
candidates = 16
attempts = 0
optimize = 1

scale = 0.200000f
startScale = 2.500000f
startResult = 10.000000f

FIRESTARTER_OPTIMIZE: Seed=0  Test=104  Generation=  2 *Result=0.00001692  Best=0.00001692   Time=0.1  Run Time=434.6
FIRESTARTER_OPTIMIZE: Seed=0  Test=104  Generation=  3  Result=0.00615048  Best=0.00001692   Time=0.1  Run Time=435.0
FIRESTARTER_OPTIMIZE: Seed=0  Test=104  Generation=  4  Result=0.00010837  Best=0.00001692   Time=0.1  Run Time=435.4
FIRESTARTER_OPTIMIZE: Seed=0  Test=104  Generation=  5 *Result=0.00000107  Best=0.00000107   Time=0.1  Run Time=435.9
FIRESTARTER_OPTIMIZE: Seed=0  Test=104  Generation=  6  Result=0.00022873  Best=0.00000107   Time=0.1  Run Time=436.3
FIRESTARTER_OPTIMIZE: Seed=0  Test=104  Generation=  7  Result=0.00000232  Best=0.00000107   Time=0.1  Run Time=436.8
FIRESTARTER_OPTIMIZE: Seed=0  Test=104  Generation=  8  Result=0.00174426  Best=0.00000107   Time=0.1  Run Time=437.2
FIRESTARTER_OPTIMIZE: Seed=0  Test=104  Generation=  9  Result=0.00004207  Best=0.00000107   Time=0.1  Run Time=437.7
FIRESTARTER_OPTIMIZE: Seed=0  Test=104  Generation= 10  Result=0.00048488  Best=0.00000107   Time=0.1  Run Time=438.1
FIRESTARTER_OPTIMIZE: Seed=0  Test=104  Generation= 11 *Result=0.00000046  Best=0.00000046   Time=0.1  Run Time=438.5
