CUDA devices = 1
Device 0: NVIDIA GeForce RTX 4090

variations = 1
samples = 15
instructions = 32
registers = 30
opcodes = 2
patternOpcodes = 4

targetMin = 0.000000f
targetMax = 6.283185f
target = 0.000001f

mode = FIRESTARTER_OPTIMIZE
evolveSeed = 123
optimizeSeed = 123
tests = 256
streams = 1
units = 1
states = 1
generations = 0
population = 65536
iterations = 64
passes = 512
candidates = 16
attempts = 0
optimize = 1

scale = 0.300000f
startScale = 2.500000f
startResult = 10.000000f

FIRESTARTER_OPTIMIZE: Seed=123  Test=75  Generation=  2 *Result=0.00003551  Best=0.00003551   Time=0.1  Run Time=241.0
FIRESTARTER_OPTIMIZE: Seed=123  Test=75  Generation=  3  Result=0.00013158  Best=0.00003551   Time=0.1  Run Time=241.3
FIRESTARTER_OPTIMIZE: Seed=123  Test=75  Generation=  4  Result=0.00053308  Best=0.00003551   Time=0.1  Run Time=241.7
FIRESTARTER_OPTIMIZE: Seed=123  Test=75  Generation=  5  Result=0.00022182  Best=0.00003551   Time=0.1  Run Time=242.1
FIRESTARTER_OPTIMIZE: Seed=123  Test=75  Generation=  6  Result=0.00006232  Best=0.00003551   Time=0.1  Run Time=242.5
FIRESTARTER_OPTIMIZE: Seed=123  Test=75  Generation=  7 *Result=0.00001264  Best=0.00001264   Time=0.1  Run Time=242.9
FIRESTARTER_OPTIMIZE: Seed=123  Test=75  Generation=  8 *Result=0.00000742  Best=0.00000742   Time=0.1  Run Time=243.3
FIRESTARTER_OPTIMIZE: Seed=123  Test=75  Generation=  9 *Result=0.00000015  Best=0.00000015   Time=0.1  Run Time=243.7
