CUDA devices = 1
Device 0: NVIDIA GeForce RTX 4090

variations = 1
samples = 15
instructions = 32
registers = 30
opcodes = 2
patternOpcodes = 4

targetMin = 0.000000f
targetMax = 6.283185f
target = 0.000001f

mode = FIRESTARTER_OPTIMIZE
evolveSeed = 0
optimizeSeed = 0
tests = 256
streams = 1
units = 1
states = 1
generations = 0
population = 65536
iterations = 64
passes = 512
candidates = 16
attempts = 0
optimize = 1

scale = 0.300000f
startScale = 2.500000f
startResult = 10.000000f

FIRESTARTER_OPTIMIZE: Seed=0  Test=172  Generation=  2 *Result=0.00000240  Best=0.00000240   Time=0.1  Run Time=716.2
FIRESTARTER_OPTIMIZE: Seed=0  Test=172  Generation=  3  Result=0.00004786  Best=0.00000240   Time=0.1  Run Time=716.6
FIRESTARTER_OPTIMIZE: Seed=0  Test=172  Generation=  4  Result=0.00010407  Best=0.00000240   Time=0.1  Run Time=717.1
FIRESTARTER_OPTIMIZE: Seed=0  Test=172  Generation=  5  Result=0.00192520  Best=0.00000240   Time=0.1  Run Time=717.6
FIRESTARTER_OPTIMIZE: Seed=0  Test=172  Generation=  6  Result=0.00002827  Best=0.00000240   Time=0.1  Run Time=718.0
FIRESTARTER_OPTIMIZE: Seed=0  Test=172  Generation=  7 *Result=0.00000134  Best=0.00000134   Time=0.1  Run Time=718.5
FIRESTARTER_OPTIMIZE: Seed=0  Test=172  Generation=  8  Result=0.00008935  Best=0.00000134   Time=0.1  Run Time=719.0
FIRESTARTER_OPTIMIZE: Seed=0  Test=172  Generation=  9  Result=0.00018238  Best=0.00000134   Time=0.1  Run Time=719.4
FIRESTARTER_OPTIMIZE: Seed=0  Test=172  Generation= 10 *Result=0.00000011  Best=0.00000011   Time=0.1  Run Time=719.9
