CUDA devices = 1
Device 0: NVIDIA GeForce RTX 4090

variations = 1
instructions = 32
registers = 30
opcodes = 2
patternOpcodes = 4

targetMin = 0.000000f
targetMax = 6.283185f
target = 0.000001f

mode = FIRESTARTER_OPTIMIZE
evolveSeed = 1
optimizeSeed = 1
tests = 256
streams = 1
units = 1
states = 1
generations = 0
population = 49152
passes = 384
attempts = 0
optimize = 1

scale = 0.300000f
startScale = 2.500000f
startResult = 10.000000f

FIRESTARTER_OPTIMIZE: Seed=1  Test=47  Generation=  2 *Result=0.00097810  Best=0.00097810   Time=0.1  Run Time=124.9
FIRESTARTER_OPTIMIZE: Seed=1  Test=47  Generation=  3 *Result=0.00026691  Best=0.00026691   Time=0.1  Run Time=125.2
FIRESTARTER_OPTIMIZE: Seed=1  Test=47  Generation=  4  Result=0.00613117  Best=0.00026691   Time=0.1  Run Time=125.6
FIRESTARTER_OPTIMIZE: Seed=1  Test=47  Generation=  5 *Result=0.00000209  Best=0.00000209   Time=0.1  Run Time=125.9
FIRESTARTER_OPTIMIZE: Seed=1  Test=47  Generation=  6  Result=0.00051055  Best=0.00000209   Time=0.1  Run Time=126.2
FIRESTARTER_OPTIMIZE: Seed=1  Test=47  Generation=  7  Result=0.00151270  Best=0.00000209   Time=0.1  Run Time=126.5
FIRESTARTER_OPTIMIZE: Seed=1  Test=47  Generation=  8 *Result=0.00000107  Best=0.00000107   Time=0.1  Run Time=126.9
FIRESTARTER_OPTIMIZE: Seed=1  Test=47  Generation=  9  Result=0.00247003  Best=0.00000107   Time=0.1  Run Time=127.3
FIRESTARTER_OPTIMIZE: Seed=1  Test=47  Generation= 10  Result=0.00018615  Best=0.00000107   Time=0.1  Run Time=127.7
FIRESTARTER_OPTIMIZE: Seed=1  Test=47  Generation= 11  Result=0.00015114  Best=0.00000107   Time=0.1  Run Time=128.1
FIRESTARTER_OPTIMIZE: Seed=1  Test=47  Generation= 12 *Result=0.00000051  Best=0.00000051   Time=0.1  Run Time=128.5
