CUDA devices = 1
Device 0: NVIDIA GeForce RTX 4090

variations = 1
samples = 15
instructions = 32
registers = 30
opcodes = 2
patternOpcodes = 4

targetMin = 0.000000f
targetMax = 6.283185f
target = 0.000001f

mode = FIRESTARTER_OPTIMIZE
evolveSeed = 0
optimizeSeed = 0
tests = 256
streams = 1
units = 1
states = 1
generations = 0
population = 65536
iterations = 64
passes = 512
candidates = 16
attempts = 0
optimize = 1

scale = 0.100000f
startScale = 3.000000f
startResult = 10.000000f

FIRESTARTER_OPTIMIZE: Seed=0  Test=207  Generation=  2 *Result=0.00017017  Best=0.00017017   Time=0.1  Run Time=1265.1
FIRESTARTER_OPTIMIZE: Seed=0  Test=207  Generation=  3  Result=0.00042427  Best=0.00017017   Time=0.1  Run Time=1265.5
FIRESTARTER_OPTIMIZE: Seed=0  Test=207  Generation=  4 *Result=0.00000847  Best=0.00000847   Time=0.1  Run Time=1265.9
FIRESTARTER_OPTIMIZE: Seed=0  Test=207  Generation=  5  Result=0.00057482  Best=0.00000847   Time=0.1  Run Time=1266.4
FIRESTARTER_OPTIMIZE: Seed=0  Test=207  Generation=  6  Result=0.00079006  Best=0.00000847   Time=0.1  Run Time=1266.8
FIRESTARTER_OPTIMIZE: Seed=0  Test=207  Generation=  7  Result=0.00012418  Best=0.00000847   Time=0.1  Run Time=1267.3
FIRESTARTER_OPTIMIZE: Seed=0  Test=207  Generation=  8 *Result=0.00000236  Best=0.00000236   Time=0.1  Run Time=1267.7
FIRESTARTER_OPTIMIZE: Seed=0  Test=207  Generation=  9  Result=0.00618970  Best=0.00000236   Time=0.1  Run Time=1268.2
FIRESTARTER_OPTIMIZE: Seed=0  Test=207  Generation= 10  Result=0.00010132  Best=0.00000236   Time=0.1  Run Time=1268.6
FIRESTARTER_OPTIMIZE: Seed=0  Test=207  Generation= 11  Result=0.00083661  Best=0.00000236   Time=0.1  Run Time=1269.1
FIRESTARTER_OPTIMIZE: Seed=0  Test=207  Generation= 12  Result=0.00615116  Best=0.00000236   Time=0.1  Run Time=1269.5
FIRESTARTER_OPTIMIZE: Seed=0  Test=207  Generation= 13  Result=0.00037318  Best=0.00000236   Time=0.1  Run Time=1270.0
FIRESTARTER_OPTIMIZE: Seed=0  Test=207  Generation= 14 *Result=0.00000020  Best=0.00000020   Time=0.1  Run Time=1270.4
