CUDA devices = 1
Device 0: NVIDIA GeForce RTX 4090

variations = 1
instructions = 32
registers = 30
opcodes = 2
patternOpcodes = 4

targetMin = 0.000000f
targetMax = 6.283185f
target = 0.000001f

mode = FIRESTARTER_OPTIMIZE
evolveSeed = 0
optimizeSeed = 0
tests = 256
streams = 1
units = 1
states = 1
generations = 0
population = 49152
passes = 384
attempts = 0
optimize = 1

scale = 0.300000f
startScale = 2.500000f
startResult = 10.000000f

FIRESTARTER_OPTIMIZE: Seed=0  Test=192  Generation=  2 *Result=0.00019312  Best=0.00019312   Time=0.1  Run Time=509.8
FIRESTARTER_OPTIMIZE: Seed=0  Test=192  Generation=  3 *Result=0.00001136  Best=0.00001136   Time=0.1  Run Time=510.1
FIRESTARTER_OPTIMIZE: Seed=0  Test=192  Generation=  4  Result=0.00005558  Best=0.00001136   Time=0.1  Run Time=510.4
FIRESTARTER_OPTIMIZE: Seed=0  Test=192  Generation=  5 *Result=0.00000437  Best=0.00000437   Time=0.1  Run Time=510.7
FIRESTARTER_OPTIMIZE: Seed=0  Test=192  Generation=  6  Result=0.00003162  Best=0.00000437   Time=0.1  Run Time=511.0
FIRESTARTER_OPTIMIZE: Seed=0  Test=192  Generation=  7  Result=0.00005324  Best=0.00000437   Time=0.1  Run Time=511.3
FIRESTARTER_OPTIMIZE: Seed=0  Test=192  Generation=  8  Result=0.00002512  Best=0.00000437   Time=0.1  Run Time=511.6
FIRESTARTER_OPTIMIZE: Seed=0  Test=192  Generation=  9  Result=0.00004264  Best=0.00000437   Time=0.1  Run Time=512.0
FIRESTARTER_OPTIMIZE: Seed=0  Test=192  Generation= 10 *Result=0.00000058  Best=0.00000058   Time=0.1  Run Time=512.3
