CUDA devices = 1
Device 0: NVIDIA GeForce RTX 4090

variations = 1
instructions = 32
registers = 30
opcodes = 2
patternOpcodes = 4

targetMin = 0.000000f
targetMax = 6.283185f
target = 0.000001f

mode = FIRESTARTER_OPTIMIZE
evolveSeed = 1
optimizeSeed = 1
tests = 256
streams = 1
units = 1
states = 1
generations = 0
population = 65536
passes = 512
attempts = 0
optimize = 1

scale = 0.300000f
startScale = 2.500000f
startResult = 10.000000f

FIRESTARTER_OPTIMIZE: Seed=1  Test=223  Generation=  2 *Result=0.00018602  Best=0.00018602   Time=0.1  Run Time=698.8
FIRESTARTER_OPTIMIZE: Seed=1  Test=223  Generation=  3 *Result=0.00018233  Best=0.00018233   Time=0.1  Run Time=699.2
FIRESTARTER_OPTIMIZE: Seed=1  Test=223  Generation=  4 *Result=0.00000207  Best=0.00000207   Time=0.1  Run Time=699.6
FIRESTARTER_OPTIMIZE: Seed=1  Test=223  Generation=  5  Result=0.00222148  Best=0.00000207   Time=0.1  Run Time=700.0
FIRESTARTER_OPTIMIZE: Seed=1  Test=223  Generation=  6  Result=0.00158499  Best=0.00000207   Time=0.1  Run Time=700.5
FIRESTARTER_OPTIMIZE: Seed=1  Test=223  Generation=  7 *Result=0.00000167  Best=0.00000167   Time=0.1  Run Time=700.9
FIRESTARTER_OPTIMIZE: Seed=1  Test=223  Generation=  8  Result=0.00002894  Best=0.00000167   Time=0.1  Run Time=701.4
FIRESTARTER_OPTIMIZE: Seed=1  Test=223  Generation=  9 *Result=0.00000064  Best=0.00000064   Time=0.1  Run Time=701.8
