CUDA devices = 1
Device 0: NVIDIA GeForce RTX 4090

variations = 1
instructions = 32
registers = 30
opcodes = 2
patternOpcodes = 4

targetMin = 0.000000f
targetMax = 6.283185f
target = 0.000001f

mode = FIRESTARTER_OPTIMIZE
evolveSeed = 0
optimizeSeed = 0
tests = 256
streams = 1
units = 1
states = 1
generations = 0
population = 49152
passes = 256
attempts = 0
optimize = 1

scale = 0.300000f
startScale = 2.500000f
startResult = 10.000000f

FIRESTARTER_OPTIMIZE: Seed=0  Test=52  Generation=  2 *Result=0.00005221  Best=0.00005221   Time=0.1  Run Time=143.5
FIRESTARTER_OPTIMIZE: Seed=0  Test=52  Generation=  3  Result=0.00021987  Best=0.00005221   Time=0.1  Run Time=143.8
FIRESTARTER_OPTIMIZE: Seed=0  Test=52  Generation=  4  Result=0.00009161  Best=0.00005221   Time=0.1  Run Time=144.1
FIRESTARTER_OPTIMIZE: Seed=0  Test=52  Generation=  5 *Result=0.00001740  Best=0.00001740   Time=0.1  Run Time=144.4
FIRESTARTER_OPTIMIZE: Seed=0  Test=52  Generation=  6 *Result=0.00000283  Best=0.00000283   Time=0.1  Run Time=144.8
FIRESTARTER_OPTIMIZE: Seed=0  Test=52  Generation=  7  Result=0.00018753  Best=0.00000283   Time=0.1  Run Time=145.1
FIRESTARTER_OPTIMIZE: Seed=0  Test=52  Generation=  8  Result=0.00023635  Best=0.00000283   Time=0.1  Run Time=145.4
FIRESTARTER_OPTIMIZE: Seed=0  Test=52  Generation=  9  Result=0.00143325  Best=0.00000283   Time=0.1  Run Time=145.7
FIRESTARTER_OPTIMIZE: Seed=0  Test=52  Generation= 10  Result=0.00007507  Best=0.00000283   Time=0.1  Run Time=146.0
FIRESTARTER_OPTIMIZE: Seed=0  Test=52  Generation= 11  Result=0.00000286  Best=0.00000283   Time=0.1  Run Time=146.3
FIRESTARTER_OPTIMIZE: Seed=0  Test=52  Generation= 12 *Result=0.00000017  Best=0.00000017   Time=0.0  Run Time=146.7
