CUDA devices = 1
Device 0: NVIDIA GeForce RTX 4090

variations = 1
samples = 15
instructions = 32
registers = 30
opcodes = 2
patternOpcodes = 4

targetMin = 0.000000f
targetMax = 6.283185f
target = 0.000001f

mode = FIRESTARTER_OPTIMIZE
evolveSeed = 123
optimizeSeed = 123
tests = 256
streams = 1
units = 1
states = 1
generations = 0
population = 65536
iterations = 64
passes = 512
candidates = 16
attempts = 0
optimize = 1

scale = 0.300000f
startScale = 2.500000f
startResult = 10.000000f

FIRESTARTER_OPTIMIZE: Seed=123  Test=116  Generation=  2 *Result=0.00004400  Best=0.00004400   Time=0.1  Run Time=359.6
FIRESTARTER_OPTIMIZE: Seed=123  Test=116  Generation=  3 *Result=0.00002959  Best=0.00002959   Time=0.1  Run Time=360.0
FIRESTARTER_OPTIMIZE: Seed=123  Test=116  Generation=  4 *Result=0.00002415  Best=0.00002415   Time=0.1  Run Time=360.4
FIRESTARTER_OPTIMIZE: Seed=123  Test=116  Generation=  5  Result=0.00011156  Best=0.00002415   Time=0.1  Run Time=360.8
FIRESTARTER_OPTIMIZE: Seed=123  Test=116  Generation=  6  Result=0.00004195  Best=0.00002415   Time=0.1  Run Time=361.3
FIRESTARTER_OPTIMIZE: Seed=123  Test=116  Generation=  7  Result=0.00011149  Best=0.00002415   Time=0.1  Run Time=361.7
FIRESTARTER_OPTIMIZE: Seed=123  Test=116  Generation=  8  Result=0.00026162  Best=0.00002415   Time=0.1  Run Time=362.1
FIRESTARTER_OPTIMIZE: Seed=123  Test=116  Generation=  9  Result=0.00012918  Best=0.00002415   Time=0.1  Run Time=362.5
FIRESTARTER_OPTIMIZE: Seed=123  Test=116  Generation= 10 *Result=0.00000017  Best=0.00000017   Time=0.1  Run Time=363.0
