CUDA devices = 1
Device 0: NVIDIA GeForce RTX 4090

variations = 1
samples = 15
instructions = 32
registers = 30
opcodes = 2
patternOpcodes = 4

targetMin = 0.000000f
targetMax = 6.283185f
target = 0.000001f

mode = FIRESTARTER_OPTIMIZE
evolveSeed = 0
optimizeSeed = 0
tests = 256
streams = 1
units = 1
states = 1
generations = 0
population = 65536
iterations = 64
passes = 512
candidates = 16
attempts = 0
optimize = 1

scale = 0.300000f
startScale = 2.500000f
startResult = 10.000000f

FIRESTARTER_OPTIMIZE: Seed=0  Test=130  Generation=  2 *Result=0.00007034  Best=0.00007034   Time=0.1  Run Time=386.3
FIRESTARTER_OPTIMIZE: Seed=0  Test=130  Generation=  3  Result=0.00039411  Best=0.00007034   Time=0.1  Run Time=386.7
FIRESTARTER_OPTIMIZE: Seed=0  Test=130  Generation=  4  Result=0.00017727  Best=0.00007034   Time=0.1  Run Time=387.0
FIRESTARTER_OPTIMIZE: Seed=0  Test=130  Generation=  5 *Result=0.00000236  Best=0.00000236   Time=0.1  Run Time=387.4
FIRESTARTER_OPTIMIZE: Seed=0  Test=130  Generation=  6  Result=0.00010978  Best=0.00000236   Time=0.1  Run Time=387.8
FIRESTARTER_OPTIMIZE: Seed=0  Test=130  Generation=  7  Result=0.00008458  Best=0.00000236   Time=0.1  Run Time=388.2
FIRESTARTER_OPTIMIZE: Seed=0  Test=130  Generation=  8  Result=0.00171122  Best=0.00000236   Time=0.1  Run Time=388.5
FIRESTARTER_OPTIMIZE: Seed=0  Test=130  Generation=  9  Result=0.00149658  Best=0.00000236   Time=0.1  Run Time=388.9
FIRESTARTER_OPTIMIZE: Seed=0  Test=130  Generation= 10 *Result=0.00000019  Best=0.00000019   Time=0.1  Run Time=389.3
