CUDA devices = 1
Device 0: NVIDIA GeForce RTX 4090

variations = 1
instructions = 32
registers = 30
opcodes = 2
patternOpcodes = 4

targetMin = 0.000000f
targetMax = 6.283185f
target = 0.000001f

mode = FIRESTARTER_OPTIMIZE
evolveSeed = 2
optimizeSeed = 2
tests = 256
streams = 1
units = 1
states = 1
generations = 0
population = 65536
passes = 384
attempts = 0
optimize = 1

scale = 0.300000f
startScale = 2.500000f
startResult = 10.000000f

FIRESTARTER_OPTIMIZE: Seed=2  Test=233  Generation=  2 *Result=0.00000460  Best=0.00000460   Time=0.1  Run Time=587.8
FIRESTARTER_OPTIMIZE: Seed=2  Test=233  Generation=  3 *Result=0.00000139  Best=0.00000139   Time=0.1  Run Time=588.1
FIRESTARTER_OPTIMIZE: Seed=2  Test=233  Generation=  4  Result=0.00000219  Best=0.00000139   Time=0.1  Run Time=588.4
FIRESTARTER_OPTIMIZE: Seed=2  Test=233  Generation=  5  Result=0.00018902  Best=0.00000139   Time=0.1  Run Time=588.7
FIRESTARTER_OPTIMIZE: Seed=2  Test=233  Generation=  6  Result=0.00213253  Best=0.00000139   Time=0.1  Run Time=589.0
FIRESTARTER_OPTIMIZE: Seed=2  Test=233  Generation=  7  Result=0.00005346  Best=0.00000139   Time=0.1  Run Time=589.3
FIRESTARTER_OPTIMIZE: Seed=2  Test=233  Generation=  8  Result=0.00024295  Best=0.00000139   Time=0.1  Run Time=589.6
FIRESTARTER_OPTIMIZE: Seed=2  Test=233  Generation=  9 *Result=0.00000012  Best=0.00000012   Time=0.1  Run Time=589.9
