CUDA devices = 1
Device 0: NVIDIA GeForce RTX 4090

variations = 1
samples = 15
instructions = 32
registers = 30
opcodes = 2
patternOpcodes = 4

targetMin = 0.000000f
targetMax = 6.283185f
target = 0.000001f

mode = FIRESTARTER_OPTIMIZE
evolveSeed = 0
optimizeSeed = 0
tests = 256
streams = 1
units = 1
states = 1
generations = 0
population = 65536
iterations = 64
passes = 512
candidates = 16
attempts = 0
optimize = 1

scale = 0.100000f
startScale = 3.000000f
startResult = 10.000000f

FIRESTARTER_OPTIMIZE: Seed=0  Test=109  Generation=  2 *Result=0.00089820  Best=0.00089820   Time=0.1  Run Time=696.5
FIRESTARTER_OPTIMIZE: Seed=0  Test=109  Generation=  3 *Result=0.00016891  Best=0.00016891   Time=0.1  Run Time=697.0
FIRESTARTER_OPTIMIZE: Seed=0  Test=109  Generation=  4 *Result=0.00001681  Best=0.00001681   Time=0.1  Run Time=697.4
FIRESTARTER_OPTIMIZE: Seed=0  Test=109  Generation=  5  Result=0.00614182  Best=0.00001681   Time=0.1  Run Time=697.9
FIRESTARTER_OPTIMIZE: Seed=0  Test=109  Generation=  6  Result=0.00008479  Best=0.00001681   Time=0.1  Run Time=698.3
FIRESTARTER_OPTIMIZE: Seed=0  Test=109  Generation=  7  Result=0.00614491  Best=0.00001681   Time=0.1  Run Time=698.8
FIRESTARTER_OPTIMIZE: Seed=0  Test=109  Generation=  8  Result=0.00053939  Best=0.00001681   Time=0.1  Run Time=699.2
FIRESTARTER_OPTIMIZE: Seed=0  Test=109  Generation=  9 *Result=0.00000048  Best=0.00000048   Time=0.1  Run Time=699.6
