Duration: 8286.3  Evolve Seed=0  Test=0  Generation=160  Best Generation=111  Start Result=0.00000072  Evolve Result=0.00000072  Optimize Pass=8  Optimize Result=0.00000030 *******
Duration: 15231.2  Evolve Seed=0  Test=1  Generation=492  Best Generation=378  Start Result=0.00000048  Evolve Result=0.00000048  Optimize Pass=8  Optimize Result=0.00000036 *******
