CUDA devices = 1
Device 0: NVIDIA GeForce RTX 4090

variations = 1
instructions = 32
registers = 30
opcodes = 2
patternOpcodes = 4

targetMin = 0.000000f
targetMax = 6.283185f
target = 0.000001f

mode = FIRESTARTER_OPTIMIZE
evolveSeed = 1
optimizeSeed = 1
tests = 256
streams = 1
units = 1
states = 1
generations = 0
population = 49152
passes = 384
attempts = 0
optimize = 1

scale = 0.300000f
startScale = 2.500000f
startResult = 10.000000f

FIRESTARTER_OPTIMIZE: Seed=1  Test=14  Generation=  2 *Result=0.00109684  Best=0.00109684   Time=0.1  Run Time=34.1
FIRESTARTER_OPTIMIZE: Seed=1  Test=14  Generation=  3 *Result=0.00029770  Best=0.00029770   Time=0.1  Run Time=34.4
FIRESTARTER_OPTIMIZE: Seed=1  Test=14  Generation=  4 *Result=0.00001623  Best=0.00001623   Time=0.1  Run Time=34.8
FIRESTARTER_OPTIMIZE: Seed=1  Test=14  Generation=  5 *Result=0.00000848  Best=0.00000848   Time=0.1  Run Time=35.1
FIRESTARTER_OPTIMIZE: Seed=1  Test=14  Generation=  6 *Result=0.00000255  Best=0.00000255   Time=0.1  Run Time=35.4
FIRESTARTER_OPTIMIZE: Seed=1  Test=14  Generation=  7  Result=0.00018889  Best=0.00000255   Time=0.1  Run Time=35.8
FIRESTARTER_OPTIMIZE: Seed=1  Test=14  Generation=  8  Result=0.00000773  Best=0.00000255   Time=0.1  Run Time=36.1
FIRESTARTER_OPTIMIZE: Seed=1  Test=14  Generation=  9 *Result=0.00000034  Best=0.00000034   Time=0.1  Run Time=36.4
