CUDA devices = 1
Device 0: NVIDIA GeForce RTX 4090

variations = 1
instructions = 32
registers = 30
opcodes = 2
patternOpcodes = 4

targetMin = 0.000000f
targetMax = 6.283185f
target = 0.000001f

mode = FIRESTARTER_OPTIMIZE
evolveSeed = 0
optimizeSeed = 0
tests = 256
streams = 1
units = 1
states = 1
generations = 0
population = 49152
passes = 256
attempts = 0
optimize = 1

scale = 0.300000f
startScale = 2.500000f
startResult = 10.000000f

FIRESTARTER_OPTIMIZE: Seed=0  Test=22  Generation=  2 *Result=0.00006701  Best=0.00006701   Time=0.1  Run Time=67.9
FIRESTARTER_OPTIMIZE: Seed=0  Test=22  Generation=  3  Result=0.00029134  Best=0.00006701   Time=0.1  Run Time=68.2
FIRESTARTER_OPTIMIZE: Seed=0  Test=22  Generation=  4 *Result=0.00000226  Best=0.00000226   Time=0.1  Run Time=68.5
FIRESTARTER_OPTIMIZE: Seed=0  Test=22  Generation=  5  Result=0.00001892  Best=0.00000226   Time=0.1  Run Time=68.8
FIRESTARTER_OPTIMIZE: Seed=0  Test=22  Generation=  6  Result=0.00323434  Best=0.00000226   Time=0.1  Run Time=69.1
FIRESTARTER_OPTIMIZE: Seed=0  Test=22  Generation=  7  Result=0.00251782  Best=0.00000226   Time=0.1  Run Time=69.4
FIRESTARTER_OPTIMIZE: Seed=0  Test=22  Generation=  8  Result=0.00001792  Best=0.00000226   Time=0.1  Run Time=69.8
FIRESTARTER_OPTIMIZE: Seed=0  Test=22  Generation=  9  Result=0.00042578  Best=0.00000226   Time=0.1  Run Time=70.1
FIRESTARTER_OPTIMIZE: Seed=0  Test=22  Generation= 10  Result=0.00220636  Best=0.00000226   Time=0.1  Run Time=70.4
FIRESTARTER_OPTIMIZE: Seed=0  Test=22  Generation= 11  Result=0.00007069  Best=0.00000226   Time=0.1  Run Time=70.7
FIRESTARTER_OPTIMIZE: Seed=0  Test=22  Generation= 12 *Result=0.00000054  Best=0.00000054   Time=0.1  Run Time=71.0
