CUDA devices = 1
Device 0: NVIDIA GeForce RTX 4090

variations = 1
instructions = 32
registers = 30
opcodes = 2
patternOpcodes = 4

targetMin = 0.000000f
targetMax = 6.283185f
target = 0.000001f

mode = FIRESTARTER_OPTIMIZE
evolveSeed = 0
optimizeSeed = 0
tests = 256
streams = 1
units = 1
states = 1
generations = 0
population = 32768
passes = 512
attempts = 0
optimize = 1

scale = 0.300000f
startScale = 2.500000f
startResult = 10.000000f

FIRESTARTER_OPTIMIZE: Seed=0  Test=73  Generation=  2 *Result=0.00000375  Best=0.00000375   Time=0.1  Run Time=207.0
FIRESTARTER_OPTIMIZE: Seed=0  Test=73  Generation=  3  Result=0.00001827  Best=0.00000375   Time=0.1  Run Time=207.3
FIRESTARTER_OPTIMIZE: Seed=0  Test=73  Generation=  4  Result=0.00000817  Best=0.00000375   Time=0.1  Run Time=207.6
FIRESTARTER_OPTIMIZE: Seed=0  Test=73  Generation=  5 *Result=0.00000247  Best=0.00000247   Time=0.1  Run Time=207.9
FIRESTARTER_OPTIMIZE: Seed=0  Test=73  Generation=  6  Result=0.00036381  Best=0.00000247   Time=0.1  Run Time=208.3
FIRESTARTER_OPTIMIZE: Seed=0  Test=73  Generation=  7  Result=0.00014238  Best=0.00000247   Time=0.1  Run Time=208.6
FIRESTARTER_OPTIMIZE: Seed=0  Test=73  Generation=  8  Result=0.00086752  Best=0.00000247   Time=0.1  Run Time=208.9
FIRESTARTER_OPTIMIZE: Seed=0  Test=73  Generation=  9  Result=0.00046968  Best=0.00000247   Time=0.1  Run Time=209.3
FIRESTARTER_OPTIMIZE: Seed=0  Test=73  Generation= 10  Result=0.00150336  Best=0.00000247   Time=0.1  Run Time=209.6
FIRESTARTER_OPTIMIZE: Seed=0  Test=73  Generation= 11  Result=0.00004479  Best=0.00000247   Time=0.1  Run Time=209.9
FIRESTARTER_OPTIMIZE: Seed=0  Test=73  Generation= 12 *Result=0.00000066  Best=0.00000066   Time=0.1  Run Time=210.3
