CUDA devices = 1
Device 0: NVIDIA GeForce RTX 4090

variations = 1
instructions = 32
registers = 30
opcodes = 2
patternOpcodes = 4

targetMin = 0.000000f
targetMax = 6.283185f
target = 0.000001f

mode = FIRESTARTER_OPTIMIZE
evolveSeed = 1
optimizeSeed = 1
tests = 256
streams = 1
units = 1
states = 1
generations = 0
population = 65536
passes = 384
attempts = 0
optimize = 1

scale = 0.300000f
startScale = 2.500000f
startResult = 10.000000f

FIRESTARTER_OPTIMIZE: Seed=1  Test=107  Generation=  2 *Result=0.00000761  Best=0.00000761   Time=0.1  Run Time=296.1
FIRESTARTER_OPTIMIZE: Seed=1  Test=107  Generation=  3  Result=0.00021502  Best=0.00000761   Time=0.1  Run Time=296.4
FIRESTARTER_OPTIMIZE: Seed=1  Test=107  Generation=  4  Result=0.00022491  Best=0.00000761   Time=0.1  Run Time=296.8
FIRESTARTER_OPTIMIZE: Seed=1  Test=107  Generation=  5  Result=0.00000852  Best=0.00000761   Time=0.1  Run Time=297.2
FIRESTARTER_OPTIMIZE: Seed=1  Test=107  Generation=  6  Result=0.00017449  Best=0.00000761   Time=0.1  Run Time=297.5
FIRESTARTER_OPTIMIZE: Seed=1  Test=107  Generation=  7  Result=0.00022040  Best=0.00000761   Time=0.1  Run Time=297.9
FIRESTARTER_OPTIMIZE: Seed=1  Test=107  Generation=  8 *Result=0.00000489  Best=0.00000489   Time=0.1  Run Time=298.3
FIRESTARTER_OPTIMIZE: Seed=1  Test=107  Generation=  9  Result=0.00041787  Best=0.00000489   Time=0.1  Run Time=298.6
FIRESTARTER_OPTIMIZE: Seed=1  Test=107  Generation= 10  Result=0.00003632  Best=0.00000489   Time=0.1  Run Time=299.0
FIRESTARTER_OPTIMIZE: Seed=1  Test=107  Generation= 11  Result=0.00017525  Best=0.00000489   Time=0.1  Run Time=299.3
FIRESTARTER_OPTIMIZE: Seed=1  Test=107  Generation= 12 *Result=0.00000014  Best=0.00000014   Time=0.1  Run Time=299.7
