CUDA devices = 1
Device 0: NVIDIA GeForce RTX 4090

variations = 1
instructions = 32
registers = 30
opcodes = 2
patternOpcodes = 4

targetMin = 0.000000f
targetMax = 6.283185f
target = 0.000001f

mode = FIRESTARTER_OPTIMIZE
evolveSeed = 0
optimizeSeed = 0
tests = 256
streams = 1
units = 1
states = 1
generations = 0
population = 65536
passes = 512
attempts = 0
optimize = 1

scale = 0.300000f
startScale = 2.500000f
startResult = 10.000000f

FIRESTARTER_OPTIMIZE: Seed=0  Test=61  Generation=  2 *Result=0.00006703  Best=0.00006703   Time=0.1  Run Time=161.4
FIRESTARTER_OPTIMIZE: Seed=0  Test=61  Generation=  3 *Result=0.00006591  Best=0.00006591   Time=0.1  Run Time=161.8
FIRESTARTER_OPTIMIZE: Seed=0  Test=61  Generation=  4  Result=0.00009084  Best=0.00006591   Time=0.1  Run Time=162.1
FIRESTARTER_OPTIMIZE: Seed=0  Test=61  Generation=  5 *Result=0.00000572  Best=0.00000572   Time=0.1  Run Time=162.5
FIRESTARTER_OPTIMIZE: Seed=0  Test=61  Generation=  6  Result=0.00005243  Best=0.00000572   Time=0.1  Run Time=162.9
FIRESTARTER_OPTIMIZE: Seed=0  Test=61  Generation=  7  Result=0.00001108  Best=0.00000572   Time=0.1  Run Time=163.3
FIRESTARTER_OPTIMIZE: Seed=0  Test=61  Generation=  8  Result=0.00032988  Best=0.00000572   Time=0.1  Run Time=163.7
FIRESTARTER_OPTIMIZE: Seed=0  Test=61  Generation=  9  Result=0.00002616  Best=0.00000572   Time=0.1  Run Time=164.1
FIRESTARTER_OPTIMIZE: Seed=0  Test=61  Generation= 10 *Result=0.00000006  Best=0.00000006   Time=0.1  Run Time=164.4
