CUDA devices = 1
Device 0: NVIDIA GeForce RTX 4090

variations = 1
samples = 15
instructions = 32
registers = 30
opcodes = 2
patternOpcodes = 4

targetMin = 0.000000f
targetMax = 6.283185f
target = 0.000001f

mode = FIRESTARTER_OPTIMIZE
evolveSeed = 0
optimizeSeed = 0
tests = 256
streams = 1
units = 1
states = 1
generations = 0
population = 65536
iterations = 64
passes = 512
candidates = 16
attempts = 0
optimize = 1

scale = 0.100000f
startScale = 2.500000f
startResult = 10.000000f

FIRESTARTER_OPTIMIZE: Seed=0  Test=231  Generation=  2 *Result=0.00001168  Best=0.00001168   Time=0.1  Run Time=1232.5
FIRESTARTER_OPTIMIZE: Seed=0  Test=231  Generation=  3  Result=0.00130263  Best=0.00001168   Time=0.1  Run Time=1233.0
FIRESTARTER_OPTIMIZE: Seed=0  Test=231  Generation=  4  Result=0.00004441  Best=0.00001168   Time=0.1  Run Time=1233.4
FIRESTARTER_OPTIMIZE: Seed=0  Test=231  Generation=  5  Result=0.00614019  Best=0.00001168   Time=0.1  Run Time=1233.9
FIRESTARTER_OPTIMIZE: Seed=0  Test=231  Generation=  6  Result=0.00231281  Best=0.00001168   Time=0.1  Run Time=1234.3
FIRESTARTER_OPTIMIZE: Seed=0  Test=231  Generation=  7  Result=0.00221372  Best=0.00001168   Time=0.1  Run Time=1234.7
FIRESTARTER_OPTIMIZE: Seed=0  Test=231  Generation=  8  Result=0.00001714  Best=0.00001168   Time=0.1  Run Time=1235.2
FIRESTARTER_OPTIMIZE: Seed=0  Test=231  Generation=  9 *Result=0.00000056  Best=0.00000056   Time=0.1  Run Time=1235.6
