CUDA devices = 1
Device 0: NVIDIA GeForce RTX 4090

variations = 1
samples = 15
instructions = 32
registers = 30
opcodes = 2
patternOpcodes = 4

targetMin = 0.000000f
targetMax = 6.283185f
target = 0.000001f

mode = FIRESTARTER_OPTIMIZE
evolveSeed = 0
optimizeSeed = 0
tests = 256
streams = 1
units = 1
states = 1
generations = 0
population = 65536
iterations = 64
passes = 512
candidates = 16
attempts = 0
optimize = 1

scale = 0.150000f
startScale = 2.500000f
startResult = 10.000000f

FIRESTARTER_OPTIMIZE: Seed=0  Test=198  Generation=  2 *Result=0.00149670  Best=0.00149670   Time=0.1  Run Time=989.2
FIRESTARTER_OPTIMIZE: Seed=0  Test=198  Generation=  3 *Result=0.00018393  Best=0.00018393   Time=0.1  Run Time=989.7
FIRESTARTER_OPTIMIZE: Seed=0  Test=198  Generation=  4  Result=0.00221562  Best=0.00018393   Time=0.1  Run Time=990.1
FIRESTARTER_OPTIMIZE: Seed=0  Test=198  Generation=  5 *Result=0.00010079  Best=0.00010079   Time=0.1  Run Time=990.6
FIRESTARTER_OPTIMIZE: Seed=0  Test=198  Generation=  6  Result=0.00019184  Best=0.00010079   Time=0.1  Run Time=991.1
FIRESTARTER_OPTIMIZE: Seed=0  Test=198  Generation=  7  Result=0.00154655  Best=0.00010079   Time=0.1  Run Time=991.5
FIRESTARTER_OPTIMIZE: Seed=0  Test=198  Generation=  8 *Result=0.00004778  Best=0.00004778   Time=0.1  Run Time=992.0
FIRESTARTER_OPTIMIZE: Seed=0  Test=198  Generation=  9  Result=0.00027245  Best=0.00004778   Time=0.1  Run Time=992.5
FIRESTARTER_OPTIMIZE: Seed=0  Test=198  Generation= 10 *Result=0.00000012  Best=0.00000012   Time=0.1  Run Time=992.9
