CUDA devices = 1
Device 0: NVIDIA GeForce RTX 4090

variations = 1
samples = 15
instructions = 32
registers = 30
opcodes = 2
patternOpcodes = 4

targetMin = 0.000000f
targetMax = 6.283185f
evolveTarget = 0.000001f

mode = FIRESTARTER_EVOLVE_GPU
evolveSeed = 0
optimizeSeed = 0
tests = 16
streams = 1
units = 1
states = 1
generations = 0
population = 8192
iterations = 64
passes = 500
candidates = 16
attempts = 0
optimize = 1

scale = 0.100000f
startScale = 2.000000f
startResult = 10.000000f

FIRESTARTER_EVOLVE_GPU: Seed=0  Test=14  Generation=  0  Age=  1  Evolution= 0  Weight=0.00000000  Old Result=10.00000000 *New Result=0.00449961  Index=8137  EvolveAge1=465  EvolveAge2=10  Best=0.00449961   BestAge=1  Time=1.5 Seconds  Run Time=2031.3 Seconds
FIRESTARTER_EVOLVE_GPU: Seed=0  Test=14  Generation=  1  Age=  1  Evolution= 0  Weight=0.00000000  Old Result=0.00449961 *New Result=0.00146633  Index=8093  EvolveAge1=0  EvolveAge2=262  Best=0.00146633   BestAge=1  Time=0.9 Seconds  Run Time=2032.3 Seconds
FIRESTARTER_EVOLVE_GPU: Seed=0  Test=14  Generation=  2  Age=  1  Evolution= 0  Weight=0.00000000  Old Result=0.00146633 *New Result=0.00073117  Index=1756  EvolveAge1=0  EvolveAge2=156  Best=0.00073117   BestAge=1  Time=1.2 Seconds  Run Time=2033.4 Seconds
FIRESTARTER_EVOLVE_GPU: Seed=0  Test=14  Generation=  3  Age=  1  Evolution= 0  Weight=0.00000000  Old Result=0.00073117 *New Result=0.00064114  Index=1756  EvolveAge1=434  EvolveAge2=175  Best=0.00064114   BestAge=1  Time=1.1 Seconds  Run Time=2034.5 Seconds
FIRESTARTER_EVOLVE_GPU: Seed=0  Test=14  Generation=  4  Age=  1  Evolution= 0  Weight=0.00000000  Old Result=0.00064114  Bad Result=0.00064114  Index=1756  EvolveAge1=934  EvolveAge2=175  Best=0.00064114   BestAge=2  Time=1.1 Seconds  Run Time=2035.6 Seconds
FIRESTARTER_OPTIMIZE_GPU: Seed=0  Test=14  Optimize=0  Generation=  3 *Result=0.00000221  Best=0.00000221   Time=2.2 Seconds  Run Time=2037.9 Seconds
FIRESTARTER_EVOLVE_GPU: Seed=0  Test=14  Generation=  5  Age=  1  Evolution= 0  Weight=0.00000000  Old Result=0.00064114  Bad Result=0.00400323  Index=5454  EvolveAge1=767  EvolveAge2=1477  Best=0.00064114   BestAge=3  Time=1.1 Seconds  Run Time=2039.0 Seconds
FIRESTARTER_EVOLVE_GPU: Seed=0  Test=14  Generation=  6  Age=  1  Evolution= 0  Weight=0.00000000  Old Result=0.00400323 >New Result=0.00272626  Index=8088  EvolveAge1=212  EvolveAge2=340  Best=0.00064114   BestAge=4  Time=1.1 Seconds  Run Time=2040.1 Seconds
FIRESTARTER_EVOLVE_GPU: Seed=0  Test=14  Generation=  7  Age=  1  Evolution= 0  Weight=0.00000000  Old Result=0.00272626 >New Result=0.00140110  Index=110  EvolveAge1=71  EvolveAge2=266  Best=0.00064114   BestAge=5  Time=1.1 Seconds  Run Time=2041.2 Seconds
FIRESTARTER_EVOLVE_GPU: Seed=0  Test=14  Generation=  8  Age=  1  Evolution= 0  Weight=0.00000000  Old Result=0.00140110  Bad Result=0.00140110  Index=110  EvolveAge1=571  EvolveAge2=266  Best=0.00064114   BestAge=6  Time=1.1 Seconds  Run Time=2042.2 Seconds
FIRESTARTER_EVOLVE_GPU: Seed=0  Test=14  Generation=  9  Age=  2  Evolution= 0  Weight=0.00000000  Old Result=0.00140110 *New Result=0.00054523  Index=197  EvolveAge1=0  EvolveAge2=868  Best=0.00054523   BestAge=2  Time=1.1 Seconds  Run Time=2043.3 Seconds
FIRESTARTER_OPTIMIZE_GPU: Seed=0  Test=14  Optimize=0  Generation=  9 *Result=0.00000161  Best=0.00000161   Time=2.3 Seconds  Run Time=2045.7 Seconds
FIRESTARTER_EVOLVE_GPU: Seed=0  Test=14  Generation= 10  Age=  2  Evolution= 0  Weight=0.00000000  Old Result=0.00054523 *New Result=0.00047690  Index=197  EvolveAge1=0  EvolveAge2=868  Best=0.00047690   BestAge=2  Time=1.1 Seconds  Run Time=2046.8 Seconds
FIRESTARTER_OPTIMIZE_GPU: Seed=0  Test=14  Optimize=0  Generation= 10 *Result=0.00000045  Best=0.00000045   Time=2.3 Seconds  Run Time=2049.1 Seconds
