CUDA devices = 1
Device 0: NVIDIA GeForce RTX 4090

variations = 1
instructions = 32
registers = 30
opcodes = 2
patternOpcodes = 4

targetMin = 0.000000f
targetMax = 6.283185f
target = 0.000001f

mode = FIRESTARTER_OPTIMIZE
evolveSeed = 1
optimizeSeed = 1
tests = 256
streams = 1
units = 1
states = 1
generations = 0
population = 49152
passes = 384
attempts = 0
optimize = 1

scale = 0.300000f
startScale = 2.500000f
startResult = 10.000000f

FIRESTARTER_OPTIMIZE: Seed=1  Test=254  Generation=  2 *Result=0.00160629  Best=0.00160629   Time=0.1  Run Time=744.1
FIRESTARTER_OPTIMIZE: Seed=1  Test=254  Generation=  3 *Result=0.00018543  Best=0.00018543   Time=0.1  Run Time=744.4
FIRESTARTER_OPTIMIZE: Seed=1  Test=254  Generation=  4 *Result=0.00001530  Best=0.00001530   Time=0.1  Run Time=744.7
FIRESTARTER_OPTIMIZE: Seed=1  Test=254  Generation=  5  Result=0.00273035  Best=0.00001530   Time=0.1  Run Time=745.0
FIRESTARTER_OPTIMIZE: Seed=1  Test=254  Generation=  6 *Result=0.00000102  Best=0.00000102   Time=0.1  Run Time=745.3
FIRESTARTER_OPTIMIZE: Seed=1  Test=254  Generation=  7  Result=0.00214511  Best=0.00000102   Time=0.1  Run Time=745.6
FIRESTARTER_OPTIMIZE: Seed=1  Test=254  Generation=  8  Result=0.00000111  Best=0.00000102   Time=0.1  Run Time=745.9
FIRESTARTER_OPTIMIZE: Seed=1  Test=254  Generation=  9 *Result=0.00000064  Best=0.00000064   Time=0.1  Run Time=746.2
