CUDA devices = 1
Device 0: NVIDIA GeForce RTX 4090

variations = 1
instructions = 32
registers = 30
opcodes = 2
patternOpcodes = 4

targetMin = 0.000000f
targetMax = 6.283185f
target = 0.000001f

mode = FIRESTARTER_OPTIMIZE
evolveSeed = 0
optimizeSeed = 0
tests = 256
streams = 1
units = 1
states = 1
generations = 0
population = 49152
passes = 256
attempts = 0
optimize = 1

scale = 0.300000f
startScale = 2.500000f
startResult = 10.000000f

FIRESTARTER_OPTIMIZE: Seed=0  Test=60  Generation=  2 *Result=0.00037499  Best=0.00037499   Time=0.1  Run Time=164.7
FIRESTARTER_OPTIMIZE: Seed=0  Test=60  Generation=  3 *Result=0.00025863  Best=0.00025863   Time=0.1  Run Time=165.0
FIRESTARTER_OPTIMIZE: Seed=0  Test=60  Generation=  4 *Result=0.00007033  Best=0.00007033   Time=0.1  Run Time=165.3
FIRESTARTER_OPTIMIZE: Seed=0  Test=60  Generation=  5 *Result=0.00000313  Best=0.00000313   Time=0.1  Run Time=165.6
FIRESTARTER_OPTIMIZE: Seed=0  Test=60  Generation=  6  Result=0.00002765  Best=0.00000313   Time=0.1  Run Time=165.9
FIRESTARTER_OPTIMIZE: Seed=0  Test=60  Generation=  7 *Result=0.00000173  Best=0.00000173   Time=0.1  Run Time=166.2
FIRESTARTER_OPTIMIZE: Seed=0  Test=60  Generation=  8  Result=0.00002801  Best=0.00000173   Time=0.1  Run Time=166.6
FIRESTARTER_OPTIMIZE: Seed=0  Test=60  Generation=  9  Result=0.00042301  Best=0.00000173   Time=0.1  Run Time=166.9
FIRESTARTER_OPTIMIZE: Seed=0  Test=60  Generation= 10  Result=0.00022209  Best=0.00000173   Time=0.1  Run Time=167.2
FIRESTARTER_OPTIMIZE: Seed=0  Test=60  Generation= 11  Result=0.00005579  Best=0.00000173   Time=0.1  Run Time=167.5
FIRESTARTER_OPTIMIZE: Seed=0  Test=60  Generation= 12 *Result=0.00000064  Best=0.00000064   Time=0.1  Run Time=167.8
