CUDA devices = 1
Device 0: NVIDIA GeForce RTX 4090

variations = 1
samples = 15
instructions = 32
registers = 30
opcodes = 2
patternOpcodes = 4

targetMin = 0.000000f
targetMax = 6.283185f
target = 0.000001f

mode = FIRESTARTER_OPTIMIZE
evolveSeed = 123
optimizeSeed = 123
tests = 256
streams = 1
units = 1
states = 1
generations = 0
population = 65536
iterations = 64
passes = 512
candidates = 16
attempts = 0
optimize = 1

scale = 0.300000f
startScale = 2.500000f
startResult = 10.000000f

FIRESTARTER_OPTIMIZE: Seed=123  Test=48  Generation=  2 *Result=0.00068247  Best=0.00068247   Time=0.1  Run Time=145.6
FIRESTARTER_OPTIMIZE: Seed=123  Test=48  Generation=  3 *Result=0.00000242  Best=0.00000242   Time=0.1  Run Time=146.0
FIRESTARTER_OPTIMIZE: Seed=123  Test=48  Generation=  4  Result=0.00002968  Best=0.00000242   Time=0.1  Run Time=146.4
FIRESTARTER_OPTIMIZE: Seed=123  Test=48  Generation=  5  Result=0.00257805  Best=0.00000242   Time=0.1  Run Time=146.8
FIRESTARTER_OPTIMIZE: Seed=123  Test=48  Generation=  6  Result=0.00613916  Best=0.00000242   Time=0.1  Run Time=147.1
FIRESTARTER_OPTIMIZE: Seed=123  Test=48  Generation=  7  Result=0.00000337  Best=0.00000242   Time=0.1  Run Time=147.5
FIRESTARTER_OPTIMIZE: Seed=123  Test=48  Generation=  8  Result=0.00093561  Best=0.00000242   Time=0.1  Run Time=148.0
FIRESTARTER_OPTIMIZE: Seed=123  Test=48  Generation=  9  Result=0.00018220  Best=0.00000242   Time=0.1  Run Time=148.4
FIRESTARTER_OPTIMIZE: Seed=123  Test=48  Generation= 10 *Result=0.00000074  Best=0.00000074   Time=0.1  Run Time=148.8
