CUDA devices = 1
Device 0: NVIDIA GeForce RTX 4090

variations = 1
instructions = 32
registers = 30
opcodes = 2
patternOpcodes = 4

targetMin = 0.000000f
targetMax = 6.283185f
target = 0.000001f

mode = FIRESTARTER_OPTIMIZE
evolveSeed = 2
optimizeSeed = 2
tests = 256
streams = 1
units = 1
states = 1
generations = 0
population = 65536
passes = 384
attempts = 0
optimize = 1

scale = 0.300000f
startScale = 2.500000f
startResult = 10.000000f

FIRESTARTER_OPTIMIZE: Seed=2  Test=15  Generation=  2 *Result=0.00025345  Best=0.00025345   Time=0.1  Run Time=35.7
FIRESTARTER_OPTIMIZE: Seed=2  Test=15  Generation=  3 *Result=0.00000109  Best=0.00000109   Time=0.1  Run Time=36.0
FIRESTARTER_OPTIMIZE: Seed=2  Test=15  Generation=  4  Result=0.00021870  Best=0.00000109   Time=0.1  Run Time=36.3
FIRESTARTER_OPTIMIZE: Seed=2  Test=15  Generation=  5  Result=0.00006536  Best=0.00000109   Time=0.1  Run Time=36.6
FIRESTARTER_OPTIMIZE: Seed=2  Test=15  Generation=  6  Result=0.00012547  Best=0.00000109   Time=0.1  Run Time=36.9
FIRESTARTER_OPTIMIZE: Seed=2  Test=15  Generation=  7  Result=0.00024194  Best=0.00000109   Time=0.1  Run Time=37.2
FIRESTARTER_OPTIMIZE: Seed=2  Test=15  Generation=  8  Result=0.00114703  Best=0.00000109   Time=0.1  Run Time=37.5
FIRESTARTER_OPTIMIZE: Seed=2  Test=15  Generation=  9  Result=0.00000213  Best=0.00000109   Time=0.1  Run Time=37.8
FIRESTARTER_OPTIMIZE: Seed=2  Test=15  Generation= 10  Result=0.00033394  Best=0.00000109   Time=0.1  Run Time=38.1
FIRESTARTER_OPTIMIZE: Seed=2  Test=15  Generation= 11  Result=0.00002050  Best=0.00000109   Time=0.1  Run Time=38.4
FIRESTARTER_OPTIMIZE: Seed=2  Test=15  Generation= 12 *Result=0.00000017  Best=0.00000017   Time=0.1  Run Time=38.8
