CUDA devices = 1
Device 0: NVIDIA GeForce RTX 4090

variations = 1
samples = 15
instructions = 32
registers = 30
opcodes = 2
patternOpcodes = 4

targetMin = 0.000000f
targetMax = 6.283185f
target = 0.000001f

mode = FIRESTARTER_OPTIMIZE
evolveSeed = 123
optimizeSeed = 123
tests = 256
streams = 1
units = 1
states = 1
generations = 0
population = 65536
iterations = 64
passes = 512
candidates = 16
attempts = 0
optimize = 1

scale = 0.300000f
startScale = 2.500000f
startResult = 10.000000f

FIRESTARTER_OPTIMIZE: Seed=123  Test=36  Generation=  2 *Result=0.00018223  Best=0.00018223   Time=0.1  Run Time=110.7
FIRESTARTER_OPTIMIZE: Seed=123  Test=36  Generation=  3 *Result=0.00018208  Best=0.00018208   Time=0.1  Run Time=111.0
FIRESTARTER_OPTIMIZE: Seed=123  Test=36  Generation=  4  Result=0.00031775  Best=0.00018208   Time=0.1  Run Time=111.4
FIRESTARTER_OPTIMIZE: Seed=123  Test=36  Generation=  5 *Result=0.00007751  Best=0.00007751   Time=0.1  Run Time=111.8
FIRESTARTER_OPTIMIZE: Seed=123  Test=36  Generation=  6 *Result=0.00000264  Best=0.00000264   Time=0.1  Run Time=112.2
FIRESTARTER_OPTIMIZE: Seed=123  Test=36  Generation=  7  Result=0.00015032  Best=0.00000264   Time=0.1  Run Time=112.6
FIRESTARTER_OPTIMIZE: Seed=123  Test=36  Generation=  8  Result=0.00000703  Best=0.00000264   Time=0.1  Run Time=112.9
FIRESTARTER_OPTIMIZE: Seed=123  Test=36  Generation=  9 *Result=0.00000199  Best=0.00000199   Time=0.1  Run Time=113.3
FIRESTARTER_OPTIMIZE: Seed=123  Test=36  Generation= 10  Result=0.00000228  Best=0.00000199   Time=0.1  Run Time=113.7
FIRESTARTER_OPTIMIZE: Seed=123  Test=36  Generation= 11  Result=0.00005823  Best=0.00000199   Time=0.1  Run Time=114.1
FIRESTARTER_OPTIMIZE: Seed=123  Test=36  Generation= 12 *Result=0.00000021  Best=0.00000021   Time=0.1  Run Time=114.5
