CUDA devices = 1
Device 0: NVIDIA GeForce RTX 4090

variations = 1
samples = 15
instructions = 32
registers = 30
opcodes = 2
patternOpcodes = 4

targetMin = 0.000000f
targetMax = 6.283185f
target = 0.000001f

mode = FIRESTARTER_OPTIMIZE
evolveSeed = 0
optimizeSeed = 0
tests = 256
streams = 1
units = 1
states = 1
generations = 0
population = 65536
iterations = 64
passes = 512
candidates = 16
attempts = 0
optimize = 1

scale = 0.100000f
startScale = 2.500000f
startResult = 10.000000f

FIRESTARTER_OPTIMIZE: Seed=0  Test=24  Generation=  2 *Result=0.00008438  Best=0.00008438   Time=0.1  Run Time=157.2
FIRESTARTER_OPTIMIZE: Seed=0  Test=24  Generation=  3  Result=0.00220329  Best=0.00008438   Time=0.1  Run Time=157.7
FIRESTARTER_OPTIMIZE: Seed=0  Test=24  Generation=  4  Result=0.00012817  Best=0.00008438   Time=0.1  Run Time=158.2
FIRESTARTER_OPTIMIZE: Seed=0  Test=24  Generation=  5 *Result=0.00002817  Best=0.00002817   Time=0.1  Run Time=158.7
FIRESTARTER_OPTIMIZE: Seed=0  Test=24  Generation=  6  Result=0.00227880  Best=0.00002817   Time=0.1  Run Time=159.1
FIRESTARTER_OPTIMIZE: Seed=0  Test=24  Generation=  7  Result=0.00123984  Best=0.00002817   Time=0.1  Run Time=159.6
FIRESTARTER_OPTIMIZE: Seed=0  Test=24  Generation=  8 *Result=0.00002205  Best=0.00002205   Time=0.1  Run Time=160.1
FIRESTARTER_OPTIMIZE: Seed=0  Test=24  Generation=  9  Result=0.00615672  Best=0.00002205   Time=0.1  Run Time=160.6
FIRESTARTER_OPTIMIZE: Seed=0  Test=24  Generation= 10  Result=0.00304877  Best=0.00002205   Time=0.1  Run Time=161.1
FIRESTARTER_OPTIMIZE: Seed=0  Test=24  Generation= 11  Result=0.00011316  Best=0.00002205   Time=0.1  Run Time=161.5
FIRESTARTER_OPTIMIZE: Seed=0  Test=24  Generation= 12 *Result=0.00001980  Best=0.00001980   Time=0.1  Run Time=162.0
FIRESTARTER_OPTIMIZE: Seed=0  Test=24  Generation= 13  Result=0.00018761  Best=0.00001980   Time=0.1  Run Time=162.5
FIRESTARTER_OPTIMIZE: Seed=0  Test=24  Generation= 14 *Result=0.00000021  Best=0.00000021   Time=0.1  Run Time=162.9
