CUDA devices = 1
Device 0: NVIDIA GeForce RTX 4090

variations = 1
samples = 15
instructions = 32
registers = 30
opcodes = 2
patternOpcodes = 4

targetMin = 0.000000f
targetMax = 6.283185f
target = 0.000001f

mode = FIRESTARTER_OPTIMIZE
evolveSeed = 0
optimizeSeed = 0
tests = 256
streams = 1
units = 1
states = 1
generations = 0
population = 65536
iterations = 64
passes = 512
candidates = 16
attempts = 0
optimize = 1

scale = 0.100000f
startScale = 3.000000f
startResult = 10.000000f

FIRESTARTER_OPTIMIZE: Seed=0  Test=233  Generation=  2 *Result=0.00614500  Best=0.00614500   Time=0.1  Run Time=1432.4
FIRESTARTER_OPTIMIZE: Seed=0  Test=233  Generation=  3 *Result=0.00057060  Best=0.00057060   Time=0.1  Run Time=1432.9
FIRESTARTER_OPTIMIZE: Seed=0  Test=233  Generation=  4 *Result=0.00011168  Best=0.00011168   Time=0.1  Run Time=1433.3
FIRESTARTER_OPTIMIZE: Seed=0  Test=233  Generation=  5  Result=0.00309036  Best=0.00011168   Time=0.1  Run Time=1433.7
FIRESTARTER_OPTIMIZE: Seed=0  Test=233  Generation=  6 *Result=0.00004140  Best=0.00004140   Time=0.1  Run Time=1434.2
FIRESTARTER_OPTIMIZE: Seed=0  Test=233  Generation=  7  Result=0.00614186  Best=0.00004140   Time=0.1  Run Time=1434.6
FIRESTARTER_OPTIMIZE: Seed=0  Test=233  Generation=  8 *Result=0.00000014  Best=0.00000014   Time=0.1  Run Time=1435.1
