CUDA devices = 1
Device 0: NVIDIA GeForce RTX 4090

variations = 1
samples = 15
instructions = 32
registers = 30
opcodes = 2
patternOpcodes = 4

targetMin = 0.000000f
targetMax = 6.283185f
target = 0.000001f

mode = FIRESTARTER_OPTIMIZE
evolveSeed = 0
optimizeSeed = 0
tests = 256
streams = 1
units = 1
states = 1
generations = 0
population = 65536
iterations = 64
passes = 500
candidates = 16
attempts = 0
optimize = 1

scale = 0.100000f
startScale = 2.000000f
startResult = 10.000000f

FIRESTARTER_OPTIMIZE: Seed=0  Test=189  Generation=  2 *Result=0.00028497  Best=0.00028497   Time=0.1 Seconds  Run Time=1740.0 Seconds
FIRESTARTER_OPTIMIZE: Seed=0  Test=189  Generation=  3  Result=0.00113063  Best=0.00028497   Time=0.1 Seconds  Run Time=1740.4 Seconds
FIRESTARTER_OPTIMIZE: Seed=0  Test=189  Generation=  4 *Result=0.00026250  Best=0.00026250   Time=0.1 Seconds  Run Time=1740.9 Seconds
FIRESTARTER_OPTIMIZE: Seed=0  Test=189  Generation=  5  Result=0.00026592  Best=0.00026250   Time=0.1 Seconds  Run Time=1741.3 Seconds
FIRESTARTER_OPTIMIZE: Seed=0  Test=189  Generation=  6 *Result=0.00016224  Best=0.00016224   Time=0.1 Seconds  Run Time=1741.8 Seconds
FIRESTARTER_OPTIMIZE: Seed=0  Test=189  Generation=  7 *Result=0.00001721  Best=0.00001721   Time=0.1 Seconds  Run Time=1742.2 Seconds
FIRESTARTER_OPTIMIZE: Seed=0  Test=189  Generation=  8  Result=0.00006318  Best=0.00001721   Time=0.1 Seconds  Run Time=1742.6 Seconds
FIRESTARTER_OPTIMIZE: Seed=0  Test=189  Generation=  9  Result=0.00002898  Best=0.00001721   Time=0.1 Seconds  Run Time=1743.1 Seconds
FIRESTARTER_OPTIMIZE: Seed=0  Test=189  Generation= 10  Result=0.00020066  Best=0.00001721   Time=0.1 Seconds  Run Time=1743.6 Seconds
FIRESTARTER_OPTIMIZE: Seed=0  Test=189  Generation= 11  Result=0.00143501  Best=0.00001721   Time=0.1 Seconds  Run Time=1744.0 Seconds
FIRESTARTER_OPTIMIZE: Seed=0  Test=189  Generation= 12  Result=0.00031514  Best=0.00001721   Time=0.1 Seconds  Run Time=1744.5 Seconds
FIRESTARTER_OPTIMIZE: Seed=0  Test=189  Generation= 13  Result=0.00059628  Best=0.00001721   Time=0.1 Seconds  Run Time=1745.0 Seconds
FIRESTARTER_OPTIMIZE: Seed=0  Test=189  Generation= 14 *Result=0.00000020  Best=0.00000020   Time=0.1 Seconds  Run Time=1745.4 Seconds
