CUDA devices = 1
Device 0: NVIDIA GeForce RTX 4090

variations = 1
instructions = 32
registers = 30
opcodes = 2
patternOpcodes = 4

targetMin = 0.000000f
targetMax = 6.283185f
target = 0.000001f

mode = FIRESTARTER_OPTIMIZE
evolveSeed = 1
optimizeSeed = 1
tests = 256
streams = 1
units = 1
states = 1
generations = 0
population = 49152
passes = 512
attempts = 0
optimize = 1

scale = 0.300000f
startScale = 2.500000f
startResult = 10.000000f

FIRESTARTER_OPTIMIZE: Seed=1  Test=68  Generation=  2 *Result=0.00010757  Best=0.00010757   Time=0.1  Run Time=188.7
FIRESTARTER_OPTIMIZE: Seed=1  Test=68  Generation=  3 *Result=0.00003582  Best=0.00003582   Time=0.1  Run Time=189.1
FIRESTARTER_OPTIMIZE: Seed=1  Test=68  Generation=  4  Result=0.00019753  Best=0.00003582   Time=0.1  Run Time=189.5
FIRESTARTER_OPTIMIZE: Seed=1  Test=68  Generation=  5  Result=0.00149798  Best=0.00003582   Time=0.1  Run Time=189.8
FIRESTARTER_OPTIMIZE: Seed=1  Test=68  Generation=  6 *Result=0.00000170  Best=0.00000170   Time=0.1  Run Time=190.2
FIRESTARTER_OPTIMIZE: Seed=1  Test=68  Generation=  7  Result=0.00058755  Best=0.00000170   Time=0.1  Run Time=190.6
FIRESTARTER_OPTIMIZE: Seed=1  Test=68  Generation=  8  Result=0.00000448  Best=0.00000170   Time=0.1  Run Time=190.9
FIRESTARTER_OPTIMIZE: Seed=1  Test=68  Generation=  9  Result=0.00000233  Best=0.00000170   Time=0.1  Run Time=191.3
FIRESTARTER_OPTIMIZE: Seed=1  Test=68  Generation= 10  Result=0.00009871  Best=0.00000170   Time=0.1  Run Time=191.6
FIRESTARTER_OPTIMIZE: Seed=1  Test=68  Generation= 11 *Result=0.00000032  Best=0.00000032   Time=0.1  Run Time=192.0
