CUDA devices = 1
Device 0: NVIDIA GeForce RTX 4090

variations = 1
instructions = 32
registers = 30
opcodes = 2
patternOpcodes = 4

targetMin = 0.000000f
targetMax = 6.283185f
target = 0.000001f

mode = FIRESTARTER_OPTIMIZE
evolveSeed = 1
optimizeSeed = 1
tests = 256
streams = 1
units = 1
states = 1
generations = 0
population = 65536
passes = 512
attempts = 0
optimize = 1

scale = 0.300000f
startScale = 2.500000f
startResult = 10.000000f

FIRESTARTER_OPTIMIZE: Seed=1  Test=75  Generation=  2 *Result=0.00000609  Best=0.00000609   Time=0.1  Run Time=191.2
FIRESTARTER_OPTIMIZE: Seed=1  Test=75  Generation=  3  Result=0.00000721  Best=0.00000609   Time=0.1  Run Time=191.6
FIRESTARTER_OPTIMIZE: Seed=1  Test=75  Generation=  4  Result=0.00018744  Best=0.00000609   Time=0.1  Run Time=192.0
FIRESTARTER_OPTIMIZE: Seed=1  Test=75  Generation=  5 *Result=0.00000280  Best=0.00000280   Time=0.1  Run Time=192.3
FIRESTARTER_OPTIMIZE: Seed=1  Test=75  Generation=  6  Result=0.00001431  Best=0.00000280   Time=0.1  Run Time=192.7
FIRESTARTER_OPTIMIZE: Seed=1  Test=75  Generation=  7  Result=0.00000696  Best=0.00000280   Time=0.1  Run Time=193.1
FIRESTARTER_OPTIMIZE: Seed=1  Test=75  Generation=  8  Result=0.00026736  Best=0.00000280   Time=0.1  Run Time=193.4
FIRESTARTER_OPTIMIZE: Seed=1  Test=75  Generation=  9  Result=0.00075640  Best=0.00000280   Time=0.1  Run Time=193.8
FIRESTARTER_OPTIMIZE: Seed=1  Test=75  Generation= 10 *Result=0.00000039  Best=0.00000039   Time=0.1  Run Time=194.2
