CUDA devices = 1
Device 0: NVIDIA GeForce RTX 4090

variations = 1
samples = 15
instructions = 28
registers = 28
opcodes = 2
patternOpcodes = 4

targetMin = 0.000000f
targetMax = 6.283185f
target = 0.000001f

mode = FIRESTARTER_OPTIMIZE
evolveSeed = 0
optimizeSeed = 0
tests = 256
streams = 1
units = 1
states = 1
generations = 0
population = 65536
iterations = 64
passes = 512
candidates = 16
attempts = 0
optimize = 1

scale = 0.300000f
startScale = 2.500000f
startResult = 10.000000f

FIRESTARTER_OPTIMIZE: Seed=0  Test=113  Generation=  2 *Result=0.00002443  Best=0.00002443   Time=0.1  Run Time=416.7
FIRESTARTER_OPTIMIZE: Seed=0  Test=113  Generation=  3  Result=0.00008667  Best=0.00002443   Time=0.1  Run Time=417.1
FIRESTARTER_OPTIMIZE: Seed=0  Test=113  Generation=  4  Result=0.00022463  Best=0.00002443   Time=0.1  Run Time=417.6
FIRESTARTER_OPTIMIZE: Seed=0  Test=113  Generation=  5 *Result=0.00000641  Best=0.00000641   Time=0.1  Run Time=418.0
FIRESTARTER_OPTIMIZE: Seed=0  Test=113  Generation=  6  Result=0.00001552  Best=0.00000641   Time=0.1  Run Time=418.4
FIRESTARTER_OPTIMIZE: Seed=0  Test=113  Generation=  7  Result=0.00015712  Best=0.00000641   Time=0.1  Run Time=418.8
FIRESTARTER_OPTIMIZE: Seed=0  Test=113  Generation=  8  Result=0.00019569  Best=0.00000641   Time=0.1  Run Time=419.2
FIRESTARTER_OPTIMIZE: Seed=0  Test=113  Generation=  9 *Result=0.00000095  Best=0.00000095   Time=0.1  Run Time=419.7
