CUDA devices = 1
Device 0: NVIDIA GeForce RTX 4090 Laptop GPU

variations = 1
instructions = 32
registers = 30
opcodes = 2
patternOpcodes = 4

targetMin = 0.000000f
targetMax = 6.283185f
target = 0.000001f

mode = FIRESTARTER_OPTIMIZE
evolveSeed = 0
optimizeSeed = 0
tests = 256
streams = 1
units = 1
states = 1
generations = 0
population = 65536
passes = 384
attempts = 0
optimize = 1

scale = 0.300000f
startScale = 2.500000f
startResult = 10.000000f

FIRESTARTER_OPTIMIZE: Seed=0  Test=222  Generation=  2 *Result=0.00023407  Best=0.00023407   Time=0.1  Run Time=1054.7
FIRESTARTER_OPTIMIZE: Seed=0  Test=222  Generation=  3 *Result=0.00018778  Best=0.00018778   Time=0.1  Run Time=1055.3
FIRESTARTER_OPTIMIZE: Seed=0  Test=222  Generation=  4 *Result=0.00007593  Best=0.00007593   Time=0.1  Run Time=1055.9
FIRESTARTER_OPTIMIZE: Seed=0  Test=222  Generation=  5 *Result=0.00003883  Best=0.00003883   Time=0.1  Run Time=1056.5
FIRESTARTER_OPTIMIZE: Seed=0  Test=222  Generation=  6  Result=0.00030793  Best=0.00003883   Time=0.1  Run Time=1057.1
FIRESTARTER_OPTIMIZE: Seed=0  Test=222  Generation=  7 *Result=0.00000031  Best=0.00000031   Time=0.1  Run Time=1057.6
