CUDA devices = 1
Device 0: NVIDIA GeForce RTX 4090

variations = 1
instructions = 32
registers = 30
opcodes = 2
patternOpcodes = 4

targetMin = 0.000000f
targetMax = 6.283185f
target = 0.000001f

mode = FIRESTARTER_OPTIMIZE
evolveSeed = 0
optimizeSeed = 0
tests = 256
streams = 1
units = 1
states = 1
generations = 0
population = 49152
passes = 384
attempts = 0
optimize = 1

scale = 0.300000f
startScale = 2.500000f
startResult = 10.000000f

FIRESTARTER_OPTIMIZE: Seed=0  Test=214  Generation=  2 *Result=0.00006142  Best=0.00006142   Time=0.1  Run Time=549.5
FIRESTARTER_OPTIMIZE: Seed=0  Test=214  Generation=  3  Result=0.00224177  Best=0.00006142   Time=0.1  Run Time=549.9
FIRESTARTER_OPTIMIZE: Seed=0  Test=214  Generation=  4 *Result=0.00000118  Best=0.00000118   Time=0.1  Run Time=550.2
FIRESTARTER_OPTIMIZE: Seed=0  Test=214  Generation=  5  Result=0.00224847  Best=0.00000118   Time=0.1  Run Time=550.5
FIRESTARTER_OPTIMIZE: Seed=0  Test=214  Generation=  6  Result=0.00035716  Best=0.00000118   Time=0.1  Run Time=550.8
FIRESTARTER_OPTIMIZE: Seed=0  Test=214  Generation=  7  Result=0.00115740  Best=0.00000118   Time=0.1  Run Time=551.1
FIRESTARTER_OPTIMIZE: Seed=0  Test=214  Generation=  8  Result=0.00031086  Best=0.00000118   Time=0.1  Run Time=551.5
FIRESTARTER_OPTIMIZE: Seed=0  Test=214  Generation=  9  Result=0.00614200  Best=0.00000118   Time=0.1  Run Time=551.8
FIRESTARTER_OPTIMIZE: Seed=0  Test=214  Generation= 10  Result=0.00016898  Best=0.00000118   Time=0.1  Run Time=552.1
FIRESTARTER_OPTIMIZE: Seed=0  Test=214  Generation= 11 *Result=0.00000057  Best=0.00000057   Time=0.1  Run Time=552.4
