CUDA devices = 1
Device 0: NVIDIA GeForce RTX 4090

variations = 1
samples = 15
instructions = 32
registers = 30
opcodes = 2
patternOpcodes = 4

targetMin = 0.000000f
targetMax = 6.283185f
target = 0.000001f

mode = FIRESTARTER_OPTIMIZE
evolveSeed = 123
optimizeSeed = 123
tests = 256
streams = 1
units = 1
states = 1
generations = 0
population = 65536
iterations = 64
passes = 512
candidates = 16
attempts = 0
optimize = 1

scale = 0.300000f
startScale = 2.500000f
startResult = 10.000000f

FIRESTARTER_OPTIMIZE: Seed=123  Test=226  Generation=  2 *Result=0.00005238  Best=0.00005238   Time=0.1  Run Time=776.1
FIRESTARTER_OPTIMIZE: Seed=123  Test=226  Generation=  3  Result=0.00142167  Best=0.00005238   Time=0.1  Run Time=776.5
FIRESTARTER_OPTIMIZE: Seed=123  Test=226  Generation=  4 *Result=0.00001677  Best=0.00001677   Time=0.1  Run Time=776.8
FIRESTARTER_OPTIMIZE: Seed=123  Test=226  Generation=  5  Result=0.00009749  Best=0.00001677   Time=0.1  Run Time=777.2
FIRESTARTER_OPTIMIZE: Seed=123  Test=226  Generation=  6  Result=0.00005764  Best=0.00001677   Time=0.1  Run Time=777.6
FIRESTARTER_OPTIMIZE: Seed=123  Test=226  Generation=  7  Result=0.00021660  Best=0.00001677   Time=0.1  Run Time=778.0
FIRESTARTER_OPTIMIZE: Seed=123  Test=226  Generation=  8  Result=0.00007373  Best=0.00001677   Time=0.1  Run Time=778.4
FIRESTARTER_OPTIMIZE: Seed=123  Test=226  Generation=  9  Result=0.00009652  Best=0.00001677   Time=0.1  Run Time=778.7
FIRESTARTER_OPTIMIZE: Seed=123  Test=226  Generation= 10 *Result=0.00000011  Best=0.00000011   Time=0.1  Run Time=779.1
