CUDA devices = 1
Device 0: NVIDIA GeForce RTX 4090

variations = 1
samples = 15
instructions = 32
registers = 30
opcodes = 2
patternOpcodes = 4

targetMin = 0.000000f
targetMax = 6.283185f
target = 0.000001f

mode = FIRESTARTER_OPTIMIZE
evolveSeed = 0
optimizeSeed = 0
tests = 256
streams = 1
units = 1
states = 1
generations = 0
population = 65536
iterations = 64
passes = 512
candidates = 16
attempts = 0
optimize = 1

scale = 0.100000f
startScale = 2.500000f
startResult = 10.000000f

FIRESTARTER_OPTIMIZE: Seed=0  Test=82  Generation=  2 *Result=0.00000557  Best=0.00000557   Time=0.1  Run Time=499.6
FIRESTARTER_OPTIMIZE: Seed=0  Test=82  Generation=  3  Result=0.01005264  Best=0.00000557   Time=0.1  Run Time=500.1
FIRESTARTER_OPTIMIZE: Seed=0  Test=82  Generation=  4  Result=0.00222104  Best=0.00000557   Time=0.1  Run Time=500.5
FIRESTARTER_OPTIMIZE: Seed=0  Test=82  Generation=  5  Result=0.00008200  Best=0.00000557   Time=0.1  Run Time=500.9
FIRESTARTER_OPTIMIZE: Seed=0  Test=82  Generation=  6  Result=0.00615597  Best=0.00000557   Time=0.1  Run Time=501.4
FIRESTARTER_OPTIMIZE: Seed=0  Test=82  Generation=  7  Result=0.00012219  Best=0.00000557   Time=0.1  Run Time=501.8
FIRESTARTER_OPTIMIZE: Seed=0  Test=82  Generation=  8 *Result=0.00000014  Best=0.00000014   Time=0.1  Run Time=502.3
