CUDA devices = 1
Device 0: NVIDIA GeForce RTX 4090 Laptop GPU

variations = 1
samples = 15
instructions = 32
registers = 30
opcodes = 2
patternOpcodes = 4

targetMin = 0.000000f
targetMax = 6.283185f
evolveTarget = 0.000001f

mode = FIRESTARTER_EVOLVE_GPU
evolveSeed = 0
optimizeSeed = 0
tests = 16
streams = 1
units = 1
states = 1
generations = 0
population = 8192
iterations = 64
passes = 500
candidates = 16
attempts = 0
optimize = 1

scale = 0.100000f
startScale = 2.000000f
startResult = 10.000000f

FIRESTARTER_EVOLVE_GPU: Seed=0  Test= 4  Generation=  0  Age=  1  Evolution= 0  Weight=0.00000000  Old Result=10.00000000 *New Result=0.00165373  Index=5089  EvolveAge1=12  EvolveAge2=205  Best=0.00165373   BestAge=1  Time=4.9 Seconds  Run Time=810.2 Seconds
FIRESTARTER_EVOLVE_GPU: Seed=0  Test= 4  Generation=  1  Age=  1  Evolution= 0  Weight=0.00000000  Old Result=0.00165373 *New Result=0.00053132  Index=7833  EvolveAge1=140  EvolveAge2=65  Best=0.00053132   BestAge=1  Time=4.2 Seconds  Run Time=814.4 Seconds
FIRESTARTER_EVOLVE_GPU: Seed=0  Test= 4  Generation=  2  Age=  1  Evolution= 0  Weight=0.00000000  Old Result=0.00053132 *New Result=0.00047976  Index=6721  EvolveAge1=18  EvolveAge2=2  Best=0.00047976   BestAge=1  Time=4.6 Seconds  Run Time=819.1 Seconds
FIRESTARTER_EVOLVE_GPU: Seed=0  Test= 4  Generation=  3  Age=  1  Evolution= 0  Weight=0.00000000  Old Result=0.00047976 *New Result=0.00003541  Index=3519  EvolveAge1=2  EvolveAge2=152  Best=0.00003541   BestAge=1  Time=4.2 Seconds  Run Time=823.3 Seconds
FIRESTARTER_EVOLVE_GPU: Seed=0  Test= 4  Generation=  4  Age=  1  Evolution= 0  Weight=0.00000000  Old Result=0.00003541 *New Result=0.00003523  Index=3519  EvolveAge1=492  EvolveAge2=159  Best=0.00003523   BestAge=1  Time=4.2 Seconds  Run Time=827.4 Seconds
FIRESTARTER_EVOLVE_GPU: Seed=0  Test= 4  Generation=  5  Age=  1  Evolution= 0  Weight=0.00000000  Old Result=0.00003523  Bad Result=0.00007164  Index=4341  EvolveAge1=310  EvolveAge2=121  Best=0.00003523   BestAge=2  Time=4.1 Seconds  Run Time=831.5 Seconds
FIRESTARTER_OPTIMIZE_GPU: Seed=0  Test= 4  Optimize=0  Generation=  4 *Result=0.00000012  Best=0.00000012   Time=4.9 Seconds  Run Time=836.4 Seconds
