CUDA devices = 1
Device 0: NVIDIA GeForce RTX 4090

variations = 1
instructions = 32
registers = 30
opcodes = 2
patternOpcodes = 4

targetMin = 0.000000f
targetMax = 6.283185f
target = 0.000001f

mode = FIRESTARTER_OPTIMIZE
evolveSeed = 1
optimizeSeed = 1
tests = 256
streams = 1
units = 1
states = 1
generations = 0
population = 49152
passes = 384
attempts = 0
optimize = 1

scale = 0.300000f
startScale = 2.500000f
startResult = 10.000000f

FIRESTARTER_OPTIMIZE: Seed=1  Test=114  Generation=  2 *Result=0.00020674  Best=0.00020674   Time=0.1  Run Time=326.6
FIRESTARTER_OPTIMIZE: Seed=1  Test=114  Generation=  3 *Result=0.00005255  Best=0.00005255   Time=0.1  Run Time=326.9
FIRESTARTER_OPTIMIZE: Seed=1  Test=114  Generation=  4 *Result=0.00004733  Best=0.00004733   Time=0.1  Run Time=327.2
FIRESTARTER_OPTIMIZE: Seed=1  Test=114  Generation=  5  Result=0.00017254  Best=0.00004733   Time=0.1  Run Time=327.6
FIRESTARTER_OPTIMIZE: Seed=1  Test=114  Generation=  6 *Result=0.00000155  Best=0.00000155   Time=0.1  Run Time=327.9
FIRESTARTER_OPTIMIZE: Seed=1  Test=114  Generation=  7  Result=0.00020223  Best=0.00000155   Time=0.1  Run Time=328.2
FIRESTARTER_OPTIMIZE: Seed=1  Test=114  Generation=  8  Result=0.00001280  Best=0.00000155   Time=0.1  Run Time=328.5
FIRESTARTER_OPTIMIZE: Seed=1  Test=114  Generation=  9  Result=0.00066310  Best=0.00000155   Time=0.1  Run Time=328.9
FIRESTARTER_OPTIMIZE: Seed=1  Test=114  Generation= 10 *Result=0.00000050  Best=0.00000050   Time=0.1  Run Time=329.2
