CUDA devices = 1
Device 0: NVIDIA GeForce RTX 4090

variations = 1
instructions = 32
registers = 30
opcodes = 2
patternOpcodes = 4

targetMin = 0.000000f
targetMax = 6.283185f
target = 0.000001f

mode = FIRESTARTER_OPTIMIZE
evolveSeed = 2
optimizeSeed = 2
tests = 256
streams = 1
units = 1
states = 1
generations = 0
population = 65536
passes = 384
attempts = 0
optimize = 1

scale = 0.300000f
startScale = 2.500000f
startResult = 10.000000f

FIRESTARTER_OPTIMIZE: Seed=2  Test=234  Generation=  2 *Result=0.00000578  Best=0.00000578   Time=0.1  Run Time=590.4
FIRESTARTER_OPTIMIZE: Seed=2  Test=234  Generation=  3  Result=0.00614029  Best=0.00000578   Time=0.1  Run Time=590.7
FIRESTARTER_OPTIMIZE: Seed=2  Test=234  Generation=  4  Result=0.00008285  Best=0.00000578   Time=0.1  Run Time=591.0
FIRESTARTER_OPTIMIZE: Seed=2  Test=234  Generation=  5  Result=0.00044498  Best=0.00000578   Time=0.1  Run Time=591.3
FIRESTARTER_OPTIMIZE: Seed=2  Test=234  Generation=  6  Result=0.00006658  Best=0.00000578   Time=0.1  Run Time=591.6
FIRESTARTER_OPTIMIZE: Seed=2  Test=234  Generation=  7  Result=0.00025994  Best=0.00000578   Time=0.1  Run Time=591.9
FIRESTARTER_OPTIMIZE: Seed=2  Test=234  Generation=  8  Result=0.00018596  Best=0.00000578   Time=0.1  Run Time=592.2
FIRESTARTER_OPTIMIZE: Seed=2  Test=234  Generation=  9  Result=0.00002972  Best=0.00000578   Time=0.1  Run Time=592.5
FIRESTARTER_OPTIMIZE: Seed=2  Test=234  Generation= 10 *Result=0.00000065  Best=0.00000065   Time=0.1  Run Time=592.8
