CUDA devices = 1
Device 0: NVIDIA GeForce RTX 4090

variations = 1
samples = 15
instructions = 32
registers = 30
opcodes = 2
patternOpcodes = 2

targetMin = 0.000000f
targetMax = 6.283185f
target = 0.000001f

mode = FIRESTARTER_EVOLVE_GPU
evolveSeed = 0
optimizeSeed = 0
tests = 16
streams = 1
units = 1
states = 1
generations = 0
population = 262144
iterations = 64
passes = 100
candidates = 16
attempts = 0
optimize = 1

scale = 0.100000f
startScale = 2.000000f
startResult = 10.000000f

FIRESTARTER_EVOLVE_GPU: Seed=0  Test=15  Generation=  0  Age=  1  Evolution= 0  Weight=0.00000000  Old Result=10.00000000 *New Result=0.00683432  Index=94370  EvolveAge1=1  EvolveAge2=16  Best=0.00683432   BestAge=0  Time=0.5 Seconds  Run Time=459.3 Seconds
FIRESTARTER_EVOLVE_GPU: Seed=0  Test=15  Generation=  1  Age=  1  Evolution= 0  Weight=0.00000000  Old Result=0.00683432 *New Result=0.00437877  Index=167706  EvolveAge1=1  EvolveAge2=76  Best=0.00437877   BestAge=0  Time=0.6 Seconds  Run Time=459.9 Seconds
FIRESTARTER_EVOLVE_GPU: Seed=0  Test=15  Generation=  2  Age=  1  Evolution= 0  Weight=0.00000000  Old Result=0.00437877 *New Result=0.00260532  Index=167706  EvolveAge1=3  EvolveAge2=130  Best=0.00260532   BestAge=0  Time=0.7 Seconds  Run Time=460.6 Seconds
FIRESTARTER_EVOLVE_GPU: Seed=0  Test=15  Generation=  3  Age=  1  Evolution= 0  Weight=0.00000000  Old Result=0.00260532 *New Result=0.00191945  Index=167706  EvolveAge1=10  EvolveAge2=181  Best=0.00191945   BestAge=0  Time=0.7 Seconds  Run Time=461.3 Seconds
FIRESTARTER_EVOLVE_GPU: Seed=0  Test=15  Generation=  4  Age=  1  Evolution= 0  Weight=0.00000000  Old Result=0.00191945 *New Result=0.00187102  Index=167706  EvolveAge1=0  EvolveAge2=261  Best=0.00187102   BestAge=0  Time=0.7 Seconds  Run Time=462.0 Seconds
FIRESTARTER_EVOLVE_GPU: Seed=0  Test=15  Generation=  5  Age=  1  Evolution= 0  Weight=0.00000000  Old Result=0.00187102 *New Result=0.00180862  Index=167706  EvolveAge1=10  EvolveAge2=308  Best=0.00180862   BestAge=0  Time=0.7 Seconds  Run Time=462.7 Seconds
FIRESTARTER_OPTIMIZE_CPU: Seed=0  Test=15  Optimize=0  Generation=  0 *Result=0.00017590  Best=0.00017590   Time=4.0 Seconds  Run Time=462.8 Seconds
FIRESTARTER_EVOLVE_GPU: Seed=0  Test=15  Generation=  6  Age=  1  Evolution= 0  Weight=0.00000000  Old Result=0.00180862  Bad Result=0.00342517  Index=111085  EvolveAge1=0  EvolveAge2=250  Best=0.00017590   BestAge=1  Time=0.6 Seconds  Run Time=463.3 Seconds
FIRESTARTER_EVOLVE_GPU: Seed=0  Test=15  Generation=  7  Age=  1  Evolution= 0  Weight=0.00000000  Old Result=0.00342517 >New Result=0.00158042  Index=69791  EvolveAge1=2  EvolveAge2=60  Best=0.00017590   BestAge=2  Time=0.7 Seconds  Run Time=464.0 Seconds
FIRESTARTER_EVOLVE_GPU: Seed=0  Test=15  Generation=  8  Age=  1  Evolution= 0  Weight=0.00000000  Old Result=0.00158042  Bad Result=0.00309455  Index=188946  EvolveAge1=4  EvolveAge2=95  Best=0.00017590   BestAge=3  Time=0.7 Seconds  Run Time=464.7 Seconds
FIRESTARTER_EVOLVE_GPU: Seed=0  Test=15  Generation=  9  Age=  1  Evolution= 0  Weight=0.00000000  Old Result=0.00309455  Bad Result=0.00325584  Index=47023  EvolveAge1=6  EvolveAge2=12  Best=0.00017590   BestAge=4  Time=0.7 Seconds  Run Time=465.4 Seconds
FIRESTARTER_EVOLVE_GPU: Seed=0  Test=15  Generation= 10  Age=  1  Evolution= 0  Weight=0.00000000  Old Result=0.00325584  Bad Result=0.00477400  Index=227267  EvolveAge1=0  EvolveAge2=45  Best=0.00017590   BestAge=5  Time=0.7 Seconds  Run Time=466.1 Seconds
FIRESTARTER_OPTIMIZE_CPU: Seed=0  Test=15  Optimize=0  Generation=  1 *Result=0.00000024  Best=0.00000024   Time=7.3 Seconds  Run Time=466.7 Seconds
