CUDA devices = 1
Device 0: NVIDIA GeForce RTX 4090

variations = 1
samples = 15
instructions = 32
registers = 30
opcodes = 2
patternOpcodes = 4

targetMin = 0.000000f
targetMax = 6.283185f
target = 0.000001f

mode = FIRESTARTER_OPTIMIZE
evolveSeed = 0
optimizeSeed = 0
tests = 256
streams = 1
units = 1
states = 1
generations = 0
population = 65536
iterations = 64
passes = 512
candidates = 16
attempts = 0
optimize = 1

scale = 0.300000f
startScale = 2.500000f
startResult = 10.000000f

FIRESTARTER_OPTIMIZE: Seed=0  Test=176  Generation=  2 *Result=0.00006564  Best=0.00006564   Time=0.1  Run Time=743.8
FIRESTARTER_OPTIMIZE: Seed=0  Test=176  Generation=  3 *Result=0.00000597  Best=0.00000597   Time=0.1  Run Time=744.3
FIRESTARTER_OPTIMIZE: Seed=0  Test=176  Generation=  4 *Result=0.00000244  Best=0.00000244   Time=0.1  Run Time=744.7
FIRESTARTER_OPTIMIZE: Seed=0  Test=176  Generation=  5  Result=0.00020801  Best=0.00000244   Time=0.1  Run Time=745.2
FIRESTARTER_OPTIMIZE: Seed=0  Test=176  Generation=  6  Result=0.00001293  Best=0.00000244   Time=0.1  Run Time=745.7
FIRESTARTER_OPTIMIZE: Seed=0  Test=176  Generation=  7  Result=0.00004794  Best=0.00000244   Time=0.1  Run Time=746.1
FIRESTARTER_OPTIMIZE: Seed=0  Test=176  Generation=  8  Result=0.00072585  Best=0.00000244   Time=0.1  Run Time=746.6
FIRESTARTER_OPTIMIZE: Seed=0  Test=176  Generation=  9  Result=0.00008795  Best=0.00000244   Time=0.1  Run Time=747.1
FIRESTARTER_OPTIMIZE: Seed=0  Test=176  Generation= 10  Result=0.00237802  Best=0.00000244   Time=0.1  Run Time=747.5
FIRESTARTER_OPTIMIZE: Seed=0  Test=176  Generation= 11 *Result=0.00000022  Best=0.00000022   Time=0.1  Run Time=748.0
