CUDA devices = 1
Device 0: NVIDIA GeForce RTX 4090

variations = 1
samples = 15
instructions = 28
registers = 28
opcodes = 2
patternOpcodes = 4

targetMin = 0.000000f
targetMax = 6.283185f
target = 0.000001f

mode = FIRESTARTER_OPTIMIZE
evolveSeed = 0
optimizeSeed = 0
tests = 256
streams = 1
units = 1
states = 1
generations = 0
population = 65536
iterations = 64
passes = 512
candidates = 16
attempts = 0
optimize = 1

scale = 0.300000f
startScale = 2.500000f
startResult = 10.000000f

FIRESTARTER_OPTIMIZE: Seed=0  Test=23  Generation=  2 *Result=0.00003557  Best=0.00003557   Time=0.1  Run Time=60.6
FIRESTARTER_OPTIMIZE: Seed=0  Test=23  Generation=  3  Result=0.00005883  Best=0.00003557   Time=0.1  Run Time=61.0
FIRESTARTER_OPTIMIZE: Seed=0  Test=23  Generation=  4  Result=0.00005422  Best=0.00003557   Time=0.1  Run Time=61.4
FIRESTARTER_OPTIMIZE: Seed=0  Test=23  Generation=  5  Result=0.00111946  Best=0.00003557   Time=0.1  Run Time=61.9
FIRESTARTER_OPTIMIZE: Seed=0  Test=23  Generation=  6  Result=0.00025695  Best=0.00003557   Time=0.1  Run Time=62.3
FIRESTARTER_OPTIMIZE: Seed=0  Test=23  Generation=  7 *Result=0.00000167  Best=0.00000167   Time=0.1  Run Time=62.7
FIRESTARTER_OPTIMIZE: Seed=0  Test=23  Generation=  8  Result=0.00006237  Best=0.00000167   Time=0.1  Run Time=63.1
FIRESTARTER_OPTIMIZE: Seed=0  Test=23  Generation=  9 *Result=0.00000017  Best=0.00000017   Time=0.1  Run Time=63.6
