CUDA devices = 1
Device 0: NVIDIA GeForce RTX 4090

variations = 1
instructions = 32
registers = 30
opcodes = 2
patternOpcodes = 4

targetMin = 0.000000f
targetMax = 6.283185f
target = 0.000001f

mode = FIRESTARTER_OPTIMIZE
evolveSeed = 0
optimizeSeed = 0
tests = 256
streams = 1
units = 1
states = 1
generations = 0
population = 32768
passes = 512
attempts = 0
optimize = 1

scale = 0.300000f
startScale = 2.500000f
startResult = 10.000000f

FIRESTARTER_OPTIMIZE: Seed=0  Test=15  Generation=  2 *Result=0.00028566  Best=0.00028566   Time=0.1  Run Time=39.9
FIRESTARTER_OPTIMIZE: Seed=0  Test=15  Generation=  3 *Result=0.00001809  Best=0.00001809   Time=0.1  Run Time=40.2
FIRESTARTER_OPTIMIZE: Seed=0  Test=15  Generation=  4  Result=0.00018367  Best=0.00001809   Time=0.1  Run Time=40.5
FIRESTARTER_OPTIMIZE: Seed=0  Test=15  Generation=  5  Result=0.00006825  Best=0.00001809   Time=0.1  Run Time=40.9
FIRESTARTER_OPTIMIZE: Seed=0  Test=15  Generation=  6  Result=0.00007161  Best=0.00001809   Time=0.1  Run Time=41.2
FIRESTARTER_OPTIMIZE: Seed=0  Test=15  Generation=  7  Result=0.00018775  Best=0.00001809   Time=0.1  Run Time=41.5
FIRESTARTER_OPTIMIZE: Seed=0  Test=15  Generation=  8  Result=0.00012356  Best=0.00001809   Time=0.1  Run Time=41.8
FIRESTARTER_OPTIMIZE: Seed=0  Test=15  Generation=  9 *Result=0.00000496  Best=0.00000496   Time=0.1  Run Time=42.2
FIRESTARTER_OPTIMIZE: Seed=0  Test=15  Generation= 10  Result=0.00033389  Best=0.00000496   Time=0.1  Run Time=42.5
FIRESTARTER_OPTIMIZE: Seed=0  Test=15  Generation= 11 *Result=0.00000045  Best=0.00000045   Time=0.1  Run Time=42.9
