CUDA devices = 1
Device 0: NVIDIA GeForce RTX 4090

variations = 1
samples = 15
instructions = 32
registers = 30
opcodes = 2
patternOpcodes = 2

targetMin = 0.000000f
targetMax = 6.283185f
target = 0.000001f

mode = FIRESTARTER_EVOLVE_GPU
evolveSeed = 0
optimizeSeed = 0
tests = 16
streams = 1
units = 1
states = 1
generations = 0
population = 262144
iterations = 64
passes = 100
candidates = 16
attempts = 0
optimize = 1

scale = 0.100000f
startScale = 2.000000f
startResult = 10.000000f

FIRESTARTER_EVOLVE_GPU: Seed=0  Test=13  Generation=  0  Age=  1  Evolution= 0  Weight=0.00000000  Old Result=10.00000000 *New Result=0.00657260  Index=220153  EvolveAge1=12  EvolveAge2=25  Best=0.00657260   BestAge=0  Time=0.5 Seconds  Run Time=424.1 Seconds
FIRESTARTER_EVOLVE_GPU: Seed=0  Test=13  Generation=  1  Age=  1  Evolution= 0  Weight=0.00000000  Old Result=0.00657260 *New Result=0.00431588  Index=14356  EvolveAge1=1  EvolveAge2=34  Best=0.00431588   BestAge=0  Time=0.6 Seconds  Run Time=424.7 Seconds
FIRESTARTER_EVOLVE_GPU: Seed=0  Test=13  Generation=  2  Age=  1  Evolution= 0  Weight=0.00000000  Old Result=0.00431588 *New Result=0.00410324  Index=134214  EvolveAge1=1  EvolveAge2=110  Best=0.00410324   BestAge=0  Time=0.7 Seconds  Run Time=425.4 Seconds
FIRESTARTER_EVOLVE_GPU: Seed=0  Test=13  Generation=  3  Age=  1  Evolution= 0  Weight=0.00000000  Old Result=0.00410324 *New Result=0.00250721  Index=35330  EvolveAge1=3  EvolveAge2=16  Best=0.00250721   BestAge=0  Time=0.7 Seconds  Run Time=426.1 Seconds
FIRESTARTER_EVOLVE_GPU: Seed=0  Test=13  Generation=  4  Age=  1  Evolution= 0  Weight=0.00000000  Old Result=0.00250721  Bad Result=0.00406027  Index=192088  EvolveAge1=1  EvolveAge2=192  Best=0.00250721   BestAge=1  Time=0.7 Seconds  Run Time=426.8 Seconds
FIRESTARTER_EVOLVE_GPU: Seed=0  Test=13  Generation=  5  Age=  1  Evolution= 0  Weight=0.00000000  Old Result=0.00406027 >New Result=0.00255716  Index=192088  EvolveAge1=0  EvolveAge2=238  Best=0.00250721   BestAge=2  Time=0.7 Seconds  Run Time=427.5 Seconds
FIRESTARTER_OPTIMIZE_CPU: Seed=0  Test=13  Optimize=0  Generation=  0 *Result=0.00000005  Best=0.00000005   Time=4.1 Seconds  Run Time=427.7 Seconds
