CUDA devices = 1
Device 0: NVIDIA GeForce RTX 4090

variations = 1
samples = 15
instructions = 32
registers = 30
opcodes = 2
patternOpcodes = 4

targetMin = 0.000000f
targetMax = 6.283185f
target = 0.000001f

mode = FIRESTARTER_OPTIMIZE
evolveSeed = 0
optimizeSeed = 0
tests = 256
streams = 1
units = 1
states = 1
generations = 0
population = 65536
iterations = 64
passes = 512
candidates = 16
attempts = 0
optimize = 1

scale = 0.150000f
startScale = 2.500000f
startResult = 10.000000f

FIRESTARTER_OPTIMIZE: Seed=0  Test=220  Generation=  2 *Result=0.00016348  Best=0.00016348   Time=0.1  Run Time=1114.4
FIRESTARTER_OPTIMIZE: Seed=0  Test=220  Generation=  3  Result=0.00034571  Best=0.00016348   Time=0.1  Run Time=1114.9
FIRESTARTER_OPTIMIZE: Seed=0  Test=220  Generation=  4  Result=0.00061052  Best=0.00016348   Time=0.1  Run Time=1115.4
FIRESTARTER_OPTIMIZE: Seed=0  Test=220  Generation=  5  Result=0.00617087  Best=0.00016348   Time=0.1  Run Time=1115.8
FIRESTARTER_OPTIMIZE: Seed=0  Test=220  Generation=  6  Result=0.00019759  Best=0.00016348   Time=0.1  Run Time=1116.3
FIRESTARTER_OPTIMIZE: Seed=0  Test=220  Generation=  7  Result=0.00091374  Best=0.00016348   Time=0.1  Run Time=1116.8
FIRESTARTER_OPTIMIZE: Seed=0  Test=220  Generation=  8 *Result=0.00000241  Best=0.00000241   Time=0.1  Run Time=1117.2
FIRESTARTER_OPTIMIZE: Seed=0  Test=220  Generation=  9  Result=0.00076306  Best=0.00000241   Time=0.1  Run Time=1117.7
FIRESTARTER_OPTIMIZE: Seed=0  Test=220  Generation= 10  Result=0.00051245  Best=0.00000241   Time=0.1  Run Time=1118.2
FIRESTARTER_OPTIMIZE: Seed=0  Test=220  Generation= 11  Result=0.00018270  Best=0.00000241   Time=0.1  Run Time=1118.6
FIRESTARTER_OPTIMIZE: Seed=0  Test=220  Generation= 12 *Result=0.00000012  Best=0.00000012   Time=0.1  Run Time=1119.1
