CUDA devices = 1
Device 0: NVIDIA GeForce RTX 4090

variations = 1
instructions = 32
registers = 30
opcodes = 2
patternOpcodes = 4

targetMin = 0.000000f
targetMax = 6.283185f
target = 0.000001f

mode = FIRESTARTER_OPTIMIZE
evolveSeed = 0
optimizeSeed = 0
tests = 256
streams = 1
units = 1
states = 1
generations = 0
population = 49152
passes = 256
attempts = 0
optimize = 1

scale = 0.300000f
startScale = 2.500000f
startResult = 10.000000f

FIRESTARTER_OPTIMIZE: Seed=0  Test=36  Generation=  2 *Result=0.00000136  Best=0.00000136   Time=0.1  Run Time=102.2
FIRESTARTER_OPTIMIZE: Seed=0  Test=36  Generation=  3  Result=0.00018251  Best=0.00000136   Time=0.1  Run Time=102.5
FIRESTARTER_OPTIMIZE: Seed=0  Test=36  Generation=  4  Result=0.00007406  Best=0.00000136   Time=0.1  Run Time=102.8
FIRESTARTER_OPTIMIZE: Seed=0  Test=36  Generation=  5  Result=0.00006938  Best=0.00000136   Time=0.1  Run Time=103.1
FIRESTARTER_OPTIMIZE: Seed=0  Test=36  Generation=  6  Result=0.00031265  Best=0.00000136   Time=0.1  Run Time=103.5
FIRESTARTER_OPTIMIZE: Seed=0  Test=36  Generation=  7  Result=0.00001621  Best=0.00000136   Time=0.1  Run Time=103.8
FIRESTARTER_OPTIMIZE: Seed=0  Test=36  Generation=  8  Result=0.00060364  Best=0.00000136   Time=0.1  Run Time=104.1
FIRESTARTER_OPTIMIZE: Seed=0  Test=36  Generation=  9 *Result=0.00000092  Best=0.00000092   Time=0.1  Run Time=104.4
