CUDA devices = 1
Device 0: NVIDIA GeForce RTX 4090

variations = 1
samples = 15
instructions = 32
registers = 30
opcodes = 2
patternOpcodes = 4

targetMin = 0.000000f
targetMax = 6.283185f
target = 0.000001f

mode = FIRESTARTER_OPTIMIZE
evolveSeed = 123
optimizeSeed = 123
tests = 256
streams = 1
units = 1
states = 1
generations = 0
population = 65536
iterations = 64
passes = 512
candidates = 16
attempts = 0
optimize = 1

scale = 0.300000f
startScale = 2.500000f
startResult = 10.000000f

FIRESTARTER_OPTIMIZE: Seed=123  Test=159  Generation=  2 *Result=0.00000253  Best=0.00000253   Time=0.1  Run Time=475.7
FIRESTARTER_OPTIMIZE: Seed=123  Test=159  Generation=  3  Result=0.00004752  Best=0.00000253   Time=0.1  Run Time=476.1
FIRESTARTER_OPTIMIZE: Seed=123  Test=159  Generation=  4  Result=0.00000319  Best=0.00000253   Time=0.1  Run Time=476.5
FIRESTARTER_OPTIMIZE: Seed=123  Test=159  Generation=  5  Result=0.00001994  Best=0.00000253   Time=0.1  Run Time=477.0
FIRESTARTER_OPTIMIZE: Seed=123  Test=159  Generation=  6  Result=0.00000276  Best=0.00000253   Time=0.1  Run Time=477.4
FIRESTARTER_OPTIMIZE: Seed=123  Test=159  Generation=  7  Result=0.00050822  Best=0.00000253   Time=0.1  Run Time=477.8
FIRESTARTER_OPTIMIZE: Seed=123  Test=159  Generation=  8  Result=0.00018752  Best=0.00000253   Time=0.1  Run Time=478.2
FIRESTARTER_OPTIMIZE: Seed=123  Test=159  Generation=  9  Result=0.00000309  Best=0.00000253   Time=0.1  Run Time=478.7
FIRESTARTER_OPTIMIZE: Seed=123  Test=159  Generation= 10  Result=0.00000566  Best=0.00000253   Time=0.1  Run Time=479.1
FIRESTARTER_OPTIMIZE: Seed=123  Test=159  Generation= 11  Result=0.00011323  Best=0.00000253   Time=0.1  Run Time=479.6
FIRESTARTER_OPTIMIZE: Seed=123  Test=159  Generation= 12  Result=0.00027499  Best=0.00000253   Time=0.1  Run Time=480.0
FIRESTARTER_OPTIMIZE: Seed=123  Test=159  Generation= 13 *Result=0.00000012  Best=0.00000012   Time=0.1  Run Time=480.4
