CUDA devices = 1
Device 0: NVIDIA GeForce RTX 4090

variations = 1
samples = 15
instructions = 32
registers = 30
opcodes = 2
patternOpcodes = 4

targetMin = 0.000000f
targetMax = 6.283185f
target = 0.000001f

mode = FIRESTARTER_OPTIMIZE
evolveSeed = 0
optimizeSeed = 0
tests = 256
streams = 1
units = 1
states = 1
generations = 0
population = 65536
iterations = 64
passes = 512
candidates = 16
attempts = 0
optimize = 1

scale = 0.150000f
startScale = 2.500000f
startResult = 10.000000f

FIRESTARTER_OPTIMIZE: Seed=0  Test=68  Generation=  2 *Result=0.00038069  Best=0.00038069   Time=0.1  Run Time=334.3
FIRESTARTER_OPTIMIZE: Seed=0  Test=68  Generation=  3  Result=0.00614525  Best=0.00038069   Time=0.1  Run Time=334.8
FIRESTARTER_OPTIMIZE: Seed=0  Test=68  Generation=  4 *Result=0.00012037  Best=0.00012037   Time=0.1  Run Time=335.3
FIRESTARTER_OPTIMIZE: Seed=0  Test=68  Generation=  5  Result=0.00221711  Best=0.00012037   Time=0.1  Run Time=335.8
FIRESTARTER_OPTIMIZE: Seed=0  Test=68  Generation=  6  Result=0.00095233  Best=0.00012037   Time=0.1  Run Time=336.2
FIRESTARTER_OPTIMIZE: Seed=0  Test=68  Generation=  7 *Result=0.00000080  Best=0.00000080   Time=0.1  Run Time=336.7
