CUDA devices = 1
Device 0: NVIDIA GeForce RTX 4090

variations = 1
samples = 15
instructions = 32
registers = 30
opcodes = 2
patternOpcodes = 4

targetMin = 0.000000f
targetMax = 6.283185f
target = 0.000001f

mode = FIRESTARTER_OPTIMIZE
evolveSeed = 123
optimizeSeed = 123
tests = 256
streams = 1
units = 1
states = 1
generations = 0
population = 65536
iterations = 64
passes = 512
candidates = 16
attempts = 0
optimize = 1

scale = 0.300000f
startScale = 2.500000f
startResult = 10.000000f

FIRESTARTER_OPTIMIZE: Seed=123  Test= 1  Generation=  2 *Result=0.00005246  Best=0.00005246   Time=0.5  Run Time=11.5
FIRESTARTER_OPTIMIZE: Seed=123  Test= 1  Generation=  3 *Result=0.00003135  Best=0.00003135   Time=0.1  Run Time=12.0
FIRESTARTER_OPTIMIZE: Seed=123  Test= 1  Generation=  4  Result=0.00014501  Best=0.00003135   Time=0.1  Run Time=12.4
FIRESTARTER_OPTIMIZE: Seed=123  Test= 1  Generation=  5  Result=0.00004833  Best=0.00003135   Time=0.1  Run Time=12.8
FIRESTARTER_OPTIMIZE: Seed=123  Test= 1  Generation=  6  Result=0.00005170  Best=0.00003135   Time=0.1  Run Time=13.2
FIRESTARTER_OPTIMIZE: Seed=123  Test= 1  Generation=  7  Result=0.00003204  Best=0.00003135   Time=0.1  Run Time=13.6
FIRESTARTER_OPTIMIZE: Seed=123  Test= 1  Generation=  8 *Result=0.00001288  Best=0.00001288   Time=0.1  Run Time=13.9
FIRESTARTER_OPTIMIZE: Seed=123  Test= 1  Generation=  9 *Result=0.00000119  Best=0.00000119   Time=0.1  Run Time=14.3
FIRESTARTER_OPTIMIZE: Seed=123  Test= 1  Generation= 10  Result=0.00010353  Best=0.00000119   Time=0.1  Run Time=14.7
FIRESTARTER_OPTIMIZE: Seed=123  Test= 1  Generation= 11  Result=0.00010282  Best=0.00000119   Time=0.1  Run Time=15.1
FIRESTARTER_OPTIMIZE: Seed=123  Test= 1  Generation= 12  Result=0.00016097  Best=0.00000119   Time=0.1  Run Time=15.5
FIRESTARTER_OPTIMIZE: Seed=123  Test= 1  Generation= 13  Result=0.00074166  Best=0.00000119   Time=0.1  Run Time=15.9
FIRESTARTER_OPTIMIZE: Seed=123  Test= 1  Generation= 14 *Result=0.00000026  Best=0.00000026   Time=0.1  Run Time=16.3
