CUDA devices = 1
Device 0: NVIDIA GeForce RTX 4090

variations = 1
instructions = 32
registers = 30
opcodes = 2
patternOpcodes = 4

targetMin = 0.000000f
targetMax = 6.283185f
target = 0.000001f

mode = FIRESTARTER_OPTIMIZE
evolveSeed = 1
optimizeSeed = 1
tests = 256
streams = 1
units = 1
states = 1
generations = 0
population = 49152
passes = 384
attempts = 0
optimize = 1

scale = 0.300000f
startScale = 2.500000f
startResult = 10.000000f

FIRESTARTER_OPTIMIZE: Seed=1  Test=183  Generation=  2 *Result=0.00139491  Best=0.00139491   Time=0.1  Run Time=546.4
FIRESTARTER_OPTIMIZE: Seed=1  Test=183  Generation=  3 *Result=0.00004345  Best=0.00004345   Time=0.1  Run Time=546.7
FIRESTARTER_OPTIMIZE: Seed=1  Test=183  Generation=  4 *Result=0.00003930  Best=0.00003930   Time=0.1  Run Time=547.0
FIRESTARTER_OPTIMIZE: Seed=1  Test=183  Generation=  5  Result=0.00005000  Best=0.00003930   Time=0.1  Run Time=547.3
FIRESTARTER_OPTIMIZE: Seed=1  Test=183  Generation=  6 *Result=0.00000432  Best=0.00000432   Time=0.1  Run Time=547.7
FIRESTARTER_OPTIMIZE: Seed=1  Test=183  Generation=  7  Result=0.00039089  Best=0.00000432   Time=0.1  Run Time=548.0
FIRESTARTER_OPTIMIZE: Seed=1  Test=183  Generation=  8 *Result=0.00000032  Best=0.00000032   Time=0.1  Run Time=548.3
