CUDA devices = 1
Device 0: NVIDIA GeForce RTX 4090

variations = 1
instructions = 32
registers = 30
opcodes = 2
patternOpcodes = 4

targetMin = 0.000000f
targetMax = 6.283185f
target = 0.000001f

mode = FIRESTARTER_OPTIMIZE
evolveSeed = 1
optimizeSeed = 1
tests = 256
streams = 1
units = 1
states = 1
generations = 0
population = 65536
passes = 512
attempts = 0
optimize = 1

scale = 0.300000f
startScale = 2.500000f
startResult = 10.000000f

FIRESTARTER_OPTIMIZE: Seed=1  Test=254  Generation=  2 *Result=0.00153276  Best=0.00153276   Time=0.1  Run Time=736.5
FIRESTARTER_OPTIMIZE: Seed=1  Test=254  Generation=  3 *Result=0.00019294  Best=0.00019294   Time=0.1  Run Time=736.9
FIRESTARTER_OPTIMIZE: Seed=1  Test=254  Generation=  4 *Result=0.00000831  Best=0.00000831   Time=0.1  Run Time=737.2
FIRESTARTER_OPTIMIZE: Seed=1  Test=254  Generation=  5  Result=0.00272998  Best=0.00000831   Time=0.1  Run Time=737.6
FIRESTARTER_OPTIMIZE: Seed=1  Test=254  Generation=  6 *Result=0.00000148  Best=0.00000148   Time=0.1  Run Time=737.9
FIRESTARTER_OPTIMIZE: Seed=1  Test=254  Generation=  7  Result=0.00225139  Best=0.00000148   Time=0.1  Run Time=738.3
FIRESTARTER_OPTIMIZE: Seed=1  Test=254  Generation=  8  Result=0.00000153  Best=0.00000148   Time=0.1  Run Time=738.7
FIRESTARTER_OPTIMIZE: Seed=1  Test=254  Generation=  9 *Result=0.00000095  Best=0.00000095   Time=0.1  Run Time=739.1
