CUDA devices = 1
Device 0: NVIDIA GeForce RTX 4090

variations = 1
instructions = 32
registers = 30
opcodes = 2
patternOpcodes = 4

targetMin = 0.000000f
targetMax = 6.283185f
target = 0.000001f

mode = FIRESTARTER_OPTIMIZE
evolveSeed = 0
optimizeSeed = 0
tests = 256
streams = 1
units = 1
states = 1
generations = 0
population = 65536
passes = 512
attempts = 0
optimize = 1

scale = 0.300000f
startScale = 2.500000f
startResult = 10.000000f

FIRESTARTER_OPTIMIZE: Seed=0  Test=96  Generation=  2 *Result=0.00006606  Best=0.00006606   Time=0.1  Run Time=265.9
FIRESTARTER_OPTIMIZE: Seed=0  Test=96  Generation=  3 *Result=0.00003311  Best=0.00003311   Time=0.1  Run Time=266.2
FIRESTARTER_OPTIMIZE: Seed=0  Test=96  Generation=  4  Result=0.00008810  Best=0.00003311   Time=0.1  Run Time=266.6
FIRESTARTER_OPTIMIZE: Seed=0  Test=96  Generation=  5 *Result=0.00000847  Best=0.00000847   Time=0.1  Run Time=267.0
FIRESTARTER_OPTIMIZE: Seed=0  Test=96  Generation=  6  Result=0.00040287  Best=0.00000847   Time=0.1  Run Time=267.3
FIRESTARTER_OPTIMIZE: Seed=0  Test=96  Generation=  7 *Result=0.00000016  Best=0.00000016   Time=0.1  Run Time=267.7
