CUDA devices = 1
Device 0: NVIDIA GeForce RTX 4090

variations = 1
instructions = 32
registers = 30
opcodes = 2
patternOpcodes = 4

targetMin = 0.000000f
targetMax = 6.283185f
target = 0.000001f

mode = FIRESTARTER_OPTIMIZE
evolveSeed = 0
optimizeSeed = 0
tests = 256
streams = 1
units = 1
states = 1
generations = 0
population = 49152
passes = 384
attempts = 0
optimize = 1

scale = 0.300000f
startScale = 2.500000f
startResult = 10.000000f

FIRESTARTER_OPTIMIZE: Seed=0  Test=235  Generation=  2 *Result=0.00000745  Best=0.00000745   Time=0.1  Run Time=598.5
FIRESTARTER_OPTIMIZE: Seed=0  Test=235  Generation=  3  Result=0.00218797  Best=0.00000745   Time=0.1  Run Time=598.8
FIRESTARTER_OPTIMIZE: Seed=0  Test=235  Generation=  4  Result=0.00149727  Best=0.00000745   Time=0.1  Run Time=599.1
FIRESTARTER_OPTIMIZE: Seed=0  Test=235  Generation=  5  Result=0.00036913  Best=0.00000745   Time=0.1  Run Time=599.4
FIRESTARTER_OPTIMIZE: Seed=0  Test=235  Generation=  6  Result=0.00022518  Best=0.00000745   Time=0.1  Run Time=599.7
FIRESTARTER_OPTIMIZE: Seed=0  Test=235  Generation=  7 *Result=0.00000014  Best=0.00000014   Time=0.1  Run Time=600.0
