CUDA devices = 1
Device 0: NVIDIA GeForce RTX 4090

variations = 1
samples = 15
instructions = 32
registers = 30
opcodes = 2
patternOpcodes = 4

targetMin = 0.000000f
targetMax = 6.283185f
target = 0.000001f

mode = FIRESTARTER_OPTIMIZE
evolveSeed = 0
optimizeSeed = 0
tests = 256
streams = 1
units = 1
states = 1
generations = 0
population = 65536
iterations = 64
passes = 512
candidates = 16
attempts = 0
optimize = 1

scale = 0.200000f
startScale = 2.500000f
startResult = 10.000000f

FIRESTARTER_OPTIMIZE: Seed=0  Test=213  Generation=  2 *Result=0.00000907  Best=0.00000907   Time=0.1  Run Time=933.3
FIRESTARTER_OPTIMIZE: Seed=0  Test=213  Generation=  3  Result=0.00024079  Best=0.00000907   Time=0.1  Run Time=933.7
FIRESTARTER_OPTIMIZE: Seed=0  Test=213  Generation=  4 *Result=0.00000327  Best=0.00000327   Time=0.1  Run Time=934.2
FIRESTARTER_OPTIMIZE: Seed=0  Test=213  Generation=  5 *Result=0.00000185  Best=0.00000185   Time=0.1  Run Time=934.6
FIRESTARTER_OPTIMIZE: Seed=0  Test=213  Generation=  6 *Result=0.00000031  Best=0.00000031   Time=0.1  Run Time=935.1
