CUDA devices = 1
Device 0: NVIDIA GeForce RTX 4090

variations = 1
instructions = 32
registers = 30
opcodes = 2
patternOpcodes = 4

targetMin = 0.000000f
targetMax = 6.283185f
target = 0.000001f

mode = FIRESTARTER_OPTIMIZE
evolveSeed = 1
optimizeSeed = 1
tests = 256
streams = 1
units = 1
states = 1
generations = 0
population = 65536
passes = 512
attempts = 0
optimize = 1

scale = 0.300000f
startScale = 2.500000f
startResult = 10.000000f

FIRESTARTER_OPTIMIZE: Seed=1  Test=233  Generation=  2 *Result=0.00066349  Best=0.00066349   Time=0.1  Run Time=745.0
FIRESTARTER_OPTIMIZE: Seed=1  Test=233  Generation=  3 *Result=0.00007731  Best=0.00007731   Time=0.1  Run Time=745.3
FIRESTARTER_OPTIMIZE: Seed=1  Test=233  Generation=  4  Result=0.00019584  Best=0.00007731   Time=0.1  Run Time=745.7
FIRESTARTER_OPTIMIZE: Seed=1  Test=233  Generation=  5  Result=0.00024803  Best=0.00007731   Time=0.1  Run Time=746.1
FIRESTARTER_OPTIMIZE: Seed=1  Test=233  Generation=  6 *Result=0.00005355  Best=0.00005355   Time=0.1  Run Time=746.5
FIRESTARTER_OPTIMIZE: Seed=1  Test=233  Generation=  7 *Result=0.00002068  Best=0.00002068   Time=0.1  Run Time=746.9
FIRESTARTER_OPTIMIZE: Seed=1  Test=233  Generation=  8 *Result=0.00001219  Best=0.00001219   Time=0.1  Run Time=747.2
FIRESTARTER_OPTIMIZE: Seed=1  Test=233  Generation=  9  Result=0.00155243  Best=0.00001219   Time=0.1  Run Time=747.6
FIRESTARTER_OPTIMIZE: Seed=1  Test=233  Generation= 10 *Result=0.00000010  Best=0.00000010   Time=0.1  Run Time=748.0
