CUDA devices = 1
Device 0: NVIDIA GeForce RTX 4090

variations = 1
samples = 15
instructions = 32
registers = 30
opcodes = 2
patternOpcodes = 4

targetMin = 0.000000f
targetMax = 6.283185f
target = 0.000001f

mode = FIRESTARTER_OPTIMIZE
evolveSeed = 123
optimizeSeed = 123
tests = 256
streams = 1
units = 1
states = 1
generations = 0
population = 65536
iterations = 64
passes = 512
candidates = 16
attempts = 0
optimize = 1

scale = 0.300000f
startScale = 2.500000f
startResult = 10.000000f

FIRESTARTER_OPTIMIZE: Seed=123  Test=226  Generation=  2 *Result=0.00012472  Best=0.00012472   Time=0.1  Run Time=689.2
FIRESTARTER_OPTIMIZE: Seed=123  Test=226  Generation=  3 *Result=0.00000310  Best=0.00000310   Time=0.1  Run Time=689.6
FIRESTARTER_OPTIMIZE: Seed=123  Test=226  Generation=  4 *Result=0.00000203  Best=0.00000203   Time=0.1  Run Time=690.1
FIRESTARTER_OPTIMIZE: Seed=123  Test=226  Generation=  5  Result=0.00001374  Best=0.00000203   Time=0.1  Run Time=690.5
FIRESTARTER_OPTIMIZE: Seed=123  Test=226  Generation=  6 *Result=0.00000139  Best=0.00000139   Time=0.1  Run Time=690.9
FIRESTARTER_OPTIMIZE: Seed=123  Test=226  Generation=  7  Result=0.00001619  Best=0.00000139   Time=0.1  Run Time=691.4
FIRESTARTER_OPTIMIZE: Seed=123  Test=226  Generation=  8 *Result=0.00000049  Best=0.00000049   Time=0.1  Run Time=691.8
