CUDA devices = 1
Device 0: NVIDIA GeForce RTX 4090

variations = 1
samples = 15
instructions = 32
registers = 30
opcodes = 2
patternOpcodes = 4

targetMin = 0.000000f
targetMax = 6.283185f
target = 0.000001f

mode = FIRESTARTER_OPTIMIZE
evolveSeed = 0
optimizeSeed = 0
tests = 256
streams = 1
units = 1
states = 1
generations = 0
population = 65536
iterations = 64
passes = 512
candidates = 16
attempts = 0
optimize = 1

scale = 0.300000f
startScale = 2.500000f
startResult = 10.000000f

FIRESTARTER_OPTIMIZE: Seed=0  Test=162  Generation=  2 *Result=0.00000447  Best=0.00000447   Time=0.1  Run Time=470.0
FIRESTARTER_OPTIMIZE: Seed=0  Test=162  Generation=  3  Result=0.00001635  Best=0.00000447   Time=0.1  Run Time=470.4
FIRESTARTER_OPTIMIZE: Seed=0  Test=162  Generation=  4  Result=0.00000799  Best=0.00000447   Time=0.1  Run Time=470.8
FIRESTARTER_OPTIMIZE: Seed=0  Test=162  Generation=  5  Result=0.00020856  Best=0.00000447   Time=0.1  Run Time=471.1
FIRESTARTER_OPTIMIZE: Seed=0  Test=162  Generation=  6  Result=0.00004125  Best=0.00000447   Time=0.1  Run Time=471.5
FIRESTARTER_OPTIMIZE: Seed=0  Test=162  Generation=  7  Result=0.00012913  Best=0.00000447   Time=0.1  Run Time=471.9
FIRESTARTER_OPTIMIZE: Seed=0  Test=162  Generation=  8  Result=0.00018345  Best=0.00000447   Time=0.1  Run Time=472.3
FIRESTARTER_OPTIMIZE: Seed=0  Test=162  Generation=  9 *Result=0.00000243  Best=0.00000243   Time=0.1  Run Time=472.6
FIRESTARTER_OPTIMIZE: Seed=0  Test=162  Generation= 10  Result=0.00000590  Best=0.00000243   Time=0.1  Run Time=473.0
FIRESTARTER_OPTIMIZE: Seed=0  Test=162  Generation= 11 *Result=0.00000014  Best=0.00000014   Time=0.1  Run Time=473.4
