CUDA devices = 1
Device 0: NVIDIA GeForce RTX 4090

variations = 1
instructions = 32
registers = 30
opcodes = 2
patternOpcodes = 4

targetMin = 0.000000f
targetMax = 6.283185f
target = 0.000001f

mode = FIRESTARTER_OPTIMIZE
evolveSeed = 1
optimizeSeed = 1
tests = 256
streams = 1
units = 1
states = 1
generations = 0
population = 65536
passes = 512
attempts = 0
optimize = 1

scale = 0.300000f
startScale = 2.500000f
startResult = 10.000000f

FIRESTARTER_OPTIMIZE: Seed=1  Test=146  Generation=  2 *Result=0.00000329  Best=0.00000329   Time=0.1  Run Time=407.6
FIRESTARTER_OPTIMIZE: Seed=1  Test=146  Generation=  3  Result=0.00010750  Best=0.00000329   Time=0.1  Run Time=408.0
FIRESTARTER_OPTIMIZE: Seed=1  Test=146  Generation=  4  Result=0.00003169  Best=0.00000329   Time=0.1  Run Time=408.4
FIRESTARTER_OPTIMIZE: Seed=1  Test=146  Generation=  5  Result=0.00050168  Best=0.00000329   Time=0.1  Run Time=408.7
FIRESTARTER_OPTIMIZE: Seed=1  Test=146  Generation=  6  Result=0.00149574  Best=0.00000329   Time=0.1  Run Time=409.1
FIRESTARTER_OPTIMIZE: Seed=1  Test=146  Generation=  7  Result=0.00005518  Best=0.00000329   Time=0.1  Run Time=409.5
FIRESTARTER_OPTIMIZE: Seed=1  Test=146  Generation=  8  Result=0.00307956  Best=0.00000329   Time=0.1  Run Time=409.9
FIRESTARTER_OPTIMIZE: Seed=1  Test=146  Generation=  9  Result=0.00005254  Best=0.00000329   Time=0.1  Run Time=410.3
FIRESTARTER_OPTIMIZE: Seed=1  Test=146  Generation= 10  Result=0.00010133  Best=0.00000329   Time=0.1  Run Time=410.6
FIRESTARTER_OPTIMIZE: Seed=1  Test=146  Generation= 11  Result=0.00246966  Best=0.00000329   Time=0.1  Run Time=411.0
FIRESTARTER_OPTIMIZE: Seed=1  Test=146  Generation= 12 *Result=0.00000011  Best=0.00000011   Time=0.1  Run Time=411.4
