CUDA devices = 1
Device 0: NVIDIA GeForce RTX 4090

variations = 1
instructions = 32
registers = 30
opcodes = 2
patternOpcodes = 4

targetMin = 0.000000f
targetMax = 6.283185f
target = 0.000001f

mode = FIRESTARTER_OPTIMIZE
evolveSeed = 0
optimizeSeed = 0
tests = 256
streams = 1
units = 1
states = 1
generations = 0
population = 32768
passes = 512
attempts = 0
optimize = 1

scale = 0.300000f
startScale = 2.500000f
startResult = 10.000000f

FIRESTARTER_OPTIMIZE: Seed=0  Test=104  Generation=  2 *Result=0.00000245  Best=0.00000245   Time=0.1  Run Time=296.6
FIRESTARTER_OPTIMIZE: Seed=0  Test=104  Generation=  3  Result=0.00000667  Best=0.00000245   Time=0.1  Run Time=297.0
FIRESTARTER_OPTIMIZE: Seed=0  Test=104  Generation=  4 *Result=0.00000127  Best=0.00000127   Time=0.1  Run Time=297.3
FIRESTARTER_OPTIMIZE: Seed=0  Test=104  Generation=  5  Result=0.00006699  Best=0.00000127   Time=0.1  Run Time=297.6
FIRESTARTER_OPTIMIZE: Seed=0  Test=104  Generation=  6  Result=0.00005206  Best=0.00000127   Time=0.1  Run Time=298.0
FIRESTARTER_OPTIMIZE: Seed=0  Test=104  Generation=  7 *Result=0.00000023  Best=0.00000023   Time=0.1  Run Time=298.3
