CUDA devices = 1
Device 0: NVIDIA GeForce RTX 4090

variations = 1
samples = 15
instructions = 32
registers = 30
opcodes = 2
patternOpcodes = 4

targetMin = 0.000000f
targetMax = 6.283185f
target = 0.000001f

mode = FIRESTARTER_OPTIMIZE
evolveSeed = 123
optimizeSeed = 123
tests = 256
streams = 1
units = 1
states = 1
generations = 0
population = 65536
iterations = 64
passes = 512
candidates = 16
attempts = 0
optimize = 1

scale = 0.300000f
startScale = 2.500000f
startResult = 10.000000f

FIRESTARTER_OPTIMIZE: Seed=123  Test=142  Generation=  2 *Result=0.00225773  Best=0.00225773   Time=0.1  Run Time=436.9
FIRESTARTER_OPTIMIZE: Seed=123  Test=142  Generation=  3 *Result=0.00009396  Best=0.00009396   Time=0.1  Run Time=437.4
FIRESTARTER_OPTIMIZE: Seed=123  Test=142  Generation=  4  Result=0.00016557  Best=0.00009396   Time=0.1  Run Time=437.8
FIRESTARTER_OPTIMIZE: Seed=123  Test=142  Generation=  5  Result=0.00018204  Best=0.00009396   Time=0.1  Run Time=438.3
FIRESTARTER_OPTIMIZE: Seed=123  Test=142  Generation=  6  Result=0.00018913  Best=0.00009396   Time=0.1  Run Time=438.7
FIRESTARTER_OPTIMIZE: Seed=123  Test=142  Generation=  7  Result=0.00045624  Best=0.00009396   Time=0.1  Run Time=439.1
FIRESTARTER_OPTIMIZE: Seed=123  Test=142  Generation=  8  Result=0.00019801  Best=0.00009396   Time=0.1  Run Time=439.5
FIRESTARTER_OPTIMIZE: Seed=123  Test=142  Generation=  9 *Result=0.00002903  Best=0.00002903   Time=0.1  Run Time=440.0
FIRESTARTER_OPTIMIZE: Seed=123  Test=142  Generation= 10  Result=0.00456363  Best=0.00002903   Time=0.1  Run Time=440.4
FIRESTARTER_OPTIMIZE: Seed=123  Test=142  Generation= 11  Result=0.00221117  Best=0.00002903   Time=0.1  Run Time=440.9
FIRESTARTER_OPTIMIZE: Seed=123  Test=142  Generation= 12  Result=0.00218157  Best=0.00002903   Time=0.1  Run Time=441.3
FIRESTARTER_OPTIMIZE: Seed=123  Test=142  Generation= 13 *Result=0.00000018  Best=0.00000018   Time=0.1  Run Time=441.7
