CUDA devices = 1
Device 0: NVIDIA GeForce RTX 4090

variations = 1
samples = 15
instructions = 28
registers = 28
opcodes = 2
patternOpcodes = 4

targetMin = 0.000000f
targetMax = 6.283185f
target = 0.000001f

mode = FIRESTARTER_OPTIMIZE
evolveSeed = 0
optimizeSeed = 0
tests = 256
streams = 1
units = 1
states = 1
generations = 0
population = 65536
iterations = 64
passes = 512
candidates = 16
attempts = 0
optimize = 1

scale = 0.300000f
startScale = 2.500000f
startResult = 10.000000f

FIRESTARTER_OPTIMIZE: Seed=0  Test=89  Generation=  2 *Result=0.00018244  Best=0.00018244   Time=0.1  Run Time=304.2
FIRESTARTER_OPTIMIZE: Seed=0  Test=89  Generation=  3 *Result=0.00006655  Best=0.00006655   Time=0.1  Run Time=304.6
FIRESTARTER_OPTIMIZE: Seed=0  Test=89  Generation=  4 *Result=0.00002754  Best=0.00002754   Time=0.1  Run Time=305.1
FIRESTARTER_OPTIMIZE: Seed=0  Test=89  Generation=  5 *Result=0.00002408  Best=0.00002408   Time=0.1  Run Time=305.5
FIRESTARTER_OPTIMIZE: Seed=0  Test=89  Generation=  6 *Result=0.00000531  Best=0.00000531   Time=0.1  Run Time=305.9
FIRESTARTER_OPTIMIZE: Seed=0  Test=89  Generation=  7 *Result=0.00000013  Best=0.00000013   Time=0.1  Run Time=306.3
