CUDA devices = 1
Device 0: NVIDIA GeForce RTX 4090

variations = 1
instructions = 32
registers = 30
opcodes = 2
patternOpcodes = 4

targetMin = 0.000000f
targetMax = 6.283185f
target = 0.000001f

mode = FIRESTARTER_OPTIMIZE
evolveSeed = 0
optimizeSeed = 0
tests = 256
streams = 1
units = 1
states = 1
generations = 0
population = 49152
passes = 256
attempts = 0
optimize = 1

scale = 0.300000f
startScale = 2.500000f
startResult = 10.000000f

FIRESTARTER_OPTIMIZE: Seed=0  Test=250  Generation=  2 *Result=0.00000858  Best=0.00000858   Time=0.1  Run Time=740.3
FIRESTARTER_OPTIMIZE: Seed=0  Test=250  Generation=  3 *Result=0.00000122  Best=0.00000122   Time=0.1  Run Time=740.6
FIRESTARTER_OPTIMIZE: Seed=0  Test=250  Generation=  4  Result=0.00034476  Best=0.00000122   Time=0.1  Run Time=740.9
FIRESTARTER_OPTIMIZE: Seed=0  Test=250  Generation=  5  Result=0.00031438  Best=0.00000122   Time=0.1  Run Time=741.2
FIRESTARTER_OPTIMIZE: Seed=0  Test=250  Generation=  6  Result=0.00010842  Best=0.00000122   Time=0.1  Run Time=741.5
FIRESTARTER_OPTIMIZE: Seed=0  Test=250  Generation=  7  Result=0.00022519  Best=0.00000122   Time=0.1  Run Time=741.8
FIRESTARTER_OPTIMIZE: Seed=0  Test=250  Generation=  8  Result=0.00044084  Best=0.00000122   Time=0.1  Run Time=742.1
FIRESTARTER_OPTIMIZE: Seed=0  Test=250  Generation=  9  Result=0.00007157  Best=0.00000122   Time=0.1  Run Time=742.3
FIRESTARTER_OPTIMIZE: Seed=0  Test=250  Generation= 10  Result=0.00001701  Best=0.00000122   Time=0.1  Run Time=742.6
FIRESTARTER_OPTIMIZE: Seed=0  Test=250  Generation= 11  Result=0.00284235  Best=0.00000122   Time=0.1  Run Time=742.9
FIRESTARTER_OPTIMIZE: Seed=0  Test=250  Generation= 12 *Result=0.00000028  Best=0.00000028   Time=0.1  Run Time=743.1
