CUDA devices = 1
Device 0: NVIDIA GeForce RTX 4090

variations = 1
samples = 15
instructions = 32
registers = 30
opcodes = 2
patternOpcodes = 4

targetMin = 0.000000f
targetMax = 6.283185f
target = 0.000001f

mode = FIRESTARTER_OPTIMIZE
evolveSeed = 0
optimizeSeed = 0
tests = 256
streams = 1
units = 1
states = 1
generations = 0
population = 65536
iterations = 64
passes = 512
candidates = 16
attempts = 0
optimize = 1

scale = 0.300000f
startScale = 2.500000f
startResult = 10.000000f

FIRESTARTER_OPTIMIZE: Seed=0  Test=163  Generation=  2 *Result=0.00000977  Best=0.00000977   Time=0.1  Run Time=669.3
FIRESTARTER_OPTIMIZE: Seed=0  Test=163  Generation=  3  Result=0.00049336  Best=0.00000977   Time=0.1  Run Time=669.7
FIRESTARTER_OPTIMIZE: Seed=0  Test=163  Generation=  4  Result=0.00019273  Best=0.00000977   Time=0.1  Run Time=670.2
FIRESTARTER_OPTIMIZE: Seed=0  Test=163  Generation=  5  Result=0.00018495  Best=0.00000977   Time=0.1  Run Time=670.7
FIRESTARTER_OPTIMIZE: Seed=0  Test=163  Generation=  6  Result=0.00019548  Best=0.00000977   Time=0.1  Run Time=671.1
FIRESTARTER_OPTIMIZE: Seed=0  Test=163  Generation=  7  Result=0.00007098  Best=0.00000977   Time=0.1  Run Time=671.6
FIRESTARTER_OPTIMIZE: Seed=0  Test=163  Generation=  8  Result=0.00008446  Best=0.00000977   Time=0.1  Run Time=672.1
FIRESTARTER_OPTIMIZE: Seed=0  Test=163  Generation=  9 *Result=0.00000332  Best=0.00000332   Time=0.1  Run Time=672.5
FIRESTARTER_OPTIMIZE: Seed=0  Test=163  Generation= 10  Result=0.00020969  Best=0.00000332   Time=0.1  Run Time=673.0
FIRESTARTER_OPTIMIZE: Seed=0  Test=163  Generation= 11  Result=0.00018278  Best=0.00000332   Time=0.1  Run Time=673.5
FIRESTARTER_OPTIMIZE: Seed=0  Test=163  Generation= 12  Result=0.00009656  Best=0.00000332   Time=0.1  Run Time=673.9
FIRESTARTER_OPTIMIZE: Seed=0  Test=163  Generation= 13 *Result=0.00000012  Best=0.00000012   Time=0.1  Run Time=674.4
