CUDA devices = 1
Device 0: NVIDIA GeForce RTX 4090

variations = 1
samples = 15
instructions = 32
registers = 30
opcodes = 2
patternOpcodes = 4

targetMin = 0.000000f
targetMax = 6.283185f
target = 0.000001f

mode = FIRESTARTER_OPTIMIZE
evolveSeed = 0
optimizeSeed = 0
tests = 256
streams = 1
units = 1
states = 1
generations = 0
population = 65536
iterations = 64
passes = 512
candidates = 16
attempts = 0
optimize = 1

scale = 0.100000f
startScale = 4.000000f
startResult = 10.000000f

FIRESTARTER_OPTIMIZE: Seed=0  Test=72  Generation=  2 *Result=0.00289031  Best=0.00289031   Time=0.1  Run Time=597.2
FIRESTARTER_OPTIMIZE: Seed=0  Test=72  Generation=  3 *Result=0.00000703  Best=0.00000703   Time=0.1  Run Time=597.6
FIRESTARTER_OPTIMIZE: Seed=0  Test=72  Generation=  4  Result=0.00022134  Best=0.00000703   Time=0.1  Run Time=598.1
FIRESTARTER_OPTIMIZE: Seed=0  Test=72  Generation=  5  Result=0.00021292  Best=0.00000703   Time=0.1  Run Time=598.6
FIRESTARTER_OPTIMIZE: Seed=0  Test=72  Generation=  6 *Result=0.00000578  Best=0.00000578   Time=0.1  Run Time=599.1
FIRESTARTER_OPTIMIZE: Seed=0  Test=72  Generation=  7 *Result=0.00000089  Best=0.00000089   Time=0.1  Run Time=599.5
