CUDA devices = 1
Device 0: NVIDIA GeForce RTX 4090

variations = 1
instructions = 32
registers = 30
opcodes = 2
patternOpcodes = 4

targetMin = 0.000000f
targetMax = 6.283185f
target = 0.000001f

mode = FIRESTARTER_OPTIMIZE
evolveSeed = 0
optimizeSeed = 0
tests = 256
streams = 1
units = 1
states = 1
generations = 0
population = 65536
passes = 512
attempts = 0
optimize = 1

scale = 0.300000f
startScale = 2.500000f
startResult = 10.000000f

FIRESTARTER_OPTIMIZE: Seed=0  Test=37  Generation=  2 *Result=0.00019455  Best=0.00019455   Time=0.1  Run Time=100.1
FIRESTARTER_OPTIMIZE: Seed=0  Test=37  Generation=  3  Result=0.00037408  Best=0.00019455   Time=0.1  Run Time=100.5
FIRESTARTER_OPTIMIZE: Seed=0  Test=37  Generation=  4  Result=0.00023532  Best=0.00019455   Time=0.1  Run Time=100.9
FIRESTARTER_OPTIMIZE: Seed=0  Test=37  Generation=  5 *Result=0.00006931  Best=0.00006931   Time=0.1  Run Time=101.3
FIRESTARTER_OPTIMIZE: Seed=0  Test=37  Generation=  6  Result=0.00007427  Best=0.00006931   Time=0.1  Run Time=101.6
FIRESTARTER_OPTIMIZE: Seed=0  Test=37  Generation=  7 *Result=0.00002618  Best=0.00002618   Time=0.1  Run Time=102.0
FIRESTARTER_OPTIMIZE: Seed=0  Test=37  Generation=  8 *Result=0.00000954  Best=0.00000954   Time=0.1  Run Time=102.4
FIRESTARTER_OPTIMIZE: Seed=0  Test=37  Generation=  9 *Result=0.00000293  Best=0.00000293   Time=0.1  Run Time=102.9
FIRESTARTER_OPTIMIZE: Seed=0  Test=37  Generation= 10 *Result=0.00000015  Best=0.00000015   Time=0.1  Run Time=103.2
