CUDA devices = 1
Device 0: NVIDIA GeForce RTX 4090

variations = 1
samples = 15
instructions = 28
registers = 28
opcodes = 2
patternOpcodes = 4

targetMin = 0.000000f
targetMax = 6.283185f
target = 0.000001f

mode = FIRESTARTER_OPTIMIZE
evolveSeed = 0
optimizeSeed = 0
tests = 256
streams = 1
units = 1
states = 1
generations = 0
population = 65536
iterations = 64
passes = 512
candidates = 16
attempts = 0
optimize = 1

scale = 0.300000f
startScale = 2.500000f
startResult = 10.000000f

FIRESTARTER_OPTIMIZE: Seed=0  Test=154  Generation=  2 *Result=0.00001622  Best=0.00001622   Time=0.1  Run Time=547.2
FIRESTARTER_OPTIMIZE: Seed=0  Test=154  Generation=  3  Result=0.00005868  Best=0.00001622   Time=0.1  Run Time=547.6
FIRESTARTER_OPTIMIZE: Seed=0  Test=154  Generation=  4 *Result=0.00000243  Best=0.00000243   Time=0.1  Run Time=548.0
FIRESTARTER_OPTIMIZE: Seed=0  Test=154  Generation=  5  Result=0.00209528  Best=0.00000243   Time=0.1  Run Time=548.5
FIRESTARTER_OPTIMIZE: Seed=0  Test=154  Generation=  6  Result=0.00138447  Best=0.00000243   Time=0.1  Run Time=548.9
FIRESTARTER_OPTIMIZE: Seed=0  Test=154  Generation=  7  Result=0.00018311  Best=0.00000243   Time=0.1  Run Time=549.3
FIRESTARTER_OPTIMIZE: Seed=0  Test=154  Generation=  8  Result=0.00005304  Best=0.00000243   Time=0.1  Run Time=549.7
FIRESTARTER_OPTIMIZE: Seed=0  Test=154  Generation=  9  Result=0.00005102  Best=0.00000243   Time=0.1  Run Time=550.2
FIRESTARTER_OPTIMIZE: Seed=0  Test=154  Generation= 10  Result=0.00000243  Best=0.00000243   Time=0.1  Run Time=550.6
FIRESTARTER_OPTIMIZE: Seed=0  Test=154  Generation= 11 *Result=0.00000042  Best=0.00000042   Time=0.1  Run Time=551.0
