CUDA devices = 1
Device 0: NVIDIA GeForce RTX 4090

variations = 1
samples = 15
instructions = 32
registers = 30
opcodes = 2
patternOpcodes = 4

targetMin = 0.000000f
targetMax = 6.283185f
target = 0.000001f

mode = FIRESTARTER_OPTIMIZE
evolveSeed = 0
optimizeSeed = 0
tests = 256
streams = 1
units = 1
states = 1
generations = 0
population = 65536
iterations = 64
passes = 512
candidates = 16
attempts = 0
optimize = 1

scale = 0.300000f
startScale = 2.500000f
startResult = 10.000000f

FIRESTARTER_OPTIMIZE: Seed=0  Test=228  Generation=  2 *Result=0.00005399  Best=0.00005399   Time=0.1  Run Time=939.7
FIRESTARTER_OPTIMIZE: Seed=0  Test=228  Generation=  3 *Result=0.00001431  Best=0.00001431   Time=0.1  Run Time=940.1
FIRESTARTER_OPTIMIZE: Seed=0  Test=228  Generation=  4  Result=0.00014073  Best=0.00001431   Time=0.1  Run Time=940.6
FIRESTARTER_OPTIMIZE: Seed=0  Test=228  Generation=  5 *Result=0.00000405  Best=0.00000405   Time=0.1  Run Time=941.0
FIRESTARTER_OPTIMIZE: Seed=0  Test=228  Generation=  6  Result=0.00007235  Best=0.00000405   Time=0.1  Run Time=941.4
FIRESTARTER_OPTIMIZE: Seed=0  Test=228  Generation=  7 *Result=0.00000024  Best=0.00000024   Time=0.1  Run Time=941.9
