CUDA devices = 1
Device 0: NVIDIA GeForce RTX 4090

variations = 1
instructions = 32
registers = 30
opcodes = 2
patternOpcodes = 4

targetMin = 0.000000f
targetMax = 6.283185f
target = 0.000001f

mode = FIRESTARTER_OPTIMIZE
evolveSeed = 1
optimizeSeed = 1
tests = 256
streams = 1
units = 1
states = 1
generations = 0
population = 65536
passes = 512
attempts = 0
optimize = 1

scale = 0.300000f
startScale = 2.500000f
startResult = 10.000000f

FIRESTARTER_OPTIMIZE: Seed=1  Test=135  Generation=  2 *Result=0.00007212  Best=0.00007212   Time=0.1  Run Time=363.9
FIRESTARTER_OPTIMIZE: Seed=1  Test=135  Generation=  3 *Result=0.00000174  Best=0.00000174   Time=0.1  Run Time=364.3
FIRESTARTER_OPTIMIZE: Seed=1  Test=135  Generation=  4  Result=0.00028113  Best=0.00000174   Time=0.1  Run Time=364.6
FIRESTARTER_OPTIMIZE: Seed=1  Test=135  Generation=  5  Result=0.00002416  Best=0.00000174   Time=0.1  Run Time=365.0
FIRESTARTER_OPTIMIZE: Seed=1  Test=135  Generation=  6  Result=0.00009240  Best=0.00000174   Time=0.1  Run Time=365.4
FIRESTARTER_OPTIMIZE: Seed=1  Test=135  Generation=  7  Result=0.00000792  Best=0.00000174   Time=0.1  Run Time=365.8
FIRESTARTER_OPTIMIZE: Seed=1  Test=135  Generation=  8  Result=0.00005289  Best=0.00000174   Time=0.1  Run Time=366.2
FIRESTARTER_OPTIMIZE: Seed=1  Test=135  Generation=  9  Result=0.00000542  Best=0.00000174   Time=0.1  Run Time=366.5
FIRESTARTER_OPTIMIZE: Seed=1  Test=135  Generation= 10  Result=0.00006601  Best=0.00000174   Time=0.1  Run Time=366.9
FIRESTARTER_OPTIMIZE: Seed=1  Test=135  Generation= 11 *Result=0.00000105  Best=0.00000105   Time=0.1  Run Time=367.3
FIRESTARTER_OPTIMIZE: Seed=1  Test=135  Generation= 12 *Result=0.00000048  Best=0.00000048   Time=0.1  Run Time=367.7
