CUDA devices = 1
Device 0: NVIDIA GeForce RTX 4090

variations = 1
samples = 15
instructions = 32
registers = 30
opcodes = 2
patternOpcodes = 4

targetMin = 0.000000f
targetMax = 6.283185f
target = 0.000001f

mode = FIRESTARTER_OPTIMIZE
evolveSeed = 123
optimizeSeed = 123
tests = 256
streams = 1
units = 1
states = 1
generations = 0
population = 65536
iterations = 64
passes = 512
candidates = 16
attempts = 0
optimize = 1

scale = 0.300000f
startScale = 2.500000f
startResult = 10.000000f

FIRESTARTER_OPTIMIZE: Seed=123  Test=194  Generation=  2 *Result=0.00014668  Best=0.00014668   Time=0.1  Run Time=585.7
FIRESTARTER_OPTIMIZE: Seed=123  Test=194  Generation=  3  Result=0.00048316  Best=0.00014668   Time=0.1  Run Time=586.1
FIRESTARTER_OPTIMIZE: Seed=123  Test=194  Generation=  4  Result=0.00018477  Best=0.00014668   Time=0.1  Run Time=586.6
FIRESTARTER_OPTIMIZE: Seed=123  Test=194  Generation=  5 *Result=0.00013155  Best=0.00013155   Time=0.1  Run Time=587.1
FIRESTARTER_OPTIMIZE: Seed=123  Test=194  Generation=  6 *Result=0.00000006  Best=0.00000006   Time=0.1  Run Time=587.5
