CUDA devices = 1
Device 0: NVIDIA GeForce RTX 4090

variations = 1
instructions = 32
registers = 30
opcodes = 2
patternOpcodes = 4

targetMin = 0.000000f
targetMax = 6.283185f
target = 0.000001f

mode = FIRESTARTER_OPTIMIZE
evolveSeed = 0
optimizeSeed = 0
tests = 256
streams = 1
units = 1
states = 1
generations = 0
population = 65536
passes = 384
attempts = 0
optimize = 1

scale = 0.300000f
startScale = 2.500000f
startResult = 10.000000f

FIRESTARTER_OPTIMIZE: Seed=0  Test=24  Generation=  2 *Result=0.00010146  Best=0.00010146   Time=0.1  Run Time=79.5
FIRESTARTER_OPTIMIZE: Seed=0  Test=24  Generation=  3 *Result=0.00000381  Best=0.00000381   Time=0.1  Run Time=79.8
FIRESTARTER_OPTIMIZE: Seed=0  Test=24  Generation=  4  Result=0.00020058  Best=0.00000381   Time=0.1  Run Time=80.2
FIRESTARTER_OPTIMIZE: Seed=0  Test=24  Generation=  5  Result=0.00054592  Best=0.00000381   Time=0.1  Run Time=80.6
FIRESTARTER_OPTIMIZE: Seed=0  Test=24  Generation=  6  Result=0.00317619  Best=0.00000381   Time=0.1  Run Time=80.9
FIRESTARTER_OPTIMIZE: Seed=0  Test=24  Generation=  7  Result=0.00001147  Best=0.00000381   Time=0.1  Run Time=81.3
FIRESTARTER_OPTIMIZE: Seed=0  Test=24  Generation=  8  Result=0.00010250  Best=0.00000381   Time=0.1  Run Time=81.7
FIRESTARTER_OPTIMIZE: Seed=0  Test=24  Generation=  9  Result=0.00035289  Best=0.00000381   Time=0.1  Run Time=82.0
FIRESTARTER_OPTIMIZE: Seed=0  Test=24  Generation= 10 *Result=0.00000016  Best=0.00000016   Time=0.1  Run Time=82.4
