CUDA devices = 1
Device 0: NVIDIA GeForce RTX 4090

variations = 1
instructions = 32
registers = 30
opcodes = 2
patternOpcodes = 4

targetMin = 0.000000f
targetMax = 6.283185f
target = 0.000001f

mode = FIRESTARTER_OPTIMIZE
evolveSeed = 1
optimizeSeed = 1
tests = 256
streams = 1
units = 1
states = 1
generations = 0
population = 49152
passes = 384
attempts = 0
optimize = 1

scale = 0.300000f
startScale = 2.500000f
startResult = 10.000000f

FIRESTARTER_OPTIMIZE: Seed=1  Test=67  Generation=  2 *Result=0.00008485  Best=0.00008485   Time=0.1  Run Time=178.7
FIRESTARTER_OPTIMIZE: Seed=1  Test=67  Generation=  3  Result=0.00023526  Best=0.00008485   Time=0.1  Run Time=179.0
FIRESTARTER_OPTIMIZE: Seed=1  Test=67  Generation=  4 *Result=0.00002196  Best=0.00002196   Time=0.1  Run Time=179.3
FIRESTARTER_OPTIMIZE: Seed=1  Test=67  Generation=  5 *Result=0.00000248  Best=0.00000248   Time=0.1  Run Time=179.7
FIRESTARTER_OPTIMIZE: Seed=1  Test=67  Generation=  6  Result=0.00001352  Best=0.00000248   Time=0.1  Run Time=180.0
FIRESTARTER_OPTIMIZE: Seed=1  Test=67  Generation=  7  Result=0.00018968  Best=0.00000248   Time=0.1  Run Time=180.3
FIRESTARTER_OPTIMIZE: Seed=1  Test=67  Generation=  8  Result=0.00003446  Best=0.00000248   Time=0.1  Run Time=180.7
FIRESTARTER_OPTIMIZE: Seed=1  Test=67  Generation=  9 *Result=0.00000014  Best=0.00000014   Time=0.1  Run Time=181.0
