CUDA devices = 1
Device 0: NVIDIA GeForce RTX 4090

variations = 1
samples = 15
instructions = 32
registers = 30
opcodes = 2
patternOpcodes = 4

targetMin = 0.000000f
targetMax = 6.283185f
target = 0.000001f

mode = FIRESTARTER_OPTIMIZE
evolveSeed = 123
optimizeSeed = 123
tests = 256
streams = 1
units = 1
states = 1
generations = 0
population = 65536
iterations = 64
passes = 512
candidates = 16
attempts = 0
optimize = 1

scale = 0.300000f
startScale = 2.500000f
startResult = 10.000000f

FIRESTARTER_OPTIMIZE: Seed=123  Test=189  Generation=  2 *Result=0.00018853  Best=0.00018853   Time=0.1  Run Time=569.3
FIRESTARTER_OPTIMIZE: Seed=123  Test=189  Generation=  3  Result=0.00021470  Best=0.00018853   Time=0.1  Run Time=569.7
FIRESTARTER_OPTIMIZE: Seed=123  Test=189  Generation=  4 *Result=0.00017336  Best=0.00017336   Time=0.1  Run Time=570.1
FIRESTARTER_OPTIMIZE: Seed=123  Test=189  Generation=  5 *Result=0.00000244  Best=0.00000244   Time=0.1  Run Time=570.6
FIRESTARTER_OPTIMIZE: Seed=123  Test=189  Generation=  6  Result=0.00002584  Best=0.00000244   Time=0.1  Run Time=571.0
FIRESTARTER_OPTIMIZE: Seed=123  Test=189  Generation=  7  Result=0.00017251  Best=0.00000244   Time=0.1  Run Time=571.4
FIRESTARTER_OPTIMIZE: Seed=123  Test=189  Generation=  8  Result=0.00018788  Best=0.00000244   Time=0.1  Run Time=571.9
FIRESTARTER_OPTIMIZE: Seed=123  Test=189  Generation=  9  Result=0.00007176  Best=0.00000244   Time=0.1  Run Time=572.3
FIRESTARTER_OPTIMIZE: Seed=123  Test=189  Generation= 10  Result=0.00006117  Best=0.00000244   Time=0.1  Run Time=572.8
FIRESTARTER_OPTIMIZE: Seed=123  Test=189  Generation= 11 *Result=0.00000182  Best=0.00000182   Time=0.1  Run Time=573.2
FIRESTARTER_OPTIMIZE: Seed=123  Test=189  Generation= 12  Result=0.00005280  Best=0.00000182   Time=0.1  Run Time=573.7
FIRESTARTER_OPTIMIZE: Seed=123  Test=189  Generation= 13 *Result=0.00000009  Best=0.00000009   Time=0.1  Run Time=574.1
