CUDA devices = 1
Device 0: NVIDIA GeForce RTX 4090

variations = 1
samples = 15
instructions = 32
registers = 30
opcodes = 2
patternOpcodes = 4

targetMin = 0.000000f
targetMax = 6.283185f
target = 0.000001f

mode = FIRESTARTER_OPTIMIZE
evolveSeed = 0
optimizeSeed = 0
tests = 256
streams = 1
units = 1
states = 1
generations = 0
population = 65536
iterations = 64
passes = 512
candidates = 16
attempts = 0
optimize = 1

scale = 0.100000f
startScale = 3.000000f
startResult = 10.000000f

FIRESTARTER_OPTIMIZE: Seed=0  Test=205  Generation=  2 *Result=0.00012659  Best=0.00012659   Time=0.1  Run Time=1258.3
FIRESTARTER_OPTIMIZE: Seed=0  Test=205  Generation=  3  Result=0.00070285  Best=0.00012659   Time=0.1  Run Time=1258.8
FIRESTARTER_OPTIMIZE: Seed=0  Test=205  Generation=  4 *Result=0.00007924  Best=0.00007924   Time=0.1  Run Time=1259.2
FIRESTARTER_OPTIMIZE: Seed=0  Test=205  Generation=  5 *Result=0.00002602  Best=0.00002602   Time=0.1  Run Time=1259.7
FIRESTARTER_OPTIMIZE: Seed=0  Test=205  Generation=  6  Result=0.00020391  Best=0.00002602   Time=0.1  Run Time=1260.1
FIRESTARTER_OPTIMIZE: Seed=0  Test=205  Generation=  7  Result=0.00014436  Best=0.00002602   Time=0.1  Run Time=1260.6
FIRESTARTER_OPTIMIZE: Seed=0  Test=205  Generation=  8  Result=0.00030033  Best=0.00002602   Time=0.1  Run Time=1261.0
FIRESTARTER_OPTIMIZE: Seed=0  Test=205  Generation=  9  Result=0.00002673  Best=0.00002602   Time=0.1  Run Time=1261.5
FIRESTARTER_OPTIMIZE: Seed=0  Test=205  Generation= 10 *Result=0.00000098  Best=0.00000098   Time=0.1  Run Time=1261.9
