CUDA devices = 1
Device 0: NVIDIA GeForce RTX 4090

variations = 1
instructions = 32
registers = 30
opcodes = 2
patternOpcodes = 4

targetMin = 0.000000f
targetMax = 6.283185f
target = 0.000001f

mode = FIRESTARTER_OPTIMIZE
evolveSeed = 0
optimizeSeed = 0
tests = 256
streams = 1
units = 1
states = 1
generations = 0
population = 32768
passes = 512
attempts = 0
optimize = 1

scale = 0.300000f
startScale = 2.500000f
startResult = 10.000000f

FIRESTARTER_OPTIMIZE: Seed=0  Test=37  Generation=  2 *Result=0.00080821  Best=0.00080821   Time=0.1  Run Time=109.5
FIRESTARTER_OPTIMIZE: Seed=0  Test=37  Generation=  3  Result=0.00090790  Best=0.00080821   Time=0.1  Run Time=109.9
FIRESTARTER_OPTIMIZE: Seed=0  Test=37  Generation=  4 *Result=0.00023758  Best=0.00023758   Time=0.1  Run Time=110.2
FIRESTARTER_OPTIMIZE: Seed=0  Test=37  Generation=  5 *Result=0.00006556  Best=0.00006556   Time=0.1  Run Time=110.6
FIRESTARTER_OPTIMIZE: Seed=0  Test=37  Generation=  6  Result=0.00012085  Best=0.00006556   Time=0.1  Run Time=110.9
FIRESTARTER_OPTIMIZE: Seed=0  Test=37  Generation=  7  Result=0.00009002  Best=0.00006556   Time=0.1  Run Time=111.2
FIRESTARTER_OPTIMIZE: Seed=0  Test=37  Generation=  8 *Result=0.00001588  Best=0.00001588   Time=0.1  Run Time=111.6
FIRESTARTER_OPTIMIZE: Seed=0  Test=37  Generation=  9 *Result=0.00001354  Best=0.00001354   Time=0.1  Run Time=111.9
FIRESTARTER_OPTIMIZE: Seed=0  Test=37  Generation= 10 *Result=0.00000027  Best=0.00000027   Time=0.1  Run Time=112.3
