CUDA devices = 1
Device 0: NVIDIA GeForce RTX 4090

variations = 1
samples = 15
instructions = 32
registers = 30
opcodes = 2
patternOpcodes = 4

targetMin = 0.000000f
targetMax = 6.283185f
target = 0.000001f

mode = FIRESTARTER_OPTIMIZE
evolveSeed = 123
optimizeSeed = 123
tests = 256
streams = 1
units = 1
states = 1
generations = 0
population = 65536
iterations = 64
passes = 512
candidates = 16
attempts = 0
optimize = 1

scale = 0.300000f
startScale = 2.500000f
startResult = 10.000000f

FIRESTARTER_OPTIMIZE: Seed=123  Test=129  Generation=  2 *Result=0.00031698  Best=0.00031698   Time=0.1  Run Time=417.1
FIRESTARTER_OPTIMIZE: Seed=123  Test=129  Generation=  3  Result=0.00143421  Best=0.00031698   Time=0.1  Run Time=417.5
FIRESTARTER_OPTIMIZE: Seed=123  Test=129  Generation=  4  Result=0.00614098  Best=0.00031698   Time=0.1  Run Time=417.9
FIRESTARTER_OPTIMIZE: Seed=123  Test=129  Generation=  5  Result=0.00084530  Best=0.00031698   Time=0.1  Run Time=418.3
FIRESTARTER_OPTIMIZE: Seed=123  Test=129  Generation=  6 *Result=0.00031569  Best=0.00031569   Time=0.1  Run Time=418.7
FIRESTARTER_OPTIMIZE: Seed=123  Test=129  Generation=  7 *Result=0.00001395  Best=0.00001395   Time=0.1  Run Time=419.0
FIRESTARTER_OPTIMIZE: Seed=123  Test=129  Generation=  8  Result=0.00028045  Best=0.00001395   Time=0.1  Run Time=419.4
FIRESTARTER_OPTIMIZE: Seed=123  Test=129  Generation=  9 *Result=0.00001180  Best=0.00001180   Time=0.1  Run Time=419.8
FIRESTARTER_OPTIMIZE: Seed=123  Test=129  Generation= 10  Result=0.00143644  Best=0.00001180   Time=0.1  Run Time=420.2
FIRESTARTER_OPTIMIZE: Seed=123  Test=129  Generation= 11  Result=0.00007154  Best=0.00001180   Time=0.1  Run Time=420.6
FIRESTARTER_OPTIMIZE: Seed=123  Test=129  Generation= 12  Result=0.00032076  Best=0.00001180   Time=0.1  Run Time=420.9
FIRESTARTER_OPTIMIZE: Seed=123  Test=129  Generation= 13  Result=0.00614553  Best=0.00001180   Time=0.1  Run Time=421.3
FIRESTARTER_OPTIMIZE: Seed=123  Test=129  Generation= 14 *Result=0.00000075  Best=0.00000075   Time=0.1  Run Time=421.7
