CUDA devices = 1
Device 0: NVIDIA GeForce RTX 2080 Ti

variations = 1
instructions = 32
registers = 30
opcodes = 2
patternOpcodes = 4

targetMin = 0.000000f
targetMax = 6.283185f
target = 0.000001f

mode = FIRESTARTER_OPTIMIZE
evolveSeed = 0
optimizeSeed = 0
tests = 256
streams = 1
units = 1
states = 1
generations = 0
population = 65536
passes = 384
attempts = 0
optimize = 1

scale = 0.300000f
startScale = 2.500000f
startResult = 10.000000f

FIRESTARTER_OPTIMIZE: Seed=0  Test=109  Generation=  2 *Result=0.00000235  Best=0.00000235   Time=0.2  Run Time=754.1
FIRESTARTER_OPTIMIZE: Seed=0  Test=109  Generation=  3  Result=0.00098838  Best=0.00000235   Time=0.3  Run Time=755.1
FIRESTARTER_OPTIMIZE: Seed=0  Test=109  Generation=  4  Result=0.00030638  Best=0.00000235   Time=0.2  Run Time=755.9
FIRESTARTER_OPTIMIZE: Seed=0  Test=109  Generation=  5  Result=0.00011327  Best=0.00000235   Time=0.2  Run Time=756.8
FIRESTARTER_OPTIMIZE: Seed=0  Test=109  Generation=  6  Result=0.00015627  Best=0.00000235   Time=0.2  Run Time=757.7
FIRESTARTER_OPTIMIZE: Seed=0  Test=109  Generation=  7  Result=0.00040206  Best=0.00000235   Time=0.2  Run Time=758.6
FIRESTARTER_OPTIMIZE: Seed=0  Test=109  Generation=  8  Result=0.00005773  Best=0.00000235   Time=0.3  Run Time=759.6
FIRESTARTER_OPTIMIZE: Seed=0  Test=109  Generation=  9 *Result=0.00000041  Best=0.00000041   Time=0.2  Run Time=760.5
