CUDA devices = 1
Device 0: NVIDIA GeForce RTX 4090

variations = 1
samples = 15
instructions = 32
registers = 30
opcodes = 2
patternOpcodes = 4

targetMin = 0.000000f
targetMax = 6.283185f
target = 0.000001f

mode = FIRESTARTER_OPTIMIZE
evolveSeed = 123
optimizeSeed = 123
tests = 256
streams = 1
units = 1
states = 1
generations = 0
population = 65536
iterations = 64
passes = 512
candidates = 16
attempts = 0
optimize = 1

scale = 0.300000f
startScale = 2.500000f
startResult = 10.000000f

FIRESTARTER_OPTIMIZE: Seed=123  Test=18  Generation=  2 *Result=0.00092227  Best=0.00092227   Time=0.1  Run Time=51.0
FIRESTARTER_OPTIMIZE: Seed=123  Test=18  Generation=  3 *Result=0.00046110  Best=0.00046110   Time=0.1  Run Time=51.4
FIRESTARTER_OPTIMIZE: Seed=123  Test=18  Generation=  4  Result=0.00521006  Best=0.00046110   Time=0.1  Run Time=51.9
FIRESTARTER_OPTIMIZE: Seed=123  Test=18  Generation=  5 *Result=0.00010584  Best=0.00010584   Time=0.1  Run Time=52.3
FIRESTARTER_OPTIMIZE: Seed=123  Test=18  Generation=  6 *Result=0.00004949  Best=0.00004949   Time=0.1  Run Time=52.8
FIRESTARTER_OPTIMIZE: Seed=123  Test=18  Generation=  7  Result=0.00054399  Best=0.00004949   Time=0.1  Run Time=53.2
FIRESTARTER_OPTIMIZE: Seed=123  Test=18  Generation=  8 *Result=0.00004916  Best=0.00004916   Time=0.1  Run Time=53.7
FIRESTARTER_OPTIMIZE: Seed=123  Test=18  Generation=  9  Result=0.00021911  Best=0.00004916   Time=0.1  Run Time=54.1
FIRESTARTER_OPTIMIZE: Seed=123  Test=18  Generation= 10 *Result=0.00000011  Best=0.00000011   Time=0.1  Run Time=54.5
