CUDA devices = 1
Device 0: NVIDIA GeForce RTX 4090

variations = 1
instructions = 32
registers = 30
opcodes = 2
patternOpcodes = 4

targetMin = 0.000000f
targetMax = 6.283185f
target = 0.000001f

mode = FIRESTARTER_OPTIMIZE
evolveSeed = 1
optimizeSeed = 1
tests = 256
streams = 1
units = 1
states = 1
generations = 0
population = 65536
passes = 512
attempts = 0
optimize = 1

scale = 0.300000f
startScale = 2.500000f
startResult = 10.000000f

FIRESTARTER_OPTIMIZE: Seed=1  Test=133  Generation=  2 *Result=0.00000605  Best=0.00000605   Time=0.1  Run Time=467.3
FIRESTARTER_OPTIMIZE: Seed=1  Test=133  Generation=  3  Result=0.00005168  Best=0.00000605   Time=0.1  Run Time=467.7
FIRESTARTER_OPTIMIZE: Seed=1  Test=133  Generation=  4  Result=0.00000791  Best=0.00000605   Time=0.1  Run Time=468.1
FIRESTARTER_OPTIMIZE: Seed=1  Test=133  Generation=  5 *Result=0.00000051  Best=0.00000051   Time=0.1  Run Time=468.5
