CUDA devices = 1
Device 0: NVIDIA GeForce RTX 4090

variations = 1
instructions = 32
registers = 30
opcodes = 2
patternOpcodes = 4

targetMin = 0.000000f
targetMax = 6.283185f
target = 0.000001f

mode = FIRESTARTER_OPTIMIZE
evolveSeed = 1
optimizeSeed = 1
tests = 256
streams = 1
units = 1
states = 1
generations = 0
population = 65536
passes = 384
attempts = 0
optimize = 1

scale = 0.300000f
startScale = 2.500000f
startResult = 10.000000f

FIRESTARTER_OPTIMIZE: Seed=1  Test=89  Generation=  2 *Result=0.00003478  Best=0.00003478   Time=0.1  Run Time=209.3
FIRESTARTER_OPTIMIZE: Seed=1  Test=89  Generation=  3  Result=0.00005713  Best=0.00003478   Time=0.1  Run Time=209.6
FIRESTARTER_OPTIMIZE: Seed=1  Test=89  Generation=  4  Result=0.00046501  Best=0.00003478   Time=0.1  Run Time=209.9
FIRESTARTER_OPTIMIZE: Seed=1  Test=89  Generation=  5  Result=0.00015003  Best=0.00003478   Time=0.1  Run Time=210.2
FIRESTARTER_OPTIMIZE: Seed=1  Test=89  Generation=  6  Result=0.00004633  Best=0.00003478   Time=0.1  Run Time=210.5
FIRESTARTER_OPTIMIZE: Seed=1  Test=89  Generation=  7  Result=0.00005567  Best=0.00003478   Time=0.1  Run Time=210.8
FIRESTARTER_OPTIMIZE: Seed=1  Test=89  Generation=  8  Result=0.00145461  Best=0.00003478   Time=0.1  Run Time=211.1
FIRESTARTER_OPTIMIZE: Seed=1  Test=89  Generation=  9  Result=0.00042632  Best=0.00003478   Time=0.1  Run Time=211.4
FIRESTARTER_OPTIMIZE: Seed=1  Test=89  Generation= 10 *Result=0.00001644  Best=0.00001644   Time=0.1  Run Time=211.7
FIRESTARTER_OPTIMIZE: Seed=1  Test=89  Generation= 11  Result=0.00007784  Best=0.00001644   Time=0.1  Run Time=212.0
FIRESTARTER_OPTIMIZE: Seed=1  Test=89  Generation= 12 *Result=0.00000045  Best=0.00000045   Time=0.1  Run Time=212.3
