CUDA devices = 1
Device 0: NVIDIA GeForce RTX 4090

variations = 1
samples = 15
instructions = 32
registers = 30
opcodes = 2
patternOpcodes = 4

targetMin = 0.000000f
targetMax = 6.283185f
target = 0.000001f

mode = FIRESTARTER_OPTIMIZE
evolveSeed = 0
optimizeSeed = 0
tests = 256
streams = 1
units = 1
states = 1
generations = 0
population = 65536
iterations = 64
passes = 512
candidates = 16
attempts = 0
optimize = 1

scale = 0.100000f
startScale = 4.000000f
startResult = 10.000000f

FIRESTARTER_OPTIMIZE: Seed=0  Test=39  Generation=  2 *Result=0.00613901  Best=0.00613901   Time=0.1  Run Time=336.0
FIRESTARTER_OPTIMIZE: Seed=0  Test=39  Generation=  3 *Result=0.00047274  Best=0.00047274   Time=0.1  Run Time=336.5
FIRESTARTER_OPTIMIZE: Seed=0  Test=39  Generation=  4 *Result=0.00026157  Best=0.00026157   Time=0.1  Run Time=336.9
FIRESTARTER_OPTIMIZE: Seed=0  Test=39  Generation=  5 *Result=0.00011120  Best=0.00011120   Time=0.1  Run Time=337.4
FIRESTARTER_OPTIMIZE: Seed=0  Test=39  Generation=  6  Result=0.00312157  Best=0.00011120   Time=0.1  Run Time=337.9
FIRESTARTER_OPTIMIZE: Seed=0  Test=39  Generation=  7  Result=0.00158850  Best=0.00011120   Time=0.1  Run Time=338.4
FIRESTARTER_OPTIMIZE: Seed=0  Test=39  Generation=  8  Result=0.00026554  Best=0.00011120   Time=0.1  Run Time=338.8
FIRESTARTER_OPTIMIZE: Seed=0  Test=39  Generation=  9 *Result=0.00000416  Best=0.00000416   Time=0.1  Run Time=339.3
FIRESTARTER_OPTIMIZE: Seed=0  Test=39  Generation= 10  Result=0.00047542  Best=0.00000416   Time=0.1  Run Time=339.8
FIRESTARTER_OPTIMIZE: Seed=0  Test=39  Generation= 11 *Result=0.00000074  Best=0.00000074   Time=0.1  Run Time=340.3
