CUDA devices = 1
Device 0: NVIDIA GeForce RTX 4090

variations = 1
samples = 15
instructions = 32
registers = 30
opcodes = 2
patternOpcodes = 4

targetMin = 0.000000f
targetMax = 6.283185f
target = 0.000001f

mode = FIRESTARTER_OPTIMIZE
evolveSeed = 0
optimizeSeed = 0
tests = 256
streams = 1
units = 1
states = 1
generations = 0
population = 65536
iterations = 64
passes = 512
candidates = 16
attempts = 0
optimize = 1

scale = 0.200000f
startScale = 2.500000f
startResult = 10.000000f

FIRESTARTER_OPTIMIZE: Seed=0  Test=217  Generation=  2 *Result=0.00005677  Best=0.00005677   Time=0.1  Run Time=961.4
FIRESTARTER_OPTIMIZE: Seed=0  Test=217  Generation=  3  Result=0.00030494  Best=0.00005677   Time=0.1  Run Time=961.8
FIRESTARTER_OPTIMIZE: Seed=0  Test=217  Generation=  4  Result=0.00009522  Best=0.00005677   Time=0.1  Run Time=962.3
FIRESTARTER_OPTIMIZE: Seed=0  Test=217  Generation=  5  Result=0.00040305  Best=0.00005677   Time=0.1  Run Time=962.7
FIRESTARTER_OPTIMIZE: Seed=0  Test=217  Generation=  6  Result=0.00011810  Best=0.00005677   Time=0.1  Run Time=963.2
FIRESTARTER_OPTIMIZE: Seed=0  Test=217  Generation=  7 *Result=0.00000508  Best=0.00000508   Time=0.1  Run Time=963.6
FIRESTARTER_OPTIMIZE: Seed=0  Test=217  Generation=  8  Result=0.00062984  Best=0.00000508   Time=0.1  Run Time=964.1
FIRESTARTER_OPTIMIZE: Seed=0  Test=217  Generation=  9  Result=0.00049376  Best=0.00000508   Time=0.1  Run Time=964.5
FIRESTARTER_OPTIMIZE: Seed=0  Test=217  Generation= 10 *Result=0.00000076  Best=0.00000076   Time=0.1  Run Time=964.9
