CUDA devices = 1
Device 0: NVIDIA GeForce RTX 4090

variations = 1
samples = 15
instructions = 32
registers = 30
opcodes = 2
patternOpcodes = 4

targetMin = 0.000000f
targetMax = 6.283185f
target = 0.000001f

mode = FIRESTARTER_OPTIMIZE
evolveSeed = 0
optimizeSeed = 0
tests = 256
streams = 1
units = 1
states = 1
generations = 0
population = 65536
iterations = 64
passes = 512
candidates = 16
attempts = 0
optimize = 1

scale = 0.100000f
startScale = 2.500000f
startResult = 10.000000f

FIRESTARTER_OPTIMIZE: Seed=0  Test=177  Generation=  2 *Result=0.00030049  Best=0.00030049   Time=0.1  Run Time=964.8
FIRESTARTER_OPTIMIZE: Seed=0  Test=177  Generation=  3 *Result=0.00011298  Best=0.00011298   Time=0.1  Run Time=965.2
FIRESTARTER_OPTIMIZE: Seed=0  Test=177  Generation=  4  Result=0.00011852  Best=0.00011298   Time=0.1  Run Time=965.6
FIRESTARTER_OPTIMIZE: Seed=0  Test=177  Generation=  5 *Result=0.00003841  Best=0.00003841   Time=0.1  Run Time=966.1
FIRESTARTER_OPTIMIZE: Seed=0  Test=177  Generation=  6  Result=0.00006282  Best=0.00003841   Time=0.1  Run Time=966.6
FIRESTARTER_OPTIMIZE: Seed=0  Test=177  Generation=  7 *Result=0.00000118  Best=0.00000118   Time=0.1  Run Time=967.0
FIRESTARTER_OPTIMIZE: Seed=0  Test=177  Generation=  8  Result=0.00613928  Best=0.00000118   Time=0.1  Run Time=967.4
FIRESTARTER_OPTIMIZE: Seed=0  Test=177  Generation=  9 *Result=0.00000045  Best=0.00000045   Time=0.1  Run Time=967.9
