CUDA devices = 1
Device 0: NVIDIA GeForce RTX 4090

variations = 1
samples = 15
instructions = 32
registers = 30
opcodes = 2
patternOpcodes = 4

targetMin = 0.000000f
targetMax = 6.283185f
target = 0.000001f

mode = FIRESTARTER_OPTIMIZE
evolveSeed = 123
optimizeSeed = 123
tests = 256
streams = 1
units = 1
states = 1
generations = 0
population = 65536
iterations = 64
passes = 512
candidates = 16
attempts = 0
optimize = 1

scale = 0.300000f
startScale = 2.500000f
startResult = 10.000000f

FIRESTARTER_OPTIMIZE: Seed=123  Test=229  Generation=  2 *Result=0.00000668  Best=0.00000668   Time=0.1  Run Time=696.5
FIRESTARTER_OPTIMIZE: Seed=123  Test=229  Generation=  3  Result=0.00004053  Best=0.00000668   Time=0.1  Run Time=696.9
FIRESTARTER_OPTIMIZE: Seed=123  Test=229  Generation=  4  Result=0.00018260  Best=0.00000668   Time=0.1  Run Time=697.3
FIRESTARTER_OPTIMIZE: Seed=123  Test=229  Generation=  5  Result=0.00011639  Best=0.00000668   Time=0.1  Run Time=697.8
FIRESTARTER_OPTIMIZE: Seed=123  Test=229  Generation=  6  Result=0.00079802  Best=0.00000668   Time=0.1  Run Time=698.2
FIRESTARTER_OPTIMIZE: Seed=123  Test=229  Generation=  7  Result=0.00010608  Best=0.00000668   Time=0.1  Run Time=698.6
FIRESTARTER_OPTIMIZE: Seed=123  Test=229  Generation=  8  Result=0.00015960  Best=0.00000668   Time=0.1  Run Time=699.1
FIRESTARTER_OPTIMIZE: Seed=123  Test=229  Generation=  9 *Result=0.00000012  Best=0.00000012   Time=0.1  Run Time=699.5
