CUDA devices = 1
Device 0: NVIDIA GeForce RTX 4090

variations = 1
samples = 15
instructions = 30
registers = 30
opcodes = 2
patternOpcodes = 4

targetMin = 0.000000f
targetMax = 6.283185f
target = 0.000001f

mode = FIRESTARTER_OPTIMIZE
evolveSeed = 0
optimizeSeed = 0
tests = 256
streams = 1
units = 1
states = 1
generations = 0
population = 65536
iterations = 64
passes = 512
candidates = 16
attempts = 0
optimize = 1

scale = 0.300000f
startScale = 2.500000f
startResult = 10.000000f

FIRESTARTER_OPTIMIZE: Seed=0  Test=188  Generation=  2 *Result=0.00004334  Best=0.00004334   Time=0.1  Run Time=647.8
FIRESTARTER_OPTIMIZE: Seed=0  Test=188  Generation=  3 *Result=0.00000314  Best=0.00000314   Time=0.1  Run Time=648.2
FIRESTARTER_OPTIMIZE: Seed=0  Test=188  Generation=  4  Result=0.00009816  Best=0.00000314   Time=0.1  Run Time=648.7
FIRESTARTER_OPTIMIZE: Seed=0  Test=188  Generation=  5  Result=0.00017583  Best=0.00000314   Time=0.1  Run Time=649.1
FIRESTARTER_OPTIMIZE: Seed=0  Test=188  Generation=  6  Result=0.00018236  Best=0.00000314   Time=0.1  Run Time=649.6
FIRESTARTER_OPTIMIZE: Seed=0  Test=188  Generation=  7  Result=0.00004899  Best=0.00000314   Time=0.1  Run Time=650.0
FIRESTARTER_OPTIMIZE: Seed=0  Test=188  Generation=  8  Result=0.00143334  Best=0.00000314   Time=0.1  Run Time=650.5
FIRESTARTER_OPTIMIZE: Seed=0  Test=188  Generation=  9  Result=0.00018367  Best=0.00000314   Time=0.1  Run Time=650.9
FIRESTARTER_OPTIMIZE: Seed=0  Test=188  Generation= 10  Result=0.00000526  Best=0.00000314   Time=0.1  Run Time=651.3
FIRESTARTER_OPTIMIZE: Seed=0  Test=188  Generation= 11  Result=0.00006586  Best=0.00000314   Time=0.1  Run Time=651.8
FIRESTARTER_OPTIMIZE: Seed=0  Test=188  Generation= 12 *Result=0.00000309  Best=0.00000309   Time=0.1  Run Time=652.2
FIRESTARTER_OPTIMIZE: Seed=0  Test=188  Generation= 13  Result=0.00021774  Best=0.00000309   Time=0.1  Run Time=652.7
FIRESTARTER_OPTIMIZE: Seed=0  Test=188  Generation= 14 *Result=0.00000042  Best=0.00000042   Time=0.1  Run Time=653.1
