CUDA devices = 1
Device 0: NVIDIA GeForce RTX 4090

variations = 1
samples = 15
instructions = 32
registers = 30
opcodes = 2
patternOpcodes = 4

targetMin = 0.000000f
targetMax = 6.283185f
target = 0.000001f

mode = FIRESTARTER_OPTIMIZE
evolveSeed = 0
optimizeSeed = 0
tests = 256
streams = 1
units = 1
states = 1
generations = 0
population = 65536
iterations = 64
passes = 512
candidates = 16
attempts = 0
optimize = 1

scale = 0.100000f
startScale = 2.500000f
startResult = 10.000000f

FIRESTARTER_OPTIMIZE: Seed=0  Test=161  Generation=  2 *Result=0.00018591  Best=0.00018591   Time=0.1  Run Time=892.9
FIRESTARTER_OPTIMIZE: Seed=0  Test=161  Generation=  3  Result=0.00019526  Best=0.00018591   Time=0.1  Run Time=893.3
FIRESTARTER_OPTIMIZE: Seed=0  Test=161  Generation=  4  Result=0.00143963  Best=0.00018591   Time=0.1  Run Time=893.8
FIRESTARTER_OPTIMIZE: Seed=0  Test=161  Generation=  5  Result=0.00031239  Best=0.00018591   Time=0.1  Run Time=894.2
FIRESTARTER_OPTIMIZE: Seed=0  Test=161  Generation=  6 *Result=0.00005168  Best=0.00005168   Time=0.1  Run Time=894.7
FIRESTARTER_OPTIMIZE: Seed=0  Test=161  Generation=  7 *Result=0.00000026  Best=0.00000026   Time=0.1  Run Time=895.1
