CUDA devices = 1
Device 0: NVIDIA GeForce RTX 4090

variations = 1
samples = 15
instructions = 32
registers = 30
opcodes = 2
patternOpcodes = 4

targetMin = 0.000000f
targetMax = 6.283185f
target = 0.000001f

mode = FIRESTARTER_OPTIMIZE
evolveSeed = 123
optimizeSeed = 123
tests = 256
streams = 1
units = 1
states = 1
generations = 0
population = 65536
iterations = 64
passes = 512
candidates = 16
attempts = 0
optimize = 1

scale = 0.300000f
startScale = 2.500000f
startResult = 10.000000f

FIRESTARTER_OPTIMIZE: Seed=123  Test=168  Generation=  2 *Result=0.00613967  Best=0.00613967   Time=0.1  Run Time=552.6
FIRESTARTER_OPTIMIZE: Seed=123  Test=168  Generation=  3 *Result=0.00020121  Best=0.00020121   Time=0.1  Run Time=552.9
FIRESTARTER_OPTIMIZE: Seed=123  Test=168  Generation=  4 *Result=0.00006143  Best=0.00006143   Time=0.1  Run Time=553.3
FIRESTARTER_OPTIMIZE: Seed=123  Test=168  Generation=  5  Result=0.00033569  Best=0.00006143   Time=0.1  Run Time=553.7
FIRESTARTER_OPTIMIZE: Seed=123  Test=168  Generation=  6  Result=0.00150528  Best=0.00006143   Time=0.1  Run Time=554.1
FIRESTARTER_OPTIMIZE: Seed=123  Test=168  Generation=  7  Result=0.00007726  Best=0.00006143   Time=0.1  Run Time=554.4
FIRESTARTER_OPTIMIZE: Seed=123  Test=168  Generation=  8  Result=0.00056630  Best=0.00006143   Time=0.1  Run Time=554.8
FIRESTARTER_OPTIMIZE: Seed=123  Test=168  Generation=  9 *Result=0.00004409  Best=0.00004409   Time=0.1  Run Time=555.2
FIRESTARTER_OPTIMIZE: Seed=123  Test=168  Generation= 10  Result=0.00246888  Best=0.00004409   Time=0.1  Run Time=555.6
FIRESTARTER_OPTIMIZE: Seed=123  Test=168  Generation= 11 *Result=0.00000150  Best=0.00000150   Time=0.1  Run Time=556.0
FIRESTARTER_OPTIMIZE: Seed=123  Test=168  Generation= 12 *Result=0.00000014  Best=0.00000014   Time=0.1  Run Time=556.4
