CUDA devices = 1
Device 0: NVIDIA GeForce RTX 4090

variations = 1
samples = 15
instructions = 32
registers = 30
opcodes = 2
patternOpcodes = 4

targetMin = 0.000000f
targetMax = 6.283185f
target = 0.000001f

mode = FIRESTARTER_OPTIMIZE
evolveSeed = 0
optimizeSeed = 0
tests = 256
streams = 1
units = 1
states = 1
generations = 0
population = 65536
iterations = 64
passes = 512
candidates = 16
attempts = 0
optimize = 1

scale = 0.150000f
startScale = 2.500000f
startResult = 10.000000f

FIRESTARTER_OPTIMIZE: Seed=0  Test=134  Generation=  2 *Result=0.00670917  Best=0.00670917   Time=0.1  Run Time=625.4
FIRESTARTER_OPTIMIZE: Seed=0  Test=134  Generation=  3 *Result=0.00000148  Best=0.00000148   Time=0.1  Run Time=625.9
FIRESTARTER_OPTIMIZE: Seed=0  Test=134  Generation=  4  Result=0.00009942  Best=0.00000148   Time=0.1  Run Time=626.3
FIRESTARTER_OPTIMIZE: Seed=0  Test=134  Generation=  5 *Result=0.00000116  Best=0.00000116   Time=0.1  Run Time=626.8
FIRESTARTER_OPTIMIZE: Seed=0  Test=134  Generation=  6  Result=0.00025669  Best=0.00000116   Time=0.1  Run Time=627.3
FIRESTARTER_OPTIMIZE: Seed=0  Test=134  Generation=  7  Result=0.00006000  Best=0.00000116   Time=0.1  Run Time=627.7
FIRESTARTER_OPTIMIZE: Seed=0  Test=134  Generation=  8  Result=0.00154531  Best=0.00000116   Time=0.1  Run Time=628.2
FIRESTARTER_OPTIMIZE: Seed=0  Test=134  Generation=  9 *Result=0.00000009  Best=0.00000009   Time=0.1  Run Time=628.7
