CUDA devices = 1
Device 0: NVIDIA GeForce RTX 4090

variations = 1
samples = 15
instructions = 30
registers = 30
opcodes = 2
patternOpcodes = 4

targetMin = 0.000000f
targetMax = 6.283185f
target = 0.000001f

mode = FIRESTARTER_OPTIMIZE
evolveSeed = 0
optimizeSeed = 0
tests = 256
streams = 1
units = 1
states = 1
generations = 0
population = 65536
iterations = 64
passes = 512
candidates = 16
attempts = 0
optimize = 1

scale = 0.300000f
startScale = 2.500000f
startResult = 10.000000f

FIRESTARTER_OPTIMIZE: Seed=0  Test=163  Generation=  2 *Result=0.00036915  Best=0.00036915   Time=0.1  Run Time=554.6
FIRESTARTER_OPTIMIZE: Seed=0  Test=163  Generation=  3  Result=0.00038645  Best=0.00036915   Time=0.1  Run Time=555.0
FIRESTARTER_OPTIMIZE: Seed=0  Test=163  Generation=  4 *Result=0.00005841  Best=0.00005841   Time=0.1  Run Time=555.4
FIRESTARTER_OPTIMIZE: Seed=0  Test=163  Generation=  5 *Result=0.00001332  Best=0.00001332   Time=0.1  Run Time=555.9
FIRESTARTER_OPTIMIZE: Seed=0  Test=163  Generation=  6  Result=0.00012980  Best=0.00001332   Time=0.1  Run Time=556.3
FIRESTARTER_OPTIMIZE: Seed=0  Test=163  Generation=  7  Result=0.00018215  Best=0.00001332   Time=0.1  Run Time=556.8
FIRESTARTER_OPTIMIZE: Seed=0  Test=163  Generation=  8 *Result=0.00000382  Best=0.00000382   Time=0.1  Run Time=557.2
FIRESTARTER_OPTIMIZE: Seed=0  Test=163  Generation=  9  Result=0.00007039  Best=0.00000382   Time=0.1  Run Time=557.7
FIRESTARTER_OPTIMIZE: Seed=0  Test=163  Generation= 10  Result=0.00067455  Best=0.00000382   Time=0.1  Run Time=558.2
FIRESTARTER_OPTIMIZE: Seed=0  Test=163  Generation= 11  Result=0.00002988  Best=0.00000382   Time=0.1  Run Time=558.6
FIRESTARTER_OPTIMIZE: Seed=0  Test=163  Generation= 12  Result=0.00093241  Best=0.00000382   Time=0.1  Run Time=559.0
FIRESTARTER_OPTIMIZE: Seed=0  Test=163  Generation= 13 *Result=0.00000010  Best=0.00000010   Time=0.1  Run Time=559.5
