Duration: 14943.0  Evolve Seed=0  Test=3  Generation=98  Best Generation=34  Start Result=0.00038052  Evolve Result=0.00000226  Optimize Pass=8  Optimize Result=0.00000113
Duration: 16168.3  Evolve Seed=0  Test=0  Generation=100  Best Generation=100  Start Result=0.00030521  Evolve Result=0.00000054  Optimize Pass=8  Optimize Result=0.00000030 *******
Duration: 17447.9  Evolve Seed=0  Test=4  Generation=13  Best Generation=13  Start Result=0.00015783  Evolve Result=0.00000077  Optimize Pass=8  Optimize Result=0.00000060 *******
