CUDA devices = 1
Device 0: NVIDIA GeForce RTX 4090

variations = 1
instructions = 32
registers = 30
opcodes = 2
patternOpcodes = 4

targetMin = 0.000000f
targetMax = 6.283185f
target = 0.000001f

mode = FIRESTARTER_OPTIMIZE
evolveSeed = 1
optimizeSeed = 1
tests = 256
streams = 1
units = 1
states = 1
generations = 0
population = 49152
passes = 384
attempts = 0
optimize = 1

scale = 0.300000f
startScale = 2.500000f
startResult = 10.000000f

FIRESTARTER_OPTIMIZE: Seed=1  Test=236  Generation=  2 *Result=0.00007517  Best=0.00007517   Time=0.1  Run Time=695.0
FIRESTARTER_OPTIMIZE: Seed=1  Test=236  Generation=  3  Result=0.00008903  Best=0.00007517   Time=0.1  Run Time=695.3
FIRESTARTER_OPTIMIZE: Seed=1  Test=236  Generation=  4  Result=0.00146979  Best=0.00007517   Time=0.1  Run Time=695.6
FIRESTARTER_OPTIMIZE: Seed=1  Test=236  Generation=  5 *Result=0.00006855  Best=0.00006855   Time=0.1  Run Time=695.9
FIRESTARTER_OPTIMIZE: Seed=1  Test=236  Generation=  6  Result=0.00021350  Best=0.00006855   Time=0.1  Run Time=696.2
FIRESTARTER_OPTIMIZE: Seed=1  Test=236  Generation=  7  Result=0.00110915  Best=0.00006855   Time=0.1  Run Time=696.5
FIRESTARTER_OPTIMIZE: Seed=1  Test=236  Generation=  8 *Result=0.00000132  Best=0.00000132   Time=0.1  Run Time=696.8
FIRESTARTER_OPTIMIZE: Seed=1  Test=236  Generation=  9  Result=0.00120208  Best=0.00000132   Time=0.1  Run Time=697.2
FIRESTARTER_OPTIMIZE: Seed=1  Test=236  Generation= 10  Result=0.00270165  Best=0.00000132   Time=0.1  Run Time=697.6
FIRESTARTER_OPTIMIZE: Seed=1  Test=236  Generation= 11  Result=0.00006554  Best=0.00000132   Time=0.1  Run Time=698.0
FIRESTARTER_OPTIMIZE: Seed=1  Test=236  Generation= 12 *Result=0.00000020  Best=0.00000020   Time=0.1  Run Time=698.3
