CUDA devices = 1
Device 0: NVIDIA GeForce RTX 2080 Ti

variations = 1
samples = 15
instructions = 32
registers = 30
opcodes = 2
patternOpcodes = 4

targetMin = 0.000000f
targetMax = 6.283185f
evolveTarget = 0.000001f

mode = FIRESTARTER_EVOLVE_GPU
evolveSeed = 0
optimizeSeed = 0
tests = 16
streams = 1
units = 1
states = 1
generations = 0
population = 8192
iterations = 64
passes = 500
candidates = 16
attempts = 0
optimize = 1

scale = 0.100000f
startScale = 2.000000f
startResult = 10.000000f

FIRESTARTER_EVOLVE_GPU: Seed=0  Test= 6  Generation=  0  Age=  1  Evolution= 0  Weight=0.00000000  Old Result=10.00000000 *New Result=0.00291103  Index=7522  EvolveAge1=1  EvolveAge2=85  Best=0.00291103   BestAge=1  Time=9.8 Seconds  Run Time=7191.8 Seconds
FIRESTARTER_EVOLVE_GPU: Seed=0  Test= 6  Generation=  1  Age=  1  Evolution= 0  Weight=0.00000000  Old Result=0.00291103 *New Result=0.00058743  Index=7698  EvolveAge1=111  EvolveAge2=345  Best=0.00058743   BestAge=1  Time=8.4 Seconds  Run Time=7200.2 Seconds
FIRESTARTER_EVOLVE_GPU: Seed=0  Test= 6  Generation=  2  Age=  1  Evolution= 0  Weight=0.00000000  Old Result=0.00058743  Bad Result=0.00058743  Index=7698  EvolveAge1=611  EvolveAge2=345  Best=0.00058743   BestAge=2  Time=8.0 Seconds  Run Time=7208.3 Seconds
FIRESTARTER_OPTIMIZE_GPU: Seed=0  Test= 6  Optimize=0  Generation=  1 *Result=0.00000149  Best=0.00000149   Time=9.7 Seconds  Run Time=7218.0 Seconds
FIRESTARTER_EVOLVE_GPU: Seed=0  Test= 6  Generation=  3  Age=  1  Evolution= 0  Weight=0.00000000  Old Result=0.00058743 *New Result=0.00012249  Index=4477  EvolveAge1=149  EvolveAge2=129  Best=0.00012249   BestAge=1  Time=8.4 Seconds  Run Time=7226.4 Seconds
FIRESTARTER_EVOLVE_GPU: Seed=0  Test= 6  Generation=  4  Age=  1  Evolution= 0  Weight=0.00000000  Old Result=0.00012249  Bad Result=0.00012249  Index=4477  EvolveAge1=649  EvolveAge2=129  Best=0.00012249   BestAge=2  Time=8.4 Seconds  Run Time=7234.7 Seconds
FIRESTARTER_OPTIMIZE_GPU: Seed=0  Test= 6  Optimize=0  Generation=  3 *Result=0.00000011  Best=0.00000011   Time=9.9 Seconds  Run Time=7244.6 Seconds
