CUDA devices = 1
Device 0: NVIDIA GeForce RTX 4090

variations = 1
samples = 15
instructions = 32
registers = 30
opcodes = 2
patternOpcodes = 4

targetMin = 0.000000f
targetMax = 6.283185f
target = 0.000001f

mode = FIRESTARTER_OPTIMIZE
evolveSeed = 0
optimizeSeed = 0
tests = 256
streams = 1
units = 1
states = 1
generations = 0
population = 65536
iterations = 64
passes = 512
candidates = 16
attempts = 0
optimize = 1

scale = 0.150000f
startScale = 2.500000f
startResult = 10.000000f

FIRESTARTER_OPTIMIZE: Seed=0  Test=41  Generation=  2 *Result=0.00010562  Best=0.00010562   Time=0.1  Run Time=211.8
FIRESTARTER_OPTIMIZE: Seed=0  Test=41  Generation=  3  Result=0.00022161  Best=0.00010562   Time=0.1  Run Time=212.3
FIRESTARTER_OPTIMIZE: Seed=0  Test=41  Generation=  4  Result=0.00104598  Best=0.00010562   Time=0.1  Run Time=212.8
FIRESTARTER_OPTIMIZE: Seed=0  Test=41  Generation=  5  Result=0.00614975  Best=0.00010562   Time=0.1  Run Time=213.2
FIRESTARTER_OPTIMIZE: Seed=0  Test=41  Generation=  6  Result=0.00013079  Best=0.00010562   Time=0.1  Run Time=213.7
FIRESTARTER_OPTIMIZE: Seed=0  Test=41  Generation=  7  Result=0.00029254  Best=0.00010562   Time=0.1  Run Time=214.2
FIRESTARTER_OPTIMIZE: Seed=0  Test=41  Generation=  8 *Result=0.00000823  Best=0.00000823   Time=0.1  Run Time=214.6
FIRESTARTER_OPTIMIZE: Seed=0  Test=41  Generation=  9  Result=0.00031251  Best=0.00000823   Time=0.1  Run Time=215.1
FIRESTARTER_OPTIMIZE: Seed=0  Test=41  Generation= 10  Result=0.00023554  Best=0.00000823   Time=0.1  Run Time=215.6
FIRESTARTER_OPTIMIZE: Seed=0  Test=41  Generation= 11 *Result=0.00000056  Best=0.00000056   Time=0.1  Run Time=216.1
