CUDA devices = 1
Device 0: NVIDIA GeForce RTX 4090

variations = 1
instructions = 32
registers = 30
opcodes = 2
patternOpcodes = 4

targetMin = 0.000000f
targetMax = 6.283185f
target = 0.000001f

mode = FIRESTARTER_OPTIMIZE
evolveSeed = 1
optimizeSeed = 1
tests = 256
streams = 1
units = 1
states = 1
generations = 0
population = 49152
passes = 512
attempts = 0
optimize = 1

scale = 0.300000f
startScale = 2.500000f
startResult = 10.000000f

FIRESTARTER_OPTIMIZE: Seed=1  Test=250  Generation=  2 *Result=0.00000459  Best=0.00000459   Time=0.1  Run Time=720.6
FIRESTARTER_OPTIMIZE: Seed=1  Test=250  Generation=  3 *Result=0.00000116  Best=0.00000116   Time=0.1  Run Time=721.0
FIRESTARTER_OPTIMIZE: Seed=1  Test=250  Generation=  4  Result=0.00012351  Best=0.00000116   Time=0.1  Run Time=721.4
FIRESTARTER_OPTIMIZE: Seed=1  Test=250  Generation=  5  Result=0.00009045  Best=0.00000116   Time=0.1  Run Time=721.7
FIRESTARTER_OPTIMIZE: Seed=1  Test=250  Generation=  6  Result=0.00018257  Best=0.00000116   Time=0.1  Run Time=722.1
FIRESTARTER_OPTIMIZE: Seed=1  Test=250  Generation=  7  Result=0.00022155  Best=0.00000116   Time=0.1  Run Time=722.5
FIRESTARTER_OPTIMIZE: Seed=1  Test=250  Generation=  8  Result=0.00070715  Best=0.00000116   Time=0.1  Run Time=722.8
FIRESTARTER_OPTIMIZE: Seed=1  Test=250  Generation=  9  Result=0.00001327  Best=0.00000116   Time=0.1  Run Time=723.2
FIRESTARTER_OPTIMIZE: Seed=1  Test=250  Generation= 10  Result=0.00001558  Best=0.00000116   Time=0.1  Run Time=723.5
FIRESTARTER_OPTIMIZE: Seed=1  Test=250  Generation= 11  Result=0.00123811  Best=0.00000116   Time=0.1  Run Time=723.9
FIRESTARTER_OPTIMIZE: Seed=1  Test=250  Generation= 12 *Result=0.00000039  Best=0.00000039   Time=0.1  Run Time=724.2
