CUDA devices = 1
Device 0: NVIDIA GeForce RTX 4090

variations = 1
instructions = 32
registers = 30
opcodes = 2
patternOpcodes = 4

targetMin = 0.000000f
targetMax = 6.283185f
target = 0.000001f

mode = FIRESTARTER_OPTIMIZE
evolveSeed = 1
optimizeSeed = 1
tests = 256
streams = 1
units = 1
states = 1
generations = 0
population = 65536
passes = 512
attempts = 0
optimize = 1

scale = 0.300000f
startScale = 2.500000f
startResult = 10.000000f

FIRESTARTER_OPTIMIZE: Seed=1  Test=189  Generation=  2 *Result=0.00004682  Best=0.00004682   Time=0.1  Run Time=585.2
FIRESTARTER_OPTIMIZE: Seed=1  Test=189  Generation=  3  Result=0.00051588  Best=0.00004682   Time=0.1  Run Time=585.5
FIRESTARTER_OPTIMIZE: Seed=1  Test=189  Generation=  4  Result=0.00019128  Best=0.00004682   Time=0.1  Run Time=585.9
FIRESTARTER_OPTIMIZE: Seed=1  Test=189  Generation=  5 *Result=0.00000215  Best=0.00000215   Time=0.1  Run Time=586.3
FIRESTARTER_OPTIMIZE: Seed=1  Test=189  Generation=  6  Result=0.00000262  Best=0.00000215   Time=0.1  Run Time=586.7
FIRESTARTER_OPTIMIZE: Seed=1  Test=189  Generation=  7  Result=0.00012763  Best=0.00000215   Time=0.1  Run Time=587.1
FIRESTARTER_OPTIMIZE: Seed=1  Test=189  Generation=  8  Result=0.00000447  Best=0.00000215   Time=0.1  Run Time=587.5
FIRESTARTER_OPTIMIZE: Seed=1  Test=189  Generation=  9 *Result=0.00000179  Best=0.00000179   Time=0.1  Run Time=588.0
FIRESTARTER_OPTIMIZE: Seed=1  Test=189  Generation= 10  Result=0.00006162  Best=0.00000179   Time=0.1  Run Time=588.4
FIRESTARTER_OPTIMIZE: Seed=1  Test=189  Generation= 11  Result=0.00005027  Best=0.00000179   Time=0.1  Run Time=588.9
FIRESTARTER_OPTIMIZE: Seed=1  Test=189  Generation= 12 *Result=0.00000009  Best=0.00000009   Time=0.1  Run Time=589.3
