CUDA devices = 1
Device 0: NVIDIA GeForce RTX 4090

variations = 1
instructions = 32
registers = 30
opcodes = 2
patternOpcodes = 4

targetMin = 0.000000f
targetMax = 6.283185f
target = 0.000001f

mode = FIRESTARTER_OPTIMIZE
evolveSeed = 1
optimizeSeed = 1
tests = 256
streams = 1
units = 1
states = 1
generations = 0
population = 49152
passes = 512
attempts = 0
optimize = 1

scale = 0.300000f
startScale = 2.500000f
startResult = 10.000000f

FIRESTARTER_OPTIMIZE: Seed=1  Test=67  Generation=  2 *Result=0.00008261  Best=0.00008261   Time=0.1  Run Time=185.6
FIRESTARTER_OPTIMIZE: Seed=1  Test=67  Generation=  3  Result=0.00021741  Best=0.00008261   Time=0.1  Run Time=186.0
FIRESTARTER_OPTIMIZE: Seed=1  Test=67  Generation=  4 *Result=0.00002196  Best=0.00002196   Time=0.1  Run Time=186.3
FIRESTARTER_OPTIMIZE: Seed=1  Test=67  Generation=  5 *Result=0.00000246  Best=0.00000246   Time=0.1  Run Time=186.7
FIRESTARTER_OPTIMIZE: Seed=1  Test=67  Generation=  6  Result=0.00001008  Best=0.00000246   Time=0.1  Run Time=187.0
FIRESTARTER_OPTIMIZE: Seed=1  Test=67  Generation=  7  Result=0.00018719  Best=0.00000246   Time=0.1  Run Time=187.4
FIRESTARTER_OPTIMIZE: Seed=1  Test=67  Generation=  8  Result=0.00003259  Best=0.00000246   Time=0.1  Run Time=187.8
FIRESTARTER_OPTIMIZE: Seed=1  Test=67  Generation=  9 *Result=0.00000011  Best=0.00000011   Time=0.1  Run Time=188.1
