CUDA devices = 1
Device 0: NVIDIA GeForce RTX 4090

variations = 1
instructions = 32
registers = 30
opcodes = 2
patternOpcodes = 4

targetMin = 0.000000f
targetMax = 6.283185f
target = 0.000001f

mode = FIRESTARTER_OPTIMIZE
evolveSeed = 0
optimizeSeed = 0
tests = 256
streams = 1
units = 1
states = 1
generations = 0
population = 65536
passes = 384
attempts = 0
optimize = 1

scale = 0.300000f
startScale = 2.500000f
startResult = 10.000000f

FIRESTARTER_OPTIMIZE: Seed=0  Test=209  Generation=  2 *Result=0.00007020  Best=0.00007020   Time=0.1  Run Time=525.9
FIRESTARTER_OPTIMIZE: Seed=0  Test=209  Generation=  3 *Result=0.00000407  Best=0.00000407   Time=0.1  Run Time=526.2
FIRESTARTER_OPTIMIZE: Seed=0  Test=209  Generation=  4  Result=0.00011758  Best=0.00000407   Time=0.1  Run Time=526.6
FIRESTARTER_OPTIMIZE: Seed=0  Test=209  Generation=  5  Result=0.00043202  Best=0.00000407   Time=0.1  Run Time=526.9
FIRESTARTER_OPTIMIZE: Seed=0  Test=209  Generation=  6 *Result=0.00000154  Best=0.00000154   Time=0.1  Run Time=527.2
FIRESTARTER_OPTIMIZE: Seed=0  Test=209  Generation=  7  Result=0.00143401  Best=0.00000154   Time=0.1  Run Time=527.5
FIRESTARTER_OPTIMIZE: Seed=0  Test=209  Generation=  8 *Result=0.00000012  Best=0.00000012   Time=0.1  Run Time=527.9
