CUDA devices = 1
Device 0: NVIDIA GeForce RTX 4090

variations = 1
instructions = 32
registers = 30
opcodes = 2
patternOpcodes = 4

targetMin = 0.000000f
targetMax = 6.283185f
target = 0.000001f

mode = FIRESTARTER_OPTIMIZE
evolveSeed = 1
optimizeSeed = 1
tests = 256
streams = 1
units = 1
states = 1
generations = 0
population = 65536
passes = 512
attempts = 0
optimize = 1

scale = 0.300000f
startScale = 2.500000f
startResult = 10.000000f

FIRESTARTER_OPTIMIZE: Seed=1  Test=19  Generation=  2 *Result=0.00065449  Best=0.00065449   Time=0.1  Run Time=48.7
FIRESTARTER_OPTIMIZE: Seed=1  Test=19  Generation=  3 *Result=0.00038743  Best=0.00038743   Time=0.1  Run Time=49.0
FIRESTARTER_OPTIMIZE: Seed=1  Test=19  Generation=  4 *Result=0.00000169  Best=0.00000169   Time=0.1  Run Time=49.4
FIRESTARTER_OPTIMIZE: Seed=1  Test=19  Generation=  5  Result=0.00047769  Best=0.00000169   Time=0.1  Run Time=49.8
FIRESTARTER_OPTIMIZE: Seed=1  Test=19  Generation=  6  Result=0.00002699  Best=0.00000169   Time=0.1  Run Time=50.3
FIRESTARTER_OPTIMIZE: Seed=1  Test=19  Generation=  7  Result=0.00000781  Best=0.00000169   Time=0.1  Run Time=50.7
FIRESTARTER_OPTIMIZE: Seed=1  Test=19  Generation=  8  Result=0.00004016  Best=0.00000169   Time=0.1  Run Time=51.1
FIRESTARTER_OPTIMIZE: Seed=1  Test=19  Generation=  9  Result=0.00059986  Best=0.00000169   Time=0.1  Run Time=51.6
FIRESTARTER_OPTIMIZE: Seed=1  Test=19  Generation= 10  Result=0.00005269  Best=0.00000169   Time=0.1  Run Time=52.0
FIRESTARTER_OPTIMIZE: Seed=1  Test=19  Generation= 11 *Result=0.00000068  Best=0.00000068   Time=0.1  Run Time=52.5
