CUDA devices = 1
Device 0: NVIDIA GeForce RTX 4090

variations = 1
samples = 15
instructions = 30
registers = 30
opcodes = 2
patternOpcodes = 4

targetMin = 0.000000f
targetMax = 6.283185f
target = 0.000001f

mode = FIRESTARTER_OPTIMIZE
evolveSeed = 0
optimizeSeed = 0
tests = 256
streams = 1
units = 1
states = 1
generations = 0
population = 65536
iterations = 64
passes = 512
candidates = 16
attempts = 0
optimize = 1

scale = 0.300000f
startScale = 2.500000f
startResult = 10.000000f

FIRESTARTER_OPTIMIZE: Seed=0  Test=212  Generation=  2 *Result=0.00066853  Best=0.00066853   Time=0.1  Run Time=736.5
FIRESTARTER_OPTIMIZE: Seed=0  Test=212  Generation=  3 *Result=0.00045478  Best=0.00045478   Time=0.1  Run Time=737.0
FIRESTARTER_OPTIMIZE: Seed=0  Test=212  Generation=  4 *Result=0.00002838  Best=0.00002838   Time=0.1  Run Time=737.4
FIRESTARTER_OPTIMIZE: Seed=0  Test=212  Generation=  5  Result=0.00007778  Best=0.00002838   Time=0.1  Run Time=737.8
FIRESTARTER_OPTIMIZE: Seed=0  Test=212  Generation=  6 *Result=0.00000302  Best=0.00000302   Time=0.1  Run Time=738.3
FIRESTARTER_OPTIMIZE: Seed=0  Test=212  Generation=  7  Result=0.00005549  Best=0.00000302   Time=0.1  Run Time=738.7
FIRESTARTER_OPTIMIZE: Seed=0  Test=212  Generation=  8  Result=0.00149881  Best=0.00000302   Time=0.1  Run Time=739.2
FIRESTARTER_OPTIMIZE: Seed=0  Test=212  Generation=  9  Result=0.00222271  Best=0.00000302   Time=0.1  Run Time=739.6
FIRESTARTER_OPTIMIZE: Seed=0  Test=212  Generation= 10  Result=0.00023633  Best=0.00000302   Time=0.1  Run Time=740.0
FIRESTARTER_OPTIMIZE: Seed=0  Test=212  Generation= 11  Result=0.00041768  Best=0.00000302   Time=0.1  Run Time=740.5
FIRESTARTER_OPTIMIZE: Seed=0  Test=212  Generation= 12 *Result=0.00000051  Best=0.00000051   Time=0.1  Run Time=740.9
