CUDA devices = 1
Device 0: NVIDIA GeForce RTX 4090

variations = 1
samples = 15
instructions = 32
registers = 30
opcodes = 2
patternOpcodes = 4

targetMin = 0.000000f
targetMax = 6.283185f
target = 0.000001f

mode = FIRESTARTER_OPTIMIZE
evolveSeed = 0
optimizeSeed = 0
tests = 256
streams = 1
units = 1
states = 1
generations = 0
population = 65536
iterations = 64
passes = 512
candidates = 16
attempts = 0
optimize = 1

scale = 0.300000f
startScale = 2.500000f
startResult = 10.000000f

FIRESTARTER_OPTIMIZE: Seed=0  Test=195  Generation=  2 *Result=0.00009387  Best=0.00009387   Time=0.1  Run Time=815.4
FIRESTARTER_OPTIMIZE: Seed=0  Test=195  Generation=  3  Result=0.00016573  Best=0.00009387   Time=0.1  Run Time=815.8
FIRESTARTER_OPTIMIZE: Seed=0  Test=195  Generation=  4  Result=0.00036249  Best=0.00009387   Time=0.1  Run Time=816.3
FIRESTARTER_OPTIMIZE: Seed=0  Test=195  Generation=  5 *Result=0.00000775  Best=0.00000775   Time=0.1  Run Time=816.8
FIRESTARTER_OPTIMIZE: Seed=0  Test=195  Generation=  6  Result=0.00062718  Best=0.00000775   Time=0.1  Run Time=817.2
FIRESTARTER_OPTIMIZE: Seed=0  Test=195  Generation=  7  Result=0.00087444  Best=0.00000775   Time=0.1  Run Time=817.7
FIRESTARTER_OPTIMIZE: Seed=0  Test=195  Generation=  8  Result=0.00028693  Best=0.00000775   Time=0.1  Run Time=818.2
FIRESTARTER_OPTIMIZE: Seed=0  Test=195  Generation=  9  Result=0.00002688  Best=0.00000775   Time=0.1  Run Time=818.6
FIRESTARTER_OPTIMIZE: Seed=0  Test=195  Generation= 10  Result=0.00008380  Best=0.00000775   Time=0.1  Run Time=819.1
FIRESTARTER_OPTIMIZE: Seed=0  Test=195  Generation= 11  Result=0.00012875  Best=0.00000775   Time=0.1  Run Time=819.6
FIRESTARTER_OPTIMIZE: Seed=0  Test=195  Generation= 12  Result=0.00006229  Best=0.00000775   Time=0.1  Run Time=820.1
FIRESTARTER_OPTIMIZE: Seed=0  Test=195  Generation= 13  Result=0.00003771  Best=0.00000775   Time=0.1  Run Time=820.5
FIRESTARTER_OPTIMIZE: Seed=0  Test=195  Generation= 14 *Result=0.00000078  Best=0.00000078   Time=0.1  Run Time=821.0
