CUDA devices = 1
Device 0: NVIDIA GeForce RTX 4090

variations = 1
instructions = 32
registers = 30
opcodes = 2
patternOpcodes = 4

targetMin = 0.000000f
targetMax = 6.283185f
target = 0.000001f

mode = FIRESTARTER_OPTIMIZE
evolveSeed = 0
optimizeSeed = 0
tests = 256
streams = 1
units = 1
states = 1
generations = 0
population = 65536
passes = 512
attempts = 0
optimize = 1

scale = 0.300000f
startScale = 2.500000f
startResult = 10.000000f

FIRESTARTER_OPTIMIZE: Seed=0  Test=254  Generation=  2 *Result=0.00149947  Best=0.00149947   Time=0.1  Run Time=733.8
FIRESTARTER_OPTIMIZE: Seed=0  Test=254  Generation=  3  Result=0.00170255  Best=0.00149947   Time=0.1  Run Time=734.1
FIRESTARTER_OPTIMIZE: Seed=0  Test=254  Generation=  4 *Result=0.00001337  Best=0.00001337   Time=0.1  Run Time=734.5
FIRESTARTER_OPTIMIZE: Seed=0  Test=254  Generation=  5  Result=0.00273144  Best=0.00001337   Time=0.1  Run Time=734.8
FIRESTARTER_OPTIMIZE: Seed=0  Test=254  Generation=  6 *Result=0.00000541  Best=0.00000541   Time=0.1  Run Time=735.2
FIRESTARTER_OPTIMIZE: Seed=0  Test=254  Generation=  7  Result=0.00210053  Best=0.00000541   Time=0.1  Run Time=735.5
FIRESTARTER_OPTIMIZE: Seed=0  Test=254  Generation=  8 *Result=0.00000039  Best=0.00000039   Time=0.1  Run Time=735.9
