CUDA devices = 1
Device 0: NVIDIA GeForce RTX 4090

variations = 1
instructions = 32
registers = 30
opcodes = 2
patternOpcodes = 4

targetMin = 0.000000f
targetMax = 6.283185f
target = 0.000001f

mode = FIRESTARTER_OPTIMIZE
evolveSeed = 2
optimizeSeed = 2
tests = 256
streams = 1
units = 1
states = 1
generations = 0
population = 65536
passes = 384
attempts = 0
optimize = 1

scale = 0.300000f
startScale = 2.500000f
startResult = 10.000000f

FIRESTARTER_OPTIMIZE: Seed=2  Test=222  Generation=  2 *Result=0.00002605  Best=0.00002605   Time=0.1  Run Time=542.6
FIRESTARTER_OPTIMIZE: Seed=2  Test=222  Generation=  3  Result=0.00018803  Best=0.00002605   Time=0.1  Run Time=542.9
FIRESTARTER_OPTIMIZE: Seed=2  Test=222  Generation=  4  Result=0.00003280  Best=0.00002605   Time=0.1  Run Time=543.2
FIRESTARTER_OPTIMIZE: Seed=2  Test=222  Generation=  5  Result=0.00008976  Best=0.00002605   Time=0.1  Run Time=543.5
FIRESTARTER_OPTIMIZE: Seed=2  Test=222  Generation=  6  Result=0.00039522  Best=0.00002605   Time=0.1  Run Time=543.8
FIRESTARTER_OPTIMIZE: Seed=2  Test=222  Generation=  7 *Result=0.00000066  Best=0.00000066   Time=0.1  Run Time=544.1
