CUDA devices = 1
Device 0: NVIDIA GeForce RTX 4090

variations = 1
samples = 15
instructions = 32
registers = 30
opcodes = 2
patternOpcodes = 4

targetMin = 0.000000f
targetMax = 6.283185f
target = 0.000001f

mode = FIRESTARTER_OPTIMIZE
evolveSeed = 0
optimizeSeed = 0
tests = 256
streams = 1
units = 1
states = 1
generations = 0
population = 65536
iterations = 64
passes = 512
candidates = 16
attempts = 0
optimize = 1

scale = 0.300000f
startScale = 2.500000f
startResult = 10.000000f

FIRESTARTER_OPTIMIZE: Seed=0  Test=122  Generation=  2 *Result=0.00000648  Best=0.00000648   Time=0.1  Run Time=494.2
FIRESTARTER_OPTIMIZE: Seed=0  Test=122  Generation=  3  Result=0.00018938  Best=0.00000648   Time=0.1  Run Time=494.7
FIRESTARTER_OPTIMIZE: Seed=0  Test=122  Generation=  4  Result=0.00018866  Best=0.00000648   Time=0.1  Run Time=495.1
FIRESTARTER_OPTIMIZE: Seed=0  Test=122  Generation=  5  Result=0.00007342  Best=0.00000648   Time=0.1  Run Time=495.6
FIRESTARTER_OPTIMIZE: Seed=0  Test=122  Generation=  6 *Result=0.00000334  Best=0.00000334   Time=0.1  Run Time=496.1
FIRESTARTER_OPTIMIZE: Seed=0  Test=122  Generation=  7  Result=0.00012016  Best=0.00000334   Time=0.1  Run Time=496.5
FIRESTARTER_OPTIMIZE: Seed=0  Test=122  Generation=  8  Result=0.00008662  Best=0.00000334   Time=0.1  Run Time=497.0
FIRESTARTER_OPTIMIZE: Seed=0  Test=122  Generation=  9  Result=0.00005004  Best=0.00000334   Time=0.1  Run Time=497.5
FIRESTARTER_OPTIMIZE: Seed=0  Test=122  Generation= 10  Result=0.00018239  Best=0.00000334   Time=0.1  Run Time=497.9
FIRESTARTER_OPTIMIZE: Seed=0  Test=122  Generation= 11  Result=0.00100196  Best=0.00000334   Time=0.1  Run Time=498.4
FIRESTARTER_OPTIMIZE: Seed=0  Test=122  Generation= 12  Result=0.00143367  Best=0.00000334   Time=0.1  Run Time=498.9
FIRESTARTER_OPTIMIZE: Seed=0  Test=122  Generation= 13 *Result=0.00000037  Best=0.00000037   Time=0.1  Run Time=499.4
