CUDA devices = 1
Device 0: NVIDIA GeForce RTX 4090

variations = 1
samples = 15
instructions = 30
registers = 30
opcodes = 2
patternOpcodes = 4

targetMin = 0.000000f
targetMax = 6.283185f
target = 0.000001f

mode = FIRESTARTER_OPTIMIZE
evolveSeed = 0
optimizeSeed = 0
tests = 256
streams = 1
units = 1
states = 1
generations = 0
population = 65536
iterations = 64
passes = 512
candidates = 16
attempts = 0
optimize = 1

scale = 0.300000f
startScale = 2.500000f
startResult = 10.000000f

FIRESTARTER_OPTIMIZE: Seed=0  Test=32  Generation=  2 *Result=0.00033593  Best=0.00033593   Time=0.1  Run Time=92.6
FIRESTARTER_OPTIMIZE: Seed=0  Test=32  Generation=  3 *Result=0.00018734  Best=0.00018734   Time=0.1  Run Time=93.1
FIRESTARTER_OPTIMIZE: Seed=0  Test=32  Generation=  4  Result=0.00028192  Best=0.00018734   Time=0.1  Run Time=93.5
FIRESTARTER_OPTIMIZE: Seed=0  Test=32  Generation=  5 *Result=0.00011721  Best=0.00011721   Time=0.1  Run Time=93.9
FIRESTARTER_OPTIMIZE: Seed=0  Test=32  Generation=  6 *Result=0.00005305  Best=0.00005305   Time=0.1  Run Time=94.4
FIRESTARTER_OPTIMIZE: Seed=0  Test=32  Generation=  7  Result=0.00066769  Best=0.00005305   Time=0.1  Run Time=94.8
FIRESTARTER_OPTIMIZE: Seed=0  Test=32  Generation=  8  Result=0.00010518  Best=0.00005305   Time=0.1  Run Time=95.2
FIRESTARTER_OPTIMIZE: Seed=0  Test=32  Generation=  9 *Result=0.00000016  Best=0.00000016   Time=0.1  Run Time=95.7
