CUDA devices = 1
Device 0: NVIDIA GeForce RTX 4090

variations = 1
instructions = 32
registers = 30
opcodes = 2
patternOpcodes = 4

targetMin = 0.000000f
targetMax = 6.283185f
target = 0.000001f

mode = FIRESTARTER_OPTIMIZE
evolveSeed = 0
optimizeSeed = 0
tests = 256
streams = 1
units = 1
states = 1
generations = 0
population = 49152
passes = 256
attempts = 0
optimize = 1

scale = 0.300000f
startScale = 2.500000f
startResult = 10.000000f

FIRESTARTER_OPTIMIZE: Seed=0  Test=156  Generation=  2 *Result=0.00010233  Best=0.00010233   Time=0.1  Run Time=433.3
FIRESTARTER_OPTIMIZE: Seed=0  Test=156  Generation=  3  Result=0.00010578  Best=0.00010233   Time=0.1  Run Time=433.6
FIRESTARTER_OPTIMIZE: Seed=0  Test=156  Generation=  4  Result=0.00023525  Best=0.00010233   Time=0.1  Run Time=433.9
FIRESTARTER_OPTIMIZE: Seed=0  Test=156  Generation=  5 *Result=0.00009039  Best=0.00009039   Time=0.1  Run Time=434.2
FIRESTARTER_OPTIMIZE: Seed=0  Test=156  Generation=  6  Result=0.00045960  Best=0.00009039   Time=0.1  Run Time=434.6
FIRESTARTER_OPTIMIZE: Seed=0  Test=156  Generation=  7 *Result=0.00000896  Best=0.00000896   Time=0.1  Run Time=434.9
FIRESTARTER_OPTIMIZE: Seed=0  Test=156  Generation=  8  Result=0.00005994  Best=0.00000896   Time=0.1  Run Time=435.2
FIRESTARTER_OPTIMIZE: Seed=0  Test=156  Generation=  9 *Result=0.00000020  Best=0.00000020   Time=0.1  Run Time=435.5
