CUDA devices = 1
Device 0: NVIDIA GeForce RTX 4090

variations = 1
samples = 15
instructions = 32
registers = 30
opcodes = 2
patternOpcodes = 4

targetMin = 0.000000f
targetMax = 6.283185f
target = 0.000001f

mode = FIRESTARTER_OPTIMIZE
evolveSeed = 0
optimizeSeed = 0
tests = 256
streams = 1
units = 1
states = 1
generations = 0
population = 65536
iterations = 64
passes = 512
candidates = 16
attempts = 0
optimize = 1

scale = 0.100000f
startScale = 3.000000f
startResult = 10.000000f

FIRESTARTER_OPTIMIZE: Seed=0  Test=143  Generation=  2 *Result=0.00004292  Best=0.00004292   Time=0.1  Run Time=930.7
FIRESTARTER_OPTIMIZE: Seed=0  Test=143  Generation=  3 *Result=0.00000375  Best=0.00000375   Time=0.1  Run Time=931.2
FIRESTARTER_OPTIMIZE: Seed=0  Test=143  Generation=  4  Result=0.00004545  Best=0.00000375   Time=0.1  Run Time=931.6
FIRESTARTER_OPTIMIZE: Seed=0  Test=143  Generation=  5  Result=0.00000501  Best=0.00000375   Time=0.1  Run Time=932.1
FIRESTARTER_OPTIMIZE: Seed=0  Test=143  Generation=  6 *Result=0.00000011  Best=0.00000011   Time=0.1  Run Time=932.5
