CUDA devices = 1
Device 0: NVIDIA GeForce RTX 4090

variations = 1
samples = 15
instructions = 32
registers = 30
opcodes = 2
patternOpcodes = 4

targetMin = 0.000000f
targetMax = 6.283185f
target = 0.000001f

mode = FIRESTARTER_OPTIMIZE
evolveSeed = 0
optimizeSeed = 0
tests = 256
streams = 1
units = 1
states = 1
generations = 0
population = 65536
iterations = 64
passes = 512
candidates = 16
attempts = 0
optimize = 1

scale = 0.100000f
startScale = 3.000000f
startResult = 10.000000f

FIRESTARTER_OPTIMIZE: Seed=0  Test=209  Generation=  2 *Result=0.00065283  Best=0.00065283   Time=0.1  Run Time=1288.8
FIRESTARTER_OPTIMIZE: Seed=0  Test=209  Generation=  3  Result=0.00251408  Best=0.00065283   Time=0.1  Run Time=1289.3
FIRESTARTER_OPTIMIZE: Seed=0  Test=209  Generation=  4 *Result=0.00023693  Best=0.00023693   Time=0.1  Run Time=1289.7
FIRESTARTER_OPTIMIZE: Seed=0  Test=209  Generation=  5  Result=0.00105652  Best=0.00023693   Time=0.1  Run Time=1290.2
FIRESTARTER_OPTIMIZE: Seed=0  Test=209  Generation=  6  Result=0.00613886  Best=0.00023693   Time=0.1  Run Time=1290.6
FIRESTARTER_OPTIMIZE: Seed=0  Test=209  Generation=  7 *Result=0.00023531  Best=0.00023531   Time=0.1  Run Time=1291.0
FIRESTARTER_OPTIMIZE: Seed=0  Test=209  Generation=  8  Result=0.00033901  Best=0.00023531   Time=0.1  Run Time=1291.5
FIRESTARTER_OPTIMIZE: Seed=0  Test=209  Generation=  9  Result=0.00030398  Best=0.00023531   Time=0.1  Run Time=1291.9
FIRESTARTER_OPTIMIZE: Seed=0  Test=209  Generation= 10 *Result=0.00010476  Best=0.00010476   Time=0.1  Run Time=1292.4
FIRESTARTER_OPTIMIZE: Seed=0  Test=209  Generation= 11  Result=0.00042283  Best=0.00010476   Time=0.1  Run Time=1292.8
FIRESTARTER_OPTIMIZE: Seed=0  Test=209  Generation= 12 *Result=0.00000439  Best=0.00000439   Time=0.1  Run Time=1293.2
FIRESTARTER_OPTIMIZE: Seed=0  Test=209  Generation= 13 *Result=0.00000021  Best=0.00000021   Time=0.1  Run Time=1293.7
