CUDA devices = 1
Device 0: NVIDIA GeForce RTX 4090

variations = 1
instructions = 32
registers = 30
opcodes = 2
patternOpcodes = 4

targetMin = 0.000000f
targetMax = 6.283185f
target = 0.000001f

mode = FIRESTARTER_OPTIMIZE
evolveSeed = 0
optimizeSeed = 0
tests = 256
streams = 1
units = 1
states = 1
generations = 0
population = 65536
passes = 512
attempts = 0
optimize = 1

scale = 0.300000f
startScale = 2.500000f
startResult = 10.000000f

FIRESTARTER_OPTIMIZE: Seed=0  Test=81  Generation=  2 *Result=0.00011736  Best=0.00011736   Time=0.1  Run Time=216.2
FIRESTARTER_OPTIMIZE: Seed=0  Test=81  Generation=  3  Result=0.00021523  Best=0.00011736   Time=0.1  Run Time=216.6
FIRESTARTER_OPTIMIZE: Seed=0  Test=81  Generation=  4  Result=0.00258148  Best=0.00011736   Time=0.1  Run Time=217.0
FIRESTARTER_OPTIMIZE: Seed=0  Test=81  Generation=  5 *Result=0.00000862  Best=0.00000862   Time=0.1  Run Time=217.3
FIRESTARTER_OPTIMIZE: Seed=0  Test=81  Generation=  6  Result=0.00005424  Best=0.00000862   Time=0.1  Run Time=217.7
FIRESTARTER_OPTIMIZE: Seed=0  Test=81  Generation=  7  Result=0.00002359  Best=0.00000862   Time=0.1  Run Time=218.1
FIRESTARTER_OPTIMIZE: Seed=0  Test=81  Generation=  8 *Result=0.00000244  Best=0.00000244   Time=0.1  Run Time=218.5
FIRESTARTER_OPTIMIZE: Seed=0  Test=81  Generation=  9  Result=0.00003573  Best=0.00000244   Time=0.1  Run Time=218.9
FIRESTARTER_OPTIMIZE: Seed=0  Test=81  Generation= 10 *Result=0.00000207  Best=0.00000207   Time=0.1  Run Time=219.3
FIRESTARTER_OPTIMIZE: Seed=0  Test=81  Generation= 11 *Result=0.00000037  Best=0.00000037   Time=0.1  Run Time=219.6
