CUDA devices = 1
Device 0: NVIDIA GeForce RTX 4090

variations = 1
samples = 15
instructions = 30
registers = 30
opcodes = 2
patternOpcodes = 4

targetMin = 0.000000f
targetMax = 6.283185f
target = 0.000001f

mode = FIRESTARTER_OPTIMIZE
evolveSeed = 0
optimizeSeed = 0
tests = 256
streams = 1
units = 1
states = 1
generations = 0
population = 65536
iterations = 64
passes = 512
candidates = 16
attempts = 0
optimize = 1

scale = 0.300000f
startScale = 2.500000f
startResult = 10.000000f

FIRESTARTER_OPTIMIZE: Seed=0  Test=82  Generation=  2 *Result=0.00614383  Best=0.00614383   Time=0.1  Run Time=259.4
FIRESTARTER_OPTIMIZE: Seed=0  Test=82  Generation=  3 *Result=0.00001511  Best=0.00001511   Time=0.1  Run Time=259.8
FIRESTARTER_OPTIMIZE: Seed=0  Test=82  Generation=  4 *Result=0.00000498  Best=0.00000498   Time=0.1  Run Time=260.2
FIRESTARTER_OPTIMIZE: Seed=0  Test=82  Generation=  5  Result=0.00002541  Best=0.00000498   Time=0.1  Run Time=260.7
FIRESTARTER_OPTIMIZE: Seed=0  Test=82  Generation=  6  Result=0.00010028  Best=0.00000498   Time=0.1  Run Time=261.1
FIRESTARTER_OPTIMIZE: Seed=0  Test=82  Generation=  7  Result=0.00001310  Best=0.00000498   Time=0.1  Run Time=261.5
FIRESTARTER_OPTIMIZE: Seed=0  Test=82  Generation=  8  Result=0.00018230  Best=0.00000498   Time=0.1  Run Time=262.0
FIRESTARTER_OPTIMIZE: Seed=0  Test=82  Generation=  9  Result=0.00098881  Best=0.00000498   Time=0.1  Run Time=262.4
FIRESTARTER_OPTIMIZE: Seed=0  Test=82  Generation= 10 *Result=0.00000072  Best=0.00000072   Time=0.1  Run Time=262.8
