CUDA devices = 1
Device 0: NVIDIA GeForce RTX 4090

variations = 1
instructions = 32
registers = 30
opcodes = 2
patternOpcodes = 4

targetMin = 0.000000f
targetMax = 6.283185f
target = 0.000001f

mode = FIRESTARTER_OPTIMIZE
evolveSeed = 1
optimizeSeed = 1
tests = 256
streams = 1
units = 1
states = 1
generations = 0
population = 65536
passes = 384
attempts = 0
optimize = 1

scale = 0.300000f
startScale = 2.500000f
startResult = 10.000000f

FIRESTARTER_OPTIMIZE: Seed=1  Test=47  Generation=  2 *Result=0.00011134  Best=0.00011134   Time=0.1  Run Time=109.4
FIRESTARTER_OPTIMIZE: Seed=1  Test=47  Generation=  3  Result=0.00023627  Best=0.00011134   Time=0.1  Run Time=109.8
FIRESTARTER_OPTIMIZE: Seed=1  Test=47  Generation=  4  Result=0.00613681  Best=0.00011134   Time=0.1  Run Time=110.2
FIRESTARTER_OPTIMIZE: Seed=1  Test=47  Generation=  5 *Result=0.00002354  Best=0.00002354   Time=0.1  Run Time=110.5
FIRESTARTER_OPTIMIZE: Seed=1  Test=47  Generation=  6  Result=0.00021440  Best=0.00002354   Time=0.1  Run Time=110.9
FIRESTARTER_OPTIMIZE: Seed=1  Test=47  Generation=  7  Result=0.00150629  Best=0.00002354   Time=0.1  Run Time=111.3
FIRESTARTER_OPTIMIZE: Seed=1  Test=47  Generation=  8 *Result=0.00000104  Best=0.00000104   Time=0.1  Run Time=111.6
FIRESTARTER_OPTIMIZE: Seed=1  Test=47  Generation=  9  Result=0.00246956  Best=0.00000104   Time=0.1  Run Time=112.0
FIRESTARTER_OPTIMIZE: Seed=1  Test=47  Generation= 10  Result=0.00018817  Best=0.00000104   Time=0.1  Run Time=112.4
FIRESTARTER_OPTIMIZE: Seed=1  Test=47  Generation= 11  Result=0.00008135  Best=0.00000104   Time=0.1  Run Time=112.7
FIRESTARTER_OPTIMIZE: Seed=1  Test=47  Generation= 12 *Result=0.00000046  Best=0.00000046   Time=0.1  Run Time=113.1
