CUDA devices = 1
Device 0: NVIDIA GeForce RTX 4090

variations = 1
samples = 15
instructions = 32
registers = 30
opcodes = 2
patternOpcodes = 4

targetMin = 0.000000f
targetMax = 6.283185f
target = 0.000001f

mode = FIRESTARTER_OPTIMIZE
evolveSeed = 0
optimizeSeed = 0
tests = 256
streams = 1
units = 1
states = 1
generations = 0
population = 65536
iterations = 64
passes = 512
candidates = 16
attempts = 0
optimize = 1

scale = 0.100000f
startScale = 3.000000f
startResult = 10.000000f

FIRESTARTER_OPTIMIZE: Seed=0  Test=89  Generation=  2 *Result=0.00018250  Best=0.00018250   Time=0.1  Run Time=567.7
FIRESTARTER_OPTIMIZE: Seed=0  Test=89  Generation=  3  Result=0.00028503  Best=0.00018250   Time=0.1  Run Time=568.2
FIRESTARTER_OPTIMIZE: Seed=0  Test=89  Generation=  4  Result=0.00199609  Best=0.00018250   Time=0.1  Run Time=568.6
FIRESTARTER_OPTIMIZE: Seed=0  Test=89  Generation=  5 *Result=0.00017796  Best=0.00017796   Time=0.1  Run Time=569.1
FIRESTARTER_OPTIMIZE: Seed=0  Test=89  Generation=  6 *Result=0.00008696  Best=0.00008696   Time=0.1  Run Time=569.5
FIRESTARTER_OPTIMIZE: Seed=0  Test=89  Generation=  7 *Result=0.00000173  Best=0.00000173   Time=0.1  Run Time=570.0
FIRESTARTER_OPTIMIZE: Seed=0  Test=89  Generation=  8  Result=0.00018224  Best=0.00000173   Time=0.1  Run Time=570.4
FIRESTARTER_OPTIMIZE: Seed=0  Test=89  Generation=  9  Result=0.00165572  Best=0.00000173   Time=0.1  Run Time=570.9
FIRESTARTER_OPTIMIZE: Seed=0  Test=89  Generation= 10  Result=0.00002832  Best=0.00000173   Time=0.1  Run Time=571.3
FIRESTARTER_OPTIMIZE: Seed=0  Test=89  Generation= 11  Result=0.00002879  Best=0.00000173   Time=0.1  Run Time=571.8
FIRESTARTER_OPTIMIZE: Seed=0  Test=89  Generation= 12  Result=0.00022295  Best=0.00000173   Time=0.1  Run Time=572.2
FIRESTARTER_OPTIMIZE: Seed=0  Test=89  Generation= 13  Result=0.00001465  Best=0.00000173   Time=0.1  Run Time=572.7
FIRESTARTER_OPTIMIZE: Seed=0  Test=89  Generation= 14 *Result=0.00000015  Best=0.00000015   Time=0.1  Run Time=573.2
