CUDA devices = 1
Device 0: NVIDIA GeForce RTX 4090

variations = 1
samples = 15
instructions = 32
registers = 30
opcodes = 2
patternOpcodes = 4

targetMin = 0.000000f
targetMax = 6.283185f
target = 0.000001f

mode = FIRESTARTER_OPTIMIZE
evolveSeed = 0
optimizeSeed = 0
tests = 256
streams = 1
units = 1
states = 1
generations = 0
population = 65536
iterations = 64
passes = 512
candidates = 16
attempts = 0
optimize = 1

scale = 0.100000f
startScale = 2.500000f
startResult = 10.000000f

FIRESTARTER_OPTIMIZE: Seed=0  Test=111  Generation=  2 *Result=0.00010783  Best=0.00010783   Time=0.1  Run Time=669.9
FIRESTARTER_OPTIMIZE: Seed=0  Test=111  Generation=  3 *Result=0.00000252  Best=0.00000252   Time=0.1  Run Time=670.3
FIRESTARTER_OPTIMIZE: Seed=0  Test=111  Generation=  4  Result=0.00000252  Best=0.00000252   Time=0.1  Run Time=670.8
FIRESTARTER_OPTIMIZE: Seed=0  Test=111  Generation=  5  Result=0.00058524  Best=0.00000252   Time=0.1  Run Time=671.2
FIRESTARTER_OPTIMIZE: Seed=0  Test=111  Generation=  6  Result=0.00097230  Best=0.00000252   Time=0.1  Run Time=671.6
FIRESTARTER_OPTIMIZE: Seed=0  Test=111  Generation=  7  Result=0.00226516  Best=0.00000252   Time=0.1  Run Time=672.1
FIRESTARTER_OPTIMIZE: Seed=0  Test=111  Generation=  8  Result=0.00018206  Best=0.00000252   Time=0.1  Run Time=672.5
FIRESTARTER_OPTIMIZE: Seed=0  Test=111  Generation=  9 *Result=0.00000232  Best=0.00000232   Time=0.1  Run Time=673.0
FIRESTARTER_OPTIMIZE: Seed=0  Test=111  Generation= 10  Result=0.00001383  Best=0.00000232   Time=0.1  Run Time=673.4
FIRESTARTER_OPTIMIZE: Seed=0  Test=111  Generation= 11  Result=0.00614617  Best=0.00000232   Time=0.1  Run Time=673.9
FIRESTARTER_OPTIMIZE: Seed=0  Test=111  Generation= 12 *Result=0.00000063  Best=0.00000063   Time=0.1  Run Time=674.3
