CUDA devices = 1
Device 0: NVIDIA GeForce RTX 4090

variations = 1
instructions = 32
registers = 30
opcodes = 2
patternOpcodes = 4

targetMin = 0.000000f
targetMax = 6.283185f
target = 0.000001f

mode = FIRESTARTER_OPTIMIZE
evolveSeed = 0
optimizeSeed = 0
tests = 256
streams = 1
units = 1
states = 1
generations = 0
population = 65536
passes = 512
attempts = 0
optimize = 1

scale = 0.300000f
startScale = 2.500000f
startResult = 10.000000f

FIRESTARTER_OPTIMIZE: Seed=0  Test=54  Generation=  2 *Result=0.00003207  Best=0.00003207   Time=0.1  Run Time=165.7
FIRESTARTER_OPTIMIZE: Seed=0  Test=54  Generation=  3 *Result=0.00000268  Best=0.00000268   Time=0.1  Run Time=166.1
FIRESTARTER_OPTIMIZE: Seed=0  Test=54  Generation=  4  Result=0.00010357  Best=0.00000268   Time=0.1  Run Time=166.5
FIRESTARTER_OPTIMIZE: Seed=0  Test=54  Generation=  5  Result=0.00018794  Best=0.00000268   Time=0.1  Run Time=166.9
FIRESTARTER_OPTIMIZE: Seed=0  Test=54  Generation=  6  Result=0.00046635  Best=0.00000268   Time=0.1  Run Time=167.3
FIRESTARTER_OPTIMIZE: Seed=0  Test=54  Generation=  7  Result=0.00005554  Best=0.00000268   Time=0.1  Run Time=167.7
FIRESTARTER_OPTIMIZE: Seed=0  Test=54  Generation=  8 *Result=0.00000215  Best=0.00000215   Time=0.1  Run Time=168.1
FIRESTARTER_OPTIMIZE: Seed=0  Test=54  Generation=  9 *Result=0.00000012  Best=0.00000012   Time=0.1  Run Time=168.5
