CUDA devices = 1
Device 0: NVIDIA GeForce RTX 4090

variations = 1
samples = 15
instructions = 32
registers = 30
opcodes = 2
patternOpcodes = 4

targetMin = 0.000000f
targetMax = 6.283185f
target = 0.000001f

mode = FIRESTARTER_OPTIMIZE
evolveSeed = 123
optimizeSeed = 123
tests = 256
streams = 1
units = 1
states = 1
generations = 0
population = 65536
iterations = 64
passes = 512
candidates = 16
attempts = 0
optimize = 1

scale = 0.300000f
startScale = 2.500000f
startResult = 10.000000f

FIRESTARTER_OPTIMIZE: Seed=123  Test=167  Generation=  2 *Result=0.00003833  Best=0.00003833   Time=0.1  Run Time=550.1
FIRESTARTER_OPTIMIZE: Seed=123  Test=167  Generation=  3  Result=0.00006519  Best=0.00003833   Time=0.1  Run Time=550.4
FIRESTARTER_OPTIMIZE: Seed=123  Test=167  Generation=  4  Result=0.00613923  Best=0.00003833   Time=0.1  Run Time=550.8
FIRESTARTER_OPTIMIZE: Seed=123  Test=167  Generation=  5 *Result=0.00001841  Best=0.00001841   Time=0.1  Run Time=551.2
FIRESTARTER_OPTIMIZE: Seed=123  Test=167  Generation=  6  Result=0.00026041  Best=0.00001841   Time=0.1  Run Time=551.6
FIRESTARTER_OPTIMIZE: Seed=123  Test=167  Generation=  7 *Result=0.00000033  Best=0.00000033   Time=0.1  Run Time=551.9
