CUDA devices = 1
Device 0: NVIDIA GeForce RTX 4090

variations = 1
samples = 15
instructions = 32
registers = 30
opcodes = 2
patternOpcodes = 4

targetMin = 0.000000f
targetMax = 6.283185f
target = 0.000001f

mode = FIRESTARTER_OPTIMIZE
evolveSeed = 0
optimizeSeed = 0
tests = 256
streams = 1
units = 1
states = 1
generations = 0
population = 65536
iterations = 64
passes = 512
candidates = 16
attempts = 0
optimize = 1

scale = 0.100000f
startScale = 4.000000f
startResult = 10.000000f

FIRESTARTER_OPTIMIZE: Seed=0  Test=142  Generation=  2 *Result=0.00005114  Best=0.00005114   Time=0.1  Run Time=1104.5
FIRESTARTER_OPTIMIZE: Seed=0  Test=142  Generation=  3  Result=0.00062426  Best=0.00005114   Time=0.1  Run Time=1105.0
FIRESTARTER_OPTIMIZE: Seed=0  Test=142  Generation=  4  Result=0.00017252  Best=0.00005114   Time=0.1  Run Time=1105.4
FIRESTARTER_OPTIMIZE: Seed=0  Test=142  Generation=  5  Result=0.00055243  Best=0.00005114   Time=0.1  Run Time=1105.9
FIRESTARTER_OPTIMIZE: Seed=0  Test=142  Generation=  6 *Result=0.00000307  Best=0.00000307   Time=0.1  Run Time=1106.4
FIRESTARTER_OPTIMIZE: Seed=0  Test=142  Generation=  7  Result=0.00613998  Best=0.00000307   Time=0.1  Run Time=1106.8
FIRESTARTER_OPTIMIZE: Seed=0  Test=142  Generation=  8  Result=0.00088673  Best=0.00000307   Time=0.1  Run Time=1107.3
FIRESTARTER_OPTIMIZE: Seed=0  Test=142  Generation=  9  Result=0.00008202  Best=0.00000307   Time=0.1  Run Time=1107.8
FIRESTARTER_OPTIMIZE: Seed=0  Test=142  Generation= 10  Result=0.00000488  Best=0.00000307   Time=0.1  Run Time=1108.3
FIRESTARTER_OPTIMIZE: Seed=0  Test=142  Generation= 11 *Result=0.00000259  Best=0.00000259   Time=0.1  Run Time=1108.7
FIRESTARTER_OPTIMIZE: Seed=0  Test=142  Generation= 12 *Result=0.00000077  Best=0.00000077   Time=0.1  Run Time=1109.2
