CUDA devices = 1
Device 0: NVIDIA GeForce RTX 4090

variations = 1
instructions = 32
registers = 30
opcodes = 2
patternOpcodes = 4

targetMin = 0.000000f
targetMax = 6.283185f
target = 0.000001f

mode = FIRESTARTER_OPTIMIZE
evolveSeed = 1
optimizeSeed = 1
tests = 256
streams = 1
units = 1
states = 1
generations = 0
population = 49152
passes = 384
attempts = 0
optimize = 1

scale = 0.300000f
startScale = 2.500000f
startResult = 10.000000f

FIRESTARTER_OPTIMIZE: Seed=1  Test=37  Generation=  2 *Result=0.00018865  Best=0.00018865   Time=0.1  Run Time=102.0
FIRESTARTER_OPTIMIZE: Seed=1  Test=37  Generation=  3  Result=0.00046158  Best=0.00018865   Time=0.1  Run Time=102.4
FIRESTARTER_OPTIMIZE: Seed=1  Test=37  Generation=  4  Result=0.00023538  Best=0.00018865   Time=0.1  Run Time=102.7
FIRESTARTER_OPTIMIZE: Seed=1  Test=37  Generation=  5 *Result=0.00009392  Best=0.00009392   Time=0.1  Run Time=103.1
FIRESTARTER_OPTIMIZE: Seed=1  Test=37  Generation=  6 *Result=0.00006229  Best=0.00006229   Time=0.1  Run Time=103.4
FIRESTARTER_OPTIMIZE: Seed=1  Test=37  Generation=  7  Result=0.00014506  Best=0.00006229   Time=0.1  Run Time=103.8
FIRESTARTER_OPTIMIZE: Seed=1  Test=37  Generation=  8 *Result=0.00001746  Best=0.00001746   Time=0.1  Run Time=104.1
FIRESTARTER_OPTIMIZE: Seed=1  Test=37  Generation=  9  Result=0.00050664  Best=0.00001746   Time=0.1  Run Time=104.4
FIRESTARTER_OPTIMIZE: Seed=1  Test=37  Generation= 10 *Result=0.00000082  Best=0.00000082   Time=0.1  Run Time=104.8
