CUDA devices = 1
Device 0: NVIDIA GeForce RTX 4090

variations = 1
instructions = 32
registers = 30
opcodes = 2
patternOpcodes = 4

targetMin = 0.000000f
targetMax = 6.283185f
target = 0.000001f

mode = FIRESTARTER_OPTIMIZE
evolveSeed = 1
optimizeSeed = 1
tests = 256
streams = 1
units = 1
states = 1
generations = 0
population = 65536
passes = 384
attempts = 0
optimize = 1

scale = 0.300000f
startScale = 2.500000f
startResult = 10.000000f

FIRESTARTER_OPTIMIZE: Seed=1  Test=153  Generation=  2 *Result=0.00035465  Best=0.00035465   Time=0.1  Run Time=426.9
FIRESTARTER_OPTIMIZE: Seed=1  Test=153  Generation=  3 *Result=0.00004025  Best=0.00004025   Time=0.1  Run Time=427.3
FIRESTARTER_OPTIMIZE: Seed=1  Test=153  Generation=  4  Result=0.00078434  Best=0.00004025   Time=0.1  Run Time=427.6
FIRESTARTER_OPTIMIZE: Seed=1  Test=153  Generation=  5  Result=0.00101483  Best=0.00004025   Time=0.1  Run Time=428.0
FIRESTARTER_OPTIMIZE: Seed=1  Test=153  Generation=  6  Result=0.00018474  Best=0.00004025   Time=0.1  Run Time=428.3
FIRESTARTER_OPTIMIZE: Seed=1  Test=153  Generation=  7  Result=0.00006104  Best=0.00004025   Time=0.1  Run Time=428.6
FIRESTARTER_OPTIMIZE: Seed=1  Test=153  Generation=  8 *Result=0.00000771  Best=0.00000771   Time=0.1  Run Time=429.0
FIRESTARTER_OPTIMIZE: Seed=1  Test=153  Generation=  9  Result=0.00221236  Best=0.00000771   Time=0.1  Run Time=429.3
FIRESTARTER_OPTIMIZE: Seed=1  Test=153  Generation= 10 *Result=0.00000033  Best=0.00000033   Time=0.1  Run Time=429.6
