CUDA devices = 1
Device 0: NVIDIA GeForce RTX 4090

variations = 1
instructions = 32
registers = 30
opcodes = 2
patternOpcodes = 4

targetMin = 0.000000f
targetMax = 6.283185f
target = 0.000001f

mode = FIRESTARTER_OPTIMIZE
evolveSeed = 1
optimizeSeed = 1
tests = 256
streams = 1
units = 1
states = 1
generations = 0
population = 65536
passes = 512
attempts = 0
optimize = 1

scale = 0.300000f
startScale = 2.500000f
startResult = 10.000000f

FIRESTARTER_OPTIMIZE: Seed=1  Test=147  Generation=  2 *Result=0.00028694  Best=0.00028694   Time=0.1  Run Time=470.6
FIRESTARTER_OPTIMIZE: Seed=1  Test=147  Generation=  3  Result=0.00289479  Best=0.00028694   Time=0.1  Run Time=471.0
FIRESTARTER_OPTIMIZE: Seed=1  Test=147  Generation=  4 *Result=0.00007409  Best=0.00007409   Time=0.1  Run Time=471.5
FIRESTARTER_OPTIMIZE: Seed=1  Test=147  Generation=  5 *Result=0.00002931  Best=0.00002931   Time=0.1  Run Time=471.9
FIRESTARTER_OPTIMIZE: Seed=1  Test=147  Generation=  6  Result=0.00018543  Best=0.00002931   Time=0.1  Run Time=472.3
FIRESTARTER_OPTIMIZE: Seed=1  Test=147  Generation=  7  Result=0.00012681  Best=0.00002931   Time=0.1  Run Time=472.7
FIRESTARTER_OPTIMIZE: Seed=1  Test=147  Generation=  8  Result=0.00064272  Best=0.00002931   Time=0.1  Run Time=473.2
FIRESTARTER_OPTIMIZE: Seed=1  Test=147  Generation=  9 *Result=0.00000014  Best=0.00000014   Time=0.1  Run Time=473.6
