CUDA devices = 1
Device 0: NVIDIA GeForce RTX 4090

variations = 1
samples = 15
instructions = 32
registers = 30
opcodes = 2
patternOpcodes = 4

targetMin = 0.000000f
targetMax = 6.283185f
target = 0.000001f

mode = FIRESTARTER_OPTIMIZE
evolveSeed = 0
optimizeSeed = 0
tests = 256
streams = 1
units = 1
states = 1
generations = 0
population = 65536
iterations = 64
passes = 512
candidates = 16
attempts = 0
optimize = 1

scale = 0.200000f
startScale = 2.500000f
startResult = 10.000000f

FIRESTARTER_OPTIMIZE: Seed=0  Test=181  Generation=  2 *Result=0.00000425  Best=0.00000425   Time=0.1  Run Time=787.8
FIRESTARTER_OPTIMIZE: Seed=0  Test=181  Generation=  3  Result=0.00006923  Best=0.00000425   Time=0.1  Run Time=788.3
FIRESTARTER_OPTIMIZE: Seed=0  Test=181  Generation=  4  Result=0.00042826  Best=0.00000425   Time=0.1  Run Time=788.7
FIRESTARTER_OPTIMIZE: Seed=0  Test=181  Generation=  5  Result=0.00168655  Best=0.00000425   Time=0.1  Run Time=789.2
FIRESTARTER_OPTIMIZE: Seed=0  Test=181  Generation=  6  Result=0.00000465  Best=0.00000425   Time=0.1  Run Time=789.6
FIRESTARTER_OPTIMIZE: Seed=0  Test=181  Generation=  7  Result=0.00020416  Best=0.00000425   Time=0.1  Run Time=790.1
FIRESTARTER_OPTIMIZE: Seed=0  Test=181  Generation=  8 *Result=0.00000232  Best=0.00000232   Time=0.1  Run Time=790.5
FIRESTARTER_OPTIMIZE: Seed=0  Test=181  Generation=  9  Result=0.00001251  Best=0.00000232   Time=0.1  Run Time=790.9
FIRESTARTER_OPTIMIZE: Seed=0  Test=181  Generation= 10  Result=0.00025623  Best=0.00000232   Time=0.1  Run Time=791.4
FIRESTARTER_OPTIMIZE: Seed=0  Test=181  Generation= 11  Result=0.00000282  Best=0.00000232   Time=0.1  Run Time=791.8
FIRESTARTER_OPTIMIZE: Seed=0  Test=181  Generation= 12 *Result=0.00000011  Best=0.00000011   Time=0.1  Run Time=792.3
