CUDA devices = 1
Device 0: NVIDIA GeForce RTX 4090

variations = 1
instructions = 32
registers = 30
opcodes = 2
patternOpcodes = 4

targetMin = 0.000000f
targetMax = 6.283185f
target = 0.000001f

mode = FIRESTARTER_OPTIMIZE
evolveSeed = 0
optimizeSeed = 0
tests = 256
streams = 1
units = 1
states = 1
generations = 0
population = 65536
passes = 512
attempts = 0
optimize = 1

scale = 0.300000f
startScale = 2.500000f
startResult = 10.000000f

FIRESTARTER_OPTIMIZE: Seed=0  Test=202  Generation=  2 *Result=0.00000248  Best=0.00000248   Time=0.1  Run Time=562.5
FIRESTARTER_OPTIMIZE: Seed=0  Test=202  Generation=  3  Result=0.00022911  Best=0.00000248   Time=0.1  Run Time=562.9
FIRESTARTER_OPTIMIZE: Seed=0  Test=202  Generation=  4  Result=0.00009860  Best=0.00000248   Time=0.1  Run Time=563.2
FIRESTARTER_OPTIMIZE: Seed=0  Test=202  Generation=  5  Result=0.00033817  Best=0.00000248   Time=0.1  Run Time=563.6
FIRESTARTER_OPTIMIZE: Seed=0  Test=202  Generation=  6  Result=0.00000799  Best=0.00000248   Time=0.1  Run Time=563.9
FIRESTARTER_OPTIMIZE: Seed=0  Test=202  Generation=  7 *Result=0.00000017  Best=0.00000017   Time=0.1  Run Time=564.3
