CUDA devices = 1
Device 0: NVIDIA GeForce RTX 4090

variations = 1
instructions = 32
registers = 30
opcodes = 2
patternOpcodes = 4

targetMin = 0.000000f
targetMax = 6.283185f
target = 0.000001f

mode = FIRESTARTER_OPTIMIZE
evolveSeed = 0
optimizeSeed = 0
tests = 256
streams = 1
units = 1
states = 1
generations = 0
population = 65536
passes = 512
attempts = 0
optimize = 1

scale = 0.300000f
startScale = 2.500000f
startResult = 10.000000f

FIRESTARTER_OPTIMIZE: Seed=0  Test=116  Generation=  2 *Result=0.00000433  Best=0.00000433   Time=0.1  Run Time=314.6
FIRESTARTER_OPTIMIZE: Seed=0  Test=116  Generation=  3  Result=0.00003654  Best=0.00000433   Time=0.1  Run Time=315.0
FIRESTARTER_OPTIMIZE: Seed=0  Test=116  Generation=  4  Result=0.00007099  Best=0.00000433   Time=0.1  Run Time=315.4
FIRESTARTER_OPTIMIZE: Seed=0  Test=116  Generation=  5  Result=0.00009988  Best=0.00000433   Time=0.1  Run Time=315.7
FIRESTARTER_OPTIMIZE: Seed=0  Test=116  Generation=  6  Result=0.00009943  Best=0.00000433   Time=0.1  Run Time=316.1
FIRESTARTER_OPTIMIZE: Seed=0  Test=116  Generation=  7  Result=0.00007341  Best=0.00000433   Time=0.1  Run Time=316.5
FIRESTARTER_OPTIMIZE: Seed=0  Test=116  Generation=  8  Result=0.00018230  Best=0.00000433   Time=0.1  Run Time=316.9
FIRESTARTER_OPTIMIZE: Seed=0  Test=116  Generation=  9 *Result=0.00000152  Best=0.00000152   Time=0.1  Run Time=317.2
FIRESTARTER_OPTIMIZE: Seed=0  Test=116  Generation= 10  Result=0.00003001  Best=0.00000152   Time=0.1  Run Time=317.6
FIRESTARTER_OPTIMIZE: Seed=0  Test=116  Generation= 11  Result=0.00001674  Best=0.00000152   Time=0.1  Run Time=318.0
FIRESTARTER_OPTIMIZE: Seed=0  Test=116  Generation= 12 *Result=0.00000010  Best=0.00000010   Time=0.1  Run Time=318.4
