CUDA devices = 1
Device 0: NVIDIA GeForce RTX 4090

variations = 1
samples = 15
instructions = 32
registers = 30
opcodes = 2
patternOpcodes = 4

targetMin = 0.000000f
targetMax = 6.283185f
target = 0.000001f

mode = FIRESTARTER_OPTIMIZE
evolveSeed = 0
optimizeSeed = 0
tests = 256
streams = 1
units = 1
states = 1
generations = 0
population = 65536
iterations = 64
passes = 512
candidates = 16
attempts = 0
optimize = 1

scale = 0.100000f
startScale = 2.500000f
startResult = 10.000000f

FIRESTARTER_OPTIMIZE: Seed=0  Test=219  Generation=  2 *Result=0.00000113  Best=0.00000113   Time=0.1  Run Time=1177.5
FIRESTARTER_OPTIMIZE: Seed=0  Test=219  Generation=  3  Result=0.00034124  Best=0.00000113   Time=0.1  Run Time=1178.0
FIRESTARTER_OPTIMIZE: Seed=0  Test=219  Generation=  4  Result=0.00007728  Best=0.00000113   Time=0.1  Run Time=1178.4
FIRESTARTER_OPTIMIZE: Seed=0  Test=219  Generation=  5  Result=0.00041544  Best=0.00000113   Time=0.1  Run Time=1178.8
FIRESTARTER_OPTIMIZE: Seed=0  Test=219  Generation=  6  Result=0.00168394  Best=0.00000113   Time=0.1  Run Time=1179.3
FIRESTARTER_OPTIMIZE: Seed=0  Test=219  Generation=  7  Result=0.00006399  Best=0.00000113   Time=0.1  Run Time=1179.7
FIRESTARTER_OPTIMIZE: Seed=0  Test=219  Generation=  8  Result=0.00000241  Best=0.00000113   Time=0.1  Run Time=1180.2
FIRESTARTER_OPTIMIZE: Seed=0  Test=219  Generation=  9  Result=0.00139248  Best=0.00000113   Time=0.1  Run Time=1180.6
FIRESTARTER_OPTIMIZE: Seed=0  Test=219  Generation= 10  Result=0.00003104  Best=0.00000113   Time=0.1  Run Time=1181.1
FIRESTARTER_OPTIMIZE: Seed=0  Test=219  Generation= 11  Result=0.00000122  Best=0.00000113   Time=0.1  Run Time=1181.6
FIRESTARTER_OPTIMIZE: Seed=0  Test=219  Generation= 12  Result=0.00000244  Best=0.00000113   Time=0.1  Run Time=1182.0
FIRESTARTER_OPTIMIZE: Seed=0  Test=219  Generation= 13 *Result=0.00000027  Best=0.00000027   Time=0.1  Run Time=1182.4
