CUDA devices = 1
Device 0: NVIDIA GeForce RTX 4090

variations = 1
instructions = 32
registers = 30
opcodes = 2
patternOpcodes = 4

targetMin = 0.000000f
targetMax = 6.283185f
target = 0.000001f

mode = FIRESTARTER_OPTIMIZE
evolveSeed = 1
optimizeSeed = 1
tests = 256
streams = 1
units = 1
states = 1
generations = 0
population = 49152
passes = 512
attempts = 0
optimize = 1

scale = 0.300000f
startScale = 2.500000f
startResult = 10.000000f

FIRESTARTER_OPTIMIZE: Seed=1  Test=73  Generation=  2 *Result=0.00000222  Best=0.00000222   Time=0.1  Run Time=207.6
FIRESTARTER_OPTIMIZE: Seed=1  Test=73  Generation=  3  Result=0.00000861  Best=0.00000222   Time=0.1  Run Time=208.0
FIRESTARTER_OPTIMIZE: Seed=1  Test=73  Generation=  4  Result=0.00001025  Best=0.00000222   Time=0.1  Run Time=208.3
FIRESTARTER_OPTIMIZE: Seed=1  Test=73  Generation=  5  Result=0.00000423  Best=0.00000222   Time=0.1  Run Time=208.7
FIRESTARTER_OPTIMIZE: Seed=1  Test=73  Generation=  6  Result=0.00018686  Best=0.00000222   Time=0.1  Run Time=209.0
FIRESTARTER_OPTIMIZE: Seed=1  Test=73  Generation=  7  Result=0.00012684  Best=0.00000222   Time=0.1  Run Time=209.4
FIRESTARTER_OPTIMIZE: Seed=1  Test=73  Generation=  8  Result=0.00020075  Best=0.00000222   Time=0.1  Run Time=209.7
FIRESTARTER_OPTIMIZE: Seed=1  Test=73  Generation=  9  Result=0.00003529  Best=0.00000222   Time=0.1  Run Time=210.1
FIRESTARTER_OPTIMIZE: Seed=1  Test=73  Generation= 10  Result=0.00150043  Best=0.00000222   Time=0.1  Run Time=210.5
FIRESTARTER_OPTIMIZE: Seed=1  Test=73  Generation= 11  Result=0.00001621  Best=0.00000222   Time=0.1  Run Time=210.8
FIRESTARTER_OPTIMIZE: Seed=1  Test=73  Generation= 12 *Result=0.00000031  Best=0.00000031   Time=0.1  Run Time=211.2
