CUDA devices = 1
Device 0: NVIDIA GeForce RTX 4090

variations = 1
instructions = 32
registers = 30
opcodes = 2
patternOpcodes = 4

targetMin = 0.000000f
targetMax = 6.283185f
target = 0.000001f

mode = FIRESTARTER_OPTIMIZE
evolveSeed = 1
optimizeSeed = 1
tests = 256
streams = 1
units = 1
states = 1
generations = 0
population = 65536
passes = 512
attempts = 0
optimize = 1

scale = 0.300000f
startScale = 2.500000f
startResult = 10.000000f

FIRESTARTER_OPTIMIZE: Seed=1  Test=222  Generation=  2 *Result=0.00025207  Best=0.00025207   Time=0.1  Run Time=636.2
FIRESTARTER_OPTIMIZE: Seed=1  Test=222  Generation=  3 *Result=0.00018800  Best=0.00018800   Time=0.1  Run Time=636.6
FIRESTARTER_OPTIMIZE: Seed=1  Test=222  Generation=  4  Result=0.00023682  Best=0.00018800   Time=0.2  Run Time=637.0
FIRESTARTER_OPTIMIZE: Seed=1  Test=222  Generation=  5 *Result=0.00013530  Best=0.00013530   Time=0.1  Run Time=637.4
FIRESTARTER_OPTIMIZE: Seed=1  Test=222  Generation=  6  Result=0.00044307  Best=0.00013530   Time=0.2  Run Time=637.8
FIRESTARTER_OPTIMIZE: Seed=1  Test=222  Generation=  7 *Result=0.00000143  Best=0.00000143   Time=0.1  Run Time=638.1
FIRESTARTER_OPTIMIZE: Seed=1  Test=222  Generation=  8  Result=0.00150208  Best=0.00000143   Time=0.1  Run Time=638.5
FIRESTARTER_OPTIMIZE: Seed=1  Test=222  Generation=  9  Result=0.00000396  Best=0.00000143   Time=0.1  Run Time=638.9
FIRESTARTER_OPTIMIZE: Seed=1  Test=222  Generation= 10  Result=0.00001699  Best=0.00000143   Time=0.1  Run Time=639.3
FIRESTARTER_OPTIMIZE: Seed=1  Test=222  Generation= 11  Result=0.00002599  Best=0.00000143   Time=0.1  Run Time=639.7
FIRESTARTER_OPTIMIZE: Seed=1  Test=222  Generation= 12 *Result=0.00000061  Best=0.00000061   Time=0.1  Run Time=640.0
