CUDA devices = 1
Device 0: NVIDIA GeForce RTX 4090

variations = 1
instructions = 32
registers = 30
opcodes = 2
patternOpcodes = 4

targetMin = 0.000000f
targetMax = 6.283185f
target = 0.000001f

mode = FIRESTARTER_OPTIMIZE
evolveSeed = 1
optimizeSeed = 1
tests = 256
streams = 1
units = 1
states = 1
generations = 0
population = 49152
passes = 512
attempts = 0
optimize = 1

scale = 0.300000f
startScale = 2.500000f
startResult = 10.000000f

FIRESTARTER_OPTIMIZE: Seed=1  Test=37  Generation=  2 *Result=0.00018793  Best=0.00018793   Time=0.1  Run Time=105.4
FIRESTARTER_OPTIMIZE: Seed=1  Test=37  Generation=  3  Result=0.00045958  Best=0.00018793   Time=0.1  Run Time=105.7
FIRESTARTER_OPTIMIZE: Seed=1  Test=37  Generation=  4  Result=0.00023538  Best=0.00018793   Time=0.1  Run Time=106.1
FIRESTARTER_OPTIMIZE: Seed=1  Test=37  Generation=  5 *Result=0.00009107  Best=0.00009107   Time=0.1  Run Time=106.4
FIRESTARTER_OPTIMIZE: Seed=1  Test=37  Generation=  6 *Result=0.00006172  Best=0.00006172   Time=0.1  Run Time=106.8
FIRESTARTER_OPTIMIZE: Seed=1  Test=37  Generation=  7  Result=0.00014491  Best=0.00006172   Time=0.1  Run Time=107.2
FIRESTARTER_OPTIMIZE: Seed=1  Test=37  Generation=  8 *Result=0.00001746  Best=0.00001746   Time=0.1  Run Time=107.5
FIRESTARTER_OPTIMIZE: Seed=1  Test=37  Generation=  9  Result=0.00050655  Best=0.00001746   Time=0.1  Run Time=107.9
FIRESTARTER_OPTIMIZE: Seed=1  Test=37  Generation= 10 *Result=0.00000050  Best=0.00000050   Time=0.1  Run Time=108.2
