CUDA devices = 1
Device 0: NVIDIA GeForce RTX 4090

variations = 1
instructions = 32
registers = 30
opcodes = 2
patternOpcodes = 4

targetMin = 0.000000f
targetMax = 6.283185f
target = 0.000001f

mode = FIRESTARTER_OPTIMIZE
evolveSeed = 2
optimizeSeed = 2
tests = 256
streams = 1
units = 1
states = 1
generations = 0
population = 65536
passes = 384
attempts = 0
optimize = 1

scale = 0.300000f
startScale = 2.500000f
startResult = 10.000000f

FIRESTARTER_OPTIMIZE: Seed=2  Test=127  Generation=  2 *Result=0.00004116  Best=0.00004116   Time=0.1  Run Time=310.7
FIRESTARTER_OPTIMIZE: Seed=2  Test=127  Generation=  3  Result=0.00004985  Best=0.00004116   Time=0.1  Run Time=311.0
FIRESTARTER_OPTIMIZE: Seed=2  Test=127  Generation=  4 *Result=0.00002617  Best=0.00002617   Time=0.1  Run Time=311.3
FIRESTARTER_OPTIMIZE: Seed=2  Test=127  Generation=  5 *Result=0.00002563  Best=0.00002563   Time=0.1  Run Time=311.6
FIRESTARTER_OPTIMIZE: Seed=2  Test=127  Generation=  6  Result=0.00064528  Best=0.00002563   Time=0.1  Run Time=312.0
FIRESTARTER_OPTIMIZE: Seed=2  Test=127  Generation=  7  Result=0.00010828  Best=0.00002563   Time=0.1  Run Time=312.3
FIRESTARTER_OPTIMIZE: Seed=2  Test=127  Generation=  8  Result=0.00012238  Best=0.00002563   Time=0.1  Run Time=312.7
FIRESTARTER_OPTIMIZE: Seed=2  Test=127  Generation=  9 *Result=0.00000042  Best=0.00000042   Time=0.1  Run Time=313.1
