CUDA devices = 1
Device 0: NVIDIA GeForce RTX 4090

variations = 1
instructions = 32
registers = 30
opcodes = 2
patternOpcodes = 4

targetMin = 0.000000f
targetMax = 6.283185f
target = 0.000001f

mode = FIRESTARTER_OPTIMIZE
evolveSeed = 0
optimizeSeed = 0
tests = 256
streams = 1
units = 1
states = 1
generations = 0
population = 49152
passes = 256
attempts = 0
optimize = 1

scale = 0.300000f
startScale = 2.500000f
startResult = 10.000000f

FIRESTARTER_OPTIMIZE: Seed=0  Test=236  Generation=  2 *Result=0.00006335  Best=0.00006335   Time=0.1  Run Time=702.4
FIRESTARTER_OPTIMIZE: Seed=0  Test=236  Generation=  3  Result=0.00017593  Best=0.00006335   Time=0.1  Run Time=702.7
FIRESTARTER_OPTIMIZE: Seed=0  Test=236  Generation=  4  Result=0.00118051  Best=0.00006335   Time=0.1  Run Time=703.0
FIRESTARTER_OPTIMIZE: Seed=0  Test=236  Generation=  5  Result=0.00008231  Best=0.00006335   Time=0.1  Run Time=703.3
FIRESTARTER_OPTIMIZE: Seed=0  Test=236  Generation=  6  Result=0.00010610  Best=0.00006335   Time=0.1  Run Time=703.6
FIRESTARTER_OPTIMIZE: Seed=0  Test=236  Generation=  7  Result=0.00048786  Best=0.00006335   Time=0.1  Run Time=703.9
FIRESTARTER_OPTIMIZE: Seed=0  Test=236  Generation=  8 *Result=0.00000093  Best=0.00000093   Time=0.1  Run Time=704.2
