CUDA devices = 1
Device 0: NVIDIA GeForce RTX 4090

variations = 1
instructions = 32
registers = 30
opcodes = 2
patternOpcodes = 4

targetMin = 0.000000f
targetMax = 6.283185f
target = 0.000001f

mode = FIRESTARTER_OPTIMIZE
evolveSeed = 2
optimizeSeed = 2
tests = 256
streams = 1
units = 1
states = 1
generations = 0
population = 65536
passes = 384
attempts = 0
optimize = 1

scale = 0.300000f
startScale = 2.500000f
startResult = 10.000000f

FIRESTARTER_OPTIMIZE: Seed=2  Test=209  Generation=  2 *Result=0.00011905  Best=0.00011905   Time=0.1  Run Time=507.7
FIRESTARTER_OPTIMIZE: Seed=2  Test=209  Generation=  3 *Result=0.00000640  Best=0.00000640   Time=0.1  Run Time=508.0
FIRESTARTER_OPTIMIZE: Seed=2  Test=209  Generation=  4  Result=0.00009436  Best=0.00000640   Time=0.1  Run Time=508.3
FIRESTARTER_OPTIMIZE: Seed=2  Test=209  Generation=  5  Result=0.00028302  Best=0.00000640   Time=0.1  Run Time=508.6
FIRESTARTER_OPTIMIZE: Seed=2  Test=209  Generation=  6 *Result=0.00000137  Best=0.00000137   Time=0.1  Run Time=508.9
FIRESTARTER_OPTIMIZE: Seed=2  Test=209  Generation=  7  Result=0.00143319  Best=0.00000137   Time=0.1  Run Time=509.2
FIRESTARTER_OPTIMIZE: Seed=2  Test=209  Generation=  8 *Result=0.00000014  Best=0.00000014   Time=0.1  Run Time=509.5
