CUDA devices = 1
Device 0: NVIDIA GeForce RTX 4090

variations = 1
samples = 15
instructions = 32
registers = 30
opcodes = 2
patternOpcodes = 4

targetMin = 0.000000f
targetMax = 6.283185f
target = 0.000001f

mode = FIRESTARTER_OPTIMIZE
evolveSeed = 0
optimizeSeed = 0
tests = 256
streams = 1
units = 1
states = 1
generations = 0
population = 65536
iterations = 64
passes = 512
candidates = 16
attempts = 0
optimize = 1

scale = 0.100000f
startScale = 3.000000f
startResult = 10.000000f

FIRESTARTER_OPTIMIZE: Seed=0  Test=167  Generation=  2 *Result=0.00000180  Best=0.00000180   Time=0.1  Run Time=1041.7
FIRESTARTER_OPTIMIZE: Seed=0  Test=167  Generation=  3  Result=0.00003898  Best=0.00000180   Time=0.1  Run Time=1042.1
FIRESTARTER_OPTIMIZE: Seed=0  Test=167  Generation=  4  Result=0.00093663  Best=0.00000180   Time=0.1  Run Time=1042.5
FIRESTARTER_OPTIMIZE: Seed=0  Test=167  Generation=  5  Result=0.00085810  Best=0.00000180   Time=0.1  Run Time=1043.0
FIRESTARTER_OPTIMIZE: Seed=0  Test=167  Generation=  6  Result=0.00001866  Best=0.00000180   Time=0.1  Run Time=1043.5
FIRESTARTER_OPTIMIZE: Seed=0  Test=167  Generation=  7  Result=0.00614920  Best=0.00000180   Time=0.1  Run Time=1043.9
FIRESTARTER_OPTIMIZE: Seed=0  Test=167  Generation=  8  Result=0.00009024  Best=0.00000180   Time=0.1  Run Time=1044.3
FIRESTARTER_OPTIMIZE: Seed=0  Test=167  Generation=  9 *Result=0.00000053  Best=0.00000053   Time=0.1  Run Time=1044.8
