CUDA devices = 1
Device 0: NVIDIA GeForce RTX 4090

variations = 1
samples = 15
instructions = 32
registers = 30
opcodes = 2
patternOpcodes = 4

targetMin = 0.000000f
targetMax = 6.283185f
target = 0.000001f

mode = FIRESTARTER_OPTIMIZE
evolveSeed = 0
optimizeSeed = 0
tests = 256
streams = 1
units = 1
states = 1
generations = 0
population = 65536
iterations = 64
passes = 512
candidates = 16
attempts = 0
optimize = 1

scale = 0.150000f
startScale = 2.500000f
startResult = 10.000000f

FIRESTARTER_OPTIMIZE: Seed=0  Test=74  Generation=  2 *Result=0.00018271  Best=0.00018271   Time=0.1  Run Time=374.8
FIRESTARTER_OPTIMIZE: Seed=0  Test=74  Generation=  3  Result=0.00237409  Best=0.00018271   Time=0.1  Run Time=375.2
FIRESTARTER_OPTIMIZE: Seed=0  Test=74  Generation=  4 *Result=0.00001671  Best=0.00001671   Time=0.1  Run Time=375.7
FIRESTARTER_OPTIMIZE: Seed=0  Test=74  Generation=  5  Result=0.00063523  Best=0.00001671   Time=0.1  Run Time=376.2
FIRESTARTER_OPTIMIZE: Seed=0  Test=74  Generation=  6  Result=0.00143355  Best=0.00001671   Time=0.1  Run Time=376.7
FIRESTARTER_OPTIMIZE: Seed=0  Test=74  Generation=  7 *Result=0.00001326  Best=0.00001326   Time=0.1  Run Time=377.1
FIRESTARTER_OPTIMIZE: Seed=0  Test=74  Generation=  8  Result=0.00005372  Best=0.00001326   Time=0.1  Run Time=377.6
FIRESTARTER_OPTIMIZE: Seed=0  Test=74  Generation=  9  Result=0.00024176  Best=0.00001326   Time=0.1  Run Time=378.0
FIRESTARTER_OPTIMIZE: Seed=0  Test=74  Generation= 10  Result=0.00670726  Best=0.00001326   Time=0.1  Run Time=378.5
FIRESTARTER_OPTIMIZE: Seed=0  Test=74  Generation= 11  Result=0.00027801  Best=0.00001326   Time=0.1  Run Time=379.0
FIRESTARTER_OPTIMIZE: Seed=0  Test=74  Generation= 12 *Result=0.00000995  Best=0.00000995   Time=0.1  Run Time=379.5
FIRESTARTER_OPTIMIZE: Seed=0  Test=74  Generation= 13  Result=0.00003464  Best=0.00000995   Time=0.1  Run Time=379.9
FIRESTARTER_OPTIMIZE: Seed=0  Test=74  Generation= 14 *Result=0.00000011  Best=0.00000011   Time=0.1  Run Time=380.4
