CUDA devices = 1
Device 0: NVIDIA GeForce RTX 4090

variations = 1
instructions = 32
registers = 30
opcodes = 2
patternOpcodes = 4

targetMin = 0.000000f
targetMax = 6.283185f
target = 0.000001f

mode = FIRESTARTER_OPTIMIZE
evolveSeed = 0
optimizeSeed = 0
tests = 256
streams = 1
units = 1
states = 1
generations = 0
population = 49152
passes = 384
attempts = 0
optimize = 1

scale = 0.300000f
startScale = 2.500000f
startResult = 10.000000f

FIRESTARTER_OPTIMIZE: Seed=0  Test=30  Generation=  2 *Result=0.00001888  Best=0.00001888   Time=0.1  Run Time=76.6
FIRESTARTER_OPTIMIZE: Seed=0  Test=30  Generation=  3 *Result=0.00001338  Best=0.00001338   Time=0.1  Run Time=76.9
FIRESTARTER_OPTIMIZE: Seed=0  Test=30  Generation=  4  Result=0.00001499  Best=0.00001338   Time=0.1  Run Time=77.2
FIRESTARTER_OPTIMIZE: Seed=0  Test=30  Generation=  5  Result=0.00103664  Best=0.00001338   Time=0.1  Run Time=77.5
FIRESTARTER_OPTIMIZE: Seed=0  Test=30  Generation=  6  Result=0.00018232  Best=0.00001338   Time=0.1  Run Time=77.8
FIRESTARTER_OPTIMIZE: Seed=0  Test=30  Generation=  7 *Result=0.00000164  Best=0.00000164   Time=0.1  Run Time=78.1
FIRESTARTER_OPTIMIZE: Seed=0  Test=30  Generation=  8  Result=0.00229836  Best=0.00000164   Time=0.1  Run Time=78.4
FIRESTARTER_OPTIMIZE: Seed=0  Test=30  Generation=  9  Result=0.00007633  Best=0.00000164   Time=0.1  Run Time=78.8
FIRESTARTER_OPTIMIZE: Seed=0  Test=30  Generation= 10  Result=0.00002801  Best=0.00000164   Time=0.1  Run Time=79.1
FIRESTARTER_OPTIMIZE: Seed=0  Test=30  Generation= 11 *Result=0.00000089  Best=0.00000089   Time=0.1  Run Time=79.4
