CUDA devices = 1
Device 0: NVIDIA GeForce RTX 4090

variations = 1
instructions = 32
registers = 30
opcodes = 2
patternOpcodes = 4

targetMin = 0.000000f
targetMax = 6.283185f
target = 0.000001f

mode = FIRESTARTER_OPTIMIZE
evolveSeed = 1
optimizeSeed = 1
tests = 256
streams = 1
units = 1
states = 1
generations = 0
population = 65536
passes = 512
attempts = 0
optimize = 1

scale = 0.300000f
startScale = 2.500000f
startResult = 10.000000f

FIRESTARTER_OPTIMIZE: Seed=1  Test=35  Generation=  2 *Result=0.00008274  Best=0.00008274   Time=0.1  Run Time=78.9
FIRESTARTER_OPTIMIZE: Seed=1  Test=35  Generation=  3 *Result=0.00000104  Best=0.00000104   Time=0.1  Run Time=79.3
FIRESTARTER_OPTIMIZE: Seed=1  Test=35  Generation=  4  Result=0.00018239  Best=0.00000104   Time=0.1  Run Time=79.7
FIRESTARTER_OPTIMIZE: Seed=1  Test=35  Generation=  5  Result=0.00014346  Best=0.00000104   Time=0.1  Run Time=80.1
FIRESTARTER_OPTIMIZE: Seed=1  Test=35  Generation=  6  Result=0.00001305  Best=0.00000104   Time=0.1  Run Time=80.6
FIRESTARTER_OPTIMIZE: Seed=1  Test=35  Generation=  7  Result=0.00160871  Best=0.00000104   Time=0.1  Run Time=81.0
FIRESTARTER_OPTIMIZE: Seed=1  Test=35  Generation=  8  Result=0.00000411  Best=0.00000104   Time=0.1  Run Time=81.4
FIRESTARTER_OPTIMIZE: Seed=1  Test=35  Generation=  9  Result=0.00006181  Best=0.00000104   Time=0.1  Run Time=81.9
FIRESTARTER_OPTIMIZE: Seed=1  Test=35  Generation= 10  Result=0.00050050  Best=0.00000104   Time=0.1  Run Time=82.3
FIRESTARTER_OPTIMIZE: Seed=1  Test=35  Generation= 11 *Result=0.00000080  Best=0.00000080   Time=0.1  Run Time=82.8
