CUDA devices = 1
Device 0: NVIDIA GeForce RTX 4090

variations = 1
instructions = 32
registers = 30
opcodes = 2
patternOpcodes = 4

targetMin = 0.000000f
targetMax = 6.283185f
target = 0.000001f

mode = FIRESTARTER_OPTIMIZE
evolveSeed = 1
optimizeSeed = 1
tests = 256
streams = 1
units = 1
states = 1
generations = 0
population = 65536
passes = 512
attempts = 0
optimize = 1

scale = 0.300000f
startScale = 2.500000f
startResult = 10.000000f

FIRESTARTER_OPTIMIZE: Seed=1  Test=234  Generation=  2 *Result=0.00001139  Best=0.00001139   Time=0.1  Run Time=677.5
FIRESTARTER_OPTIMIZE: Seed=1  Test=234  Generation=  3  Result=0.00614122  Best=0.00001139   Time=0.1  Run Time=677.9
FIRESTARTER_OPTIMIZE: Seed=1  Test=234  Generation=  4  Result=0.00008206  Best=0.00001139   Time=0.1  Run Time=678.3
FIRESTARTER_OPTIMIZE: Seed=1  Test=234  Generation=  5  Result=0.00012726  Best=0.00001139   Time=0.1  Run Time=678.7
FIRESTARTER_OPTIMIZE: Seed=1  Test=234  Generation=  6  Result=0.00051286  Best=0.00001139   Time=0.1  Run Time=679.1
FIRESTARTER_OPTIMIZE: Seed=1  Test=234  Generation=  7  Result=0.00031569  Best=0.00001139   Time=0.1  Run Time=679.5
FIRESTARTER_OPTIMIZE: Seed=1  Test=234  Generation=  8  Result=0.00018413  Best=0.00001139   Time=0.1  Run Time=679.9
FIRESTARTER_OPTIMIZE: Seed=1  Test=234  Generation=  9  Result=0.00002832  Best=0.00001139   Time=0.1  Run Time=680.2
FIRESTARTER_OPTIMIZE: Seed=1  Test=234  Generation= 10 *Result=0.00000075  Best=0.00000075   Time=0.1  Run Time=680.6
