CUDA devices = 1
Device 0: NVIDIA GeForce RTX 4090

variations = 1
instructions = 32
registers = 30
opcodes = 2
patternOpcodes = 4

targetMin = 0.000000f
targetMax = 6.283185f
target = 0.000001f

mode = FIRESTARTER_OPTIMIZE
evolveSeed = 0
optimizeSeed = 0
tests = 256
streams = 1
units = 1
states = 1
generations = 0
population = 49152
passes = 256
attempts = 0
optimize = 1

scale = 0.300000f
startScale = 2.500000f
startResult = 10.000000f

FIRESTARTER_OPTIMIZE: Seed=0  Test=228  Generation=  2 *Result=0.00034656  Best=0.00034656   Time=0.1  Run Time=679.6
FIRESTARTER_OPTIMIZE: Seed=0  Test=228  Generation=  3 *Result=0.00011384  Best=0.00011384   Time=0.1  Run Time=679.9
FIRESTARTER_OPTIMIZE: Seed=0  Test=228  Generation=  4 *Result=0.00003555  Best=0.00003555   Time=0.1  Run Time=680.1
FIRESTARTER_OPTIMIZE: Seed=0  Test=228  Generation=  5  Result=0.00009537  Best=0.00003555   Time=0.1  Run Time=680.4
FIRESTARTER_OPTIMIZE: Seed=0  Test=228  Generation=  6  Result=0.00005135  Best=0.00003555   Time=0.1  Run Time=680.7
FIRESTARTER_OPTIMIZE: Seed=0  Test=228  Generation=  7  Result=0.00008583  Best=0.00003555   Time=0.1  Run Time=681.0
FIRESTARTER_OPTIMIZE: Seed=0  Test=228  Generation=  8  Result=0.00028424  Best=0.00003555   Time=0.1  Run Time=681.3
FIRESTARTER_OPTIMIZE: Seed=0  Test=228  Generation=  9 *Result=0.00000009  Best=0.00000009   Time=0.1  Run Time=681.5
