CUDA devices = 1
Device 0: NVIDIA GeForce RTX 4090

variations = 1
samples = 15
instructions = 32
registers = 30
opcodes = 2
patternOpcodes = 4

targetMin = 0.000000f
targetMax = 6.283185f
target = 0.000001f

mode = FIRESTARTER_OPTIMIZE
evolveSeed = 0
optimizeSeed = 0
tests = 256
streams = 1
units = 1
states = 1
generations = 0
population = 65536
iterations = 64
passes = 512
candidates = 16
attempts = 0
optimize = 1

scale = 0.300000f
startScale = 2.500000f
startResult = 10.000000f

FIRESTARTER_OPTIMIZE: Seed=0  Test=66  Generation=  2 *Result=0.00000102  Best=0.00000102   Time=0.1  Run Time=262.4
FIRESTARTER_OPTIMIZE: Seed=0  Test=66  Generation=  3  Result=0.00005004  Best=0.00000102   Time=0.1  Run Time=262.9
FIRESTARTER_OPTIMIZE: Seed=0  Test=66  Generation=  4  Result=0.00007233  Best=0.00000102   Time=0.1  Run Time=263.4
FIRESTARTER_OPTIMIZE: Seed=0  Test=66  Generation=  5  Result=0.00039676  Best=0.00000102   Time=0.1  Run Time=263.8
FIRESTARTER_OPTIMIZE: Seed=0  Test=66  Generation=  6  Result=0.00013199  Best=0.00000102   Time=0.1  Run Time=264.3
FIRESTARTER_OPTIMIZE: Seed=0  Test=66  Generation=  7 *Result=0.00000022  Best=0.00000022   Time=0.1  Run Time=264.8
