CUDA devices = 1
Device 0: NVIDIA GeForce RTX 4090

variations = 1
samples = 15
instructions = 32
registers = 30
opcodes = 2
patternOpcodes = 4

targetMin = 0.000000f
targetMax = 6.283185f
target = 0.000001f

mode = FIRESTARTER_OPTIMIZE
evolveSeed = 0
optimizeSeed = 0
tests = 256
streams = 1
units = 1
states = 1
generations = 0
population = 65536
iterations = 64
passes = 512
candidates = 16
attempts = 0
optimize = 1

scale = 0.100000f
startScale = 4.000000f
startResult = 10.000000f

FIRESTARTER_OPTIMIZE: Seed=0  Test=103  Generation=  2 *Result=0.00033856  Best=0.00033856   Time=0.1  Run Time=762.2
FIRESTARTER_OPTIMIZE: Seed=0  Test=103  Generation=  3 *Result=0.00015513  Best=0.00015513   Time=0.1  Run Time=762.7
FIRESTARTER_OPTIMIZE: Seed=0  Test=103  Generation=  4  Result=0.00129148  Best=0.00015513   Time=0.1  Run Time=763.2
FIRESTARTER_OPTIMIZE: Seed=0  Test=103  Generation=  5 *Result=0.00012348  Best=0.00012348   Time=0.1  Run Time=763.7
FIRESTARTER_OPTIMIZE: Seed=0  Test=103  Generation=  6 *Result=0.00000975  Best=0.00000975   Time=0.1  Run Time=764.1
FIRESTARTER_OPTIMIZE: Seed=0  Test=103  Generation=  7  Result=0.00014351  Best=0.00000975   Time=0.1  Run Time=764.6
FIRESTARTER_OPTIMIZE: Seed=0  Test=103  Generation=  8  Result=0.00035893  Best=0.00000975   Time=0.1  Run Time=765.1
FIRESTARTER_OPTIMIZE: Seed=0  Test=103  Generation=  9 *Result=0.00000337  Best=0.00000337   Time=0.1  Run Time=765.5
FIRESTARTER_OPTIMIZE: Seed=0  Test=103  Generation= 10  Result=0.00614339  Best=0.00000337   Time=0.1  Run Time=766.0
FIRESTARTER_OPTIMIZE: Seed=0  Test=103  Generation= 11 *Result=0.00000050  Best=0.00000050   Time=0.1  Run Time=766.5
