CUDA devices = 1
Device 0: NVIDIA GeForce RTX 4090

variations = 1
instructions = 32
registers = 30
opcodes = 2
patternOpcodes = 4

targetMin = 0.000000f
targetMax = 6.283185f
target = 0.000001f

mode = FIRESTARTER_OPTIMIZE
evolveSeed = 1
optimizeSeed = 1
tests = 256
streams = 1
units = 1
states = 1
generations = 0
population = 65536
passes = 512
attempts = 0
optimize = 1

scale = 0.300000f
startScale = 2.500000f
startResult = 10.000000f

FIRESTARTER_OPTIMIZE: Seed=1  Test=55  Generation=  2 *Result=0.00014398  Best=0.00014398   Time=0.1  Run Time=177.0
FIRESTARTER_OPTIMIZE: Seed=1  Test=55  Generation=  3  Result=0.00221848  Best=0.00014398   Time=0.1  Run Time=177.4
FIRESTARTER_OPTIMIZE: Seed=1  Test=55  Generation=  4  Result=0.00027999  Best=0.00014398   Time=0.1  Run Time=177.9
FIRESTARTER_OPTIMIZE: Seed=1  Test=55  Generation=  5 *Result=0.00002960  Best=0.00002960   Time=0.1  Run Time=178.3
FIRESTARTER_OPTIMIZE: Seed=1  Test=55  Generation=  6  Result=0.00004256  Best=0.00002960   Time=0.1  Run Time=178.7
FIRESTARTER_OPTIMIZE: Seed=1  Test=55  Generation=  7 *Result=0.00000091  Best=0.00000091   Time=0.1  Run Time=179.2
