CUDA devices = 1
Device 0: NVIDIA GeForce RTX 4090

variations = 1
samples = 15
instructions = 30
registers = 30
opcodes = 2
patternOpcodes = 4

targetMin = 0.000000f
targetMax = 6.283185f
target = 0.000001f

mode = FIRESTARTER_OPTIMIZE
evolveSeed = 0
optimizeSeed = 0
tests = 256
streams = 1
units = 1
states = 1
generations = 0
population = 65536
iterations = 64
passes = 512
candidates = 16
attempts = 0
optimize = 1

scale = 0.300000f
startScale = 2.500000f
startResult = 10.000000f

FIRESTARTER_OPTIMIZE: Seed=0  Test=34  Generation=  2 *Result=0.00018494  Best=0.00018494   Time=0.1  Run Time=99.3
FIRESTARTER_OPTIMIZE: Seed=0  Test=34  Generation=  3 *Result=0.00001754  Best=0.00001754   Time=0.1  Run Time=99.7
FIRESTARTER_OPTIMIZE: Seed=0  Test=34  Generation=  4  Result=0.00022197  Best=0.00001754   Time=0.1  Run Time=100.2
FIRESTARTER_OPTIMIZE: Seed=0  Test=34  Generation=  5  Result=0.00019836  Best=0.00001754   Time=0.1  Run Time=100.6
FIRESTARTER_OPTIMIZE: Seed=0  Test=34  Generation=  6  Result=0.00018251  Best=0.00001754   Time=0.1  Run Time=101.0
FIRESTARTER_OPTIMIZE: Seed=0  Test=34  Generation=  7 *Result=0.00001364  Best=0.00001364   Time=0.1  Run Time=101.5
FIRESTARTER_OPTIMIZE: Seed=0  Test=34  Generation=  8 *Result=0.00000322  Best=0.00000322   Time=0.1  Run Time=101.9
FIRESTARTER_OPTIMIZE: Seed=0  Test=34  Generation=  9  Result=0.00006222  Best=0.00000322   Time=0.1  Run Time=102.3
FIRESTARTER_OPTIMIZE: Seed=0  Test=34  Generation= 10  Result=0.00000399  Best=0.00000322   Time=0.1  Run Time=102.8
FIRESTARTER_OPTIMIZE: Seed=0  Test=34  Generation= 11  Result=0.00005288  Best=0.00000322   Time=0.1  Run Time=103.2
FIRESTARTER_OPTIMIZE: Seed=0  Test=34  Generation= 12  Result=0.00027794  Best=0.00000322   Time=0.1  Run Time=103.7
FIRESTARTER_OPTIMIZE: Seed=0  Test=34  Generation= 13 *Result=0.00000072  Best=0.00000072   Time=0.1  Run Time=104.1
