CUDA devices = 1
Device 0: NVIDIA GeForce RTX 4090

variations = 1
instructions = 32
registers = 30
opcodes = 2
patternOpcodes = 4

targetMin = 0.000000f
targetMax = 6.283185f
target = 0.000001f

mode = FIRESTARTER_OPTIMIZE
evolveSeed = 1
optimizeSeed = 1
tests = 256
streams = 1
units = 1
states = 1
generations = 0
population = 65536
passes = 512
attempts = 0
optimize = 1

scale = 0.300000f
startScale = 2.500000f
startResult = 10.000000f

FIRESTARTER_OPTIMIZE: Seed=1  Test=11  Generation=  2 *Result=0.00009590  Best=0.00009590   Time=0.1  Run Time=40.0
FIRESTARTER_OPTIMIZE: Seed=1  Test=11  Generation=  3 *Result=0.00006370  Best=0.00006370   Time=0.1  Run Time=40.4
FIRESTARTER_OPTIMIZE: Seed=1  Test=11  Generation=  4  Result=0.00018489  Best=0.00006370   Time=0.1  Run Time=40.8
FIRESTARTER_OPTIMIZE: Seed=1  Test=11  Generation=  5  Result=0.00012281  Best=0.00006370   Time=0.1  Run Time=41.2
FIRESTARTER_OPTIMIZE: Seed=1  Test=11  Generation=  6 *Result=0.00001278  Best=0.00001278   Time=0.1  Run Time=41.5
FIRESTARTER_OPTIMIZE: Seed=1  Test=11  Generation=  7  Result=0.00088585  Best=0.00001278   Time=0.1  Run Time=41.9
FIRESTARTER_OPTIMIZE: Seed=1  Test=11  Generation=  8  Result=0.00003152  Best=0.00001278   Time=0.1  Run Time=42.3
FIRESTARTER_OPTIMIZE: Seed=1  Test=11  Generation=  9 *Result=0.00000009  Best=0.00000009   Time=0.1  Run Time=42.7
