CUDA devices = 1
Device 0: NVIDIA GeForce RTX 4090

variations = 1
samples = 15
instructions = 30
registers = 30
opcodes = 2
patternOpcodes = 4

targetMin = 0.000000f
targetMax = 6.283185f
target = 0.000001f

mode = FIRESTARTER_OPTIMIZE
evolveSeed = 0
optimizeSeed = 0
tests = 256
streams = 1
units = 1
states = 1
generations = 0
population = 65536
iterations = 64
passes = 512
candidates = 16
attempts = 0
optimize = 1

scale = 0.300000f
startScale = 2.500000f
startResult = 10.000000f

FIRESTARTER_OPTIMIZE: Seed=0  Test=145  Generation=  2 *Result=0.00002551  Best=0.00002551   Time=0.1  Run Time=487.3
FIRESTARTER_OPTIMIZE: Seed=0  Test=145  Generation=  3  Result=0.00003151  Best=0.00002551   Time=0.1  Run Time=487.7
FIRESTARTER_OPTIMIZE: Seed=0  Test=145  Generation=  4 *Result=0.00000912  Best=0.00000912   Time=0.1  Run Time=488.2
FIRESTARTER_OPTIMIZE: Seed=0  Test=145  Generation=  5  Result=0.00002383  Best=0.00000912   Time=0.1  Run Time=488.6
FIRESTARTER_OPTIMIZE: Seed=0  Test=145  Generation=  6  Result=0.00143206  Best=0.00000912   Time=0.1  Run Time=489.1
FIRESTARTER_OPTIMIZE: Seed=0  Test=145  Generation=  7  Result=0.00007385  Best=0.00000912   Time=0.1  Run Time=489.5
FIRESTARTER_OPTIMIZE: Seed=0  Test=145  Generation=  8  Result=0.00150249  Best=0.00000912   Time=0.1  Run Time=489.9
FIRESTARTER_OPTIMIZE: Seed=0  Test=145  Generation=  9  Result=0.00018247  Best=0.00000912   Time=0.1  Run Time=490.4
FIRESTARTER_OPTIMIZE: Seed=0  Test=145  Generation= 10  Result=0.00149571  Best=0.00000912   Time=0.1  Run Time=490.8
FIRESTARTER_OPTIMIZE: Seed=0  Test=145  Generation= 11  Result=0.00006157  Best=0.00000912   Time=0.1  Run Time=491.3
FIRESTARTER_OPTIMIZE: Seed=0  Test=145  Generation= 12  Result=0.00044774  Best=0.00000912   Time=0.1  Run Time=491.7
FIRESTARTER_OPTIMIZE: Seed=0  Test=145  Generation= 13  Result=0.00020575  Best=0.00000912   Time=0.1  Run Time=492.1
FIRESTARTER_OPTIMIZE: Seed=0  Test=145  Generation= 14 *Result=0.00000016  Best=0.00000016   Time=0.1  Run Time=492.6
