CUDA devices = 1
Device 0: NVIDIA GeForce RTX 4090

variations = 1
instructions = 32
registers = 30
opcodes = 2
patternOpcodes = 4

targetMin = 0.000000f
targetMax = 6.283185f
target = 0.000001f

mode = FIRESTARTER_OPTIMIZE
evolveSeed = 1
optimizeSeed = 1
tests = 256
streams = 1
units = 1
states = 1
generations = 0
population = 65536
passes = 512
attempts = 0
optimize = 1

scale = 0.300000f
startScale = 2.500000f
startResult = 10.000000f

FIRESTARTER_OPTIMIZE: Seed=1  Test=157  Generation=  2 *Result=0.00000462  Best=0.00000462   Time=0.1  Run Time=485.2
FIRESTARTER_OPTIMIZE: Seed=1  Test=157  Generation=  3  Result=0.00002565  Best=0.00000462   Time=0.1  Run Time=485.7
FIRESTARTER_OPTIMIZE: Seed=1  Test=157  Generation=  4  Result=0.00071212  Best=0.00000462   Time=0.1  Run Time=486.1
FIRESTARTER_OPTIMIZE: Seed=1  Test=157  Generation=  5  Result=0.00052249  Best=0.00000462   Time=0.1  Run Time=486.6
FIRESTARTER_OPTIMIZE: Seed=1  Test=157  Generation=  6  Result=0.00020989  Best=0.00000462   Time=0.1  Run Time=487.0
FIRESTARTER_OPTIMIZE: Seed=1  Test=157  Generation=  7 *Result=0.00000253  Best=0.00000253   Time=0.1  Run Time=487.5
FIRESTARTER_OPTIMIZE: Seed=1  Test=157  Generation=  8 *Result=0.00000039  Best=0.00000039   Time=0.1  Run Time=487.9
