CUDA devices = 1
Device 0: NVIDIA GeForce RTX 4090

variations = 1
instructions = 32
registers = 30
opcodes = 2
patternOpcodes = 4

targetMin = 0.000000f
targetMax = 6.283185f
target = 0.000001f

mode = FIRESTARTER_OPTIMIZE
evolveSeed = 0
optimizeSeed = 0
tests = 256
streams = 1
units = 1
states = 1
generations = 0
population = 32768
passes = 512
attempts = 0
optimize = 1

scale = 0.300000f
startScale = 2.500000f
startResult = 10.000000f

FIRESTARTER_OPTIMIZE: Seed=0  Test=174  Generation=  2 *Result=0.00005797  Best=0.00005797   Time=0.1  Run Time=532.5
FIRESTARTER_OPTIMIZE: Seed=0  Test=174  Generation=  3 *Result=0.00003731  Best=0.00003731   Time=0.1  Run Time=532.8
FIRESTARTER_OPTIMIZE: Seed=0  Test=174  Generation=  4 *Result=0.00000138  Best=0.00000138   Time=0.1  Run Time=533.1
FIRESTARTER_OPTIMIZE: Seed=0  Test=174  Generation=  5  Result=0.00097741  Best=0.00000138   Time=0.1  Run Time=533.5
FIRESTARTER_OPTIMIZE: Seed=0  Test=174  Generation=  6  Result=0.00001162  Best=0.00000138   Time=0.1  Run Time=533.9
FIRESTARTER_OPTIMIZE: Seed=0  Test=174  Generation=  7  Result=0.00000583  Best=0.00000138   Time=0.1  Run Time=534.2
FIRESTARTER_OPTIMIZE: Seed=0  Test=174  Generation=  8  Result=0.00000778  Best=0.00000138   Time=0.1  Run Time=534.6
FIRESTARTER_OPTIMIZE: Seed=0  Test=174  Generation=  9  Result=0.00081541  Best=0.00000138   Time=0.1  Run Time=535.0
FIRESTARTER_OPTIMIZE: Seed=0  Test=174  Generation= 10  Result=0.00003665  Best=0.00000138   Time=0.1  Run Time=535.4
FIRESTARTER_OPTIMIZE: Seed=0  Test=174  Generation= 11 *Result=0.00000013  Best=0.00000013   Time=0.1  Run Time=535.8
