CUDA devices = 1
Device 0: NVIDIA GeForce RTX 4090

variations = 1
instructions = 32
registers = 30
opcodes = 2
patternOpcodes = 4

targetMin = 0.000000f
targetMax = 6.283185f
target = 0.000001f

mode = FIRESTARTER_OPTIMIZE
evolveSeed = 0
optimizeSeed = 0
tests = 256
streams = 1
units = 1
states = 1
generations = 0
population = 65536
passes = 512
attempts = 0
optimize = 1

scale = 0.300000f
startScale = 2.500000f
startResult = 10.000000f

FIRESTARTER_OPTIMIZE: Seed=0  Test=152  Generation=  2 *Result=0.00000494  Best=0.00000494   Time=0.1  Run Time=419.6
FIRESTARTER_OPTIMIZE: Seed=0  Test=152  Generation=  3  Result=0.00022689  Best=0.00000494   Time=0.1  Run Time=419.9
FIRESTARTER_OPTIMIZE: Seed=0  Test=152  Generation=  4 *Result=0.00000243  Best=0.00000243   Time=0.1  Run Time=420.3
FIRESTARTER_OPTIMIZE: Seed=0  Test=152  Generation=  5  Result=0.00246856  Best=0.00000243   Time=0.1  Run Time=420.6
FIRESTARTER_OPTIMIZE: Seed=0  Test=152  Generation=  6  Result=0.00002682  Best=0.00000243   Time=0.1  Run Time=421.0
FIRESTARTER_OPTIMIZE: Seed=0  Test=152  Generation=  7  Result=0.00054415  Best=0.00000243   Time=0.1  Run Time=421.3
FIRESTARTER_OPTIMIZE: Seed=0  Test=152  Generation=  8  Result=0.00008341  Best=0.00000243   Time=0.1  Run Time=421.7
FIRESTARTER_OPTIMIZE: Seed=0  Test=152  Generation=  9  Result=0.00000741  Best=0.00000243   Time=0.1  Run Time=422.1
FIRESTARTER_OPTIMIZE: Seed=0  Test=152  Generation= 10  Result=0.00013834  Best=0.00000243   Time=0.1  Run Time=422.4
FIRESTARTER_OPTIMIZE: Seed=0  Test=152  Generation= 11 *Result=0.00000028  Best=0.00000028   Time=0.1  Run Time=422.8
