CUDA devices = 1
Device 0: NVIDIA GeForce RTX 4090

variations = 1
instructions = 32
registers = 30
opcodes = 2
patternOpcodes = 4

targetMin = 0.000000f
targetMax = 6.283185f
target = 0.000001f

mode = FIRESTARTER_OPTIMIZE
evolveSeed = 2
optimizeSeed = 2
tests = 256
streams = 1
units = 1
states = 1
generations = 0
population = 65536
passes = 384
attempts = 0
optimize = 1

scale = 0.300000f
startScale = 2.500000f
startResult = 10.000000f

FIRESTARTER_OPTIMIZE: Seed=2  Test=54  Generation=  2 *Result=0.00005728  Best=0.00005728   Time=0.1  Run Time=168.0
FIRESTARTER_OPTIMIZE: Seed=2  Test=54  Generation=  3 *Result=0.00000507  Best=0.00000507   Time=0.1  Run Time=168.5
FIRESTARTER_OPTIMIZE: Seed=2  Test=54  Generation=  4  Result=0.00093955  Best=0.00000507   Time=0.1  Run Time=169.0
FIRESTARTER_OPTIMIZE: Seed=2  Test=54  Generation=  5  Result=0.00018829  Best=0.00000507   Time=0.1  Run Time=169.5
FIRESTARTER_OPTIMIZE: Seed=2  Test=54  Generation=  6  Result=0.00016633  Best=0.00000507   Time=0.1  Run Time=169.9
FIRESTARTER_OPTIMIZE: Seed=2  Test=54  Generation=  7  Result=0.00007185  Best=0.00000507   Time=0.1  Run Time=170.4
FIRESTARTER_OPTIMIZE: Seed=2  Test=54  Generation=  8 *Result=0.00000063  Best=0.00000063   Time=0.1  Run Time=170.9
