CUDA devices = 1
Device 0: NVIDIA GeForce RTX 4090

variations = 1
instructions = 32
registers = 30
opcodes = 2
patternOpcodes = 4

targetMin = 0.000000f
targetMax = 6.283185f
target = 0.000001f

mode = FIRESTARTER_OPTIMIZE
evolveSeed = 1
optimizeSeed = 1
tests = 256
streams = 1
units = 1
states = 1
generations = 0
population = 65536
passes = 512
attempts = 0
optimize = 1

scale = 0.300000f
startScale = 2.500000f
startResult = 10.000000f

FIRESTARTER_OPTIMIZE: Seed=1  Test=154  Generation=  2 *Result=0.00006151  Best=0.00006151   Time=0.1  Run Time=477.7
FIRESTARTER_OPTIMIZE: Seed=1  Test=154  Generation=  3  Result=0.00011990  Best=0.00006151   Time=0.1  Run Time=478.1
FIRESTARTER_OPTIMIZE: Seed=1  Test=154  Generation=  4 *Result=0.00000229  Best=0.00000229   Time=0.1  Run Time=478.5
FIRESTARTER_OPTIMIZE: Seed=1  Test=154  Generation=  5  Result=0.00011668  Best=0.00000229   Time=0.1  Run Time=478.9
FIRESTARTER_OPTIMIZE: Seed=1  Test=154  Generation=  6  Result=0.00025481  Best=0.00000229   Time=0.1  Run Time=479.3
FIRESTARTER_OPTIMIZE: Seed=1  Test=154  Generation=  7  Result=0.00002468  Best=0.00000229   Time=0.1  Run Time=479.7
FIRESTARTER_OPTIMIZE: Seed=1  Test=154  Generation=  8  Result=0.00000697  Best=0.00000229   Time=0.1  Run Time=480.0
FIRESTARTER_OPTIMIZE: Seed=1  Test=154  Generation=  9  Result=0.00078022  Best=0.00000229   Time=0.1  Run Time=480.5
FIRESTARTER_OPTIMIZE: Seed=1  Test=154  Generation= 10 *Result=0.00000012  Best=0.00000012   Time=0.1  Run Time=480.9
