CUDA devices = 1
Device 0: NVIDIA GeForce RTX 4090

variations = 1
samples = 15
instructions = 30
registers = 30
opcodes = 2
patternOpcodes = 4

targetMin = 0.000000f
targetMax = 6.283185f
target = 0.000001f

mode = FIRESTARTER_OPTIMIZE
evolveSeed = 0
optimizeSeed = 0
tests = 256
streams = 1
units = 1
states = 1
generations = 0
population = 65536
iterations = 64
passes = 512
candidates = 16
attempts = 0
optimize = 1

scale = 0.300000f
startScale = 2.500000f
startResult = 10.000000f

FIRESTARTER_OPTIMIZE: Seed=0  Test=22  Generation=  2 *Result=0.00143329  Best=0.00143329   Time=0.1  Run Time=65.1
FIRESTARTER_OPTIMIZE: Seed=0  Test=22  Generation=  3 *Result=0.00000536  Best=0.00000536   Time=0.1  Run Time=65.5
FIRESTARTER_OPTIMIZE: Seed=0  Test=22  Generation=  4  Result=0.00097162  Best=0.00000536   Time=0.1  Run Time=65.9
FIRESTARTER_OPTIMIZE: Seed=0  Test=22  Generation=  5  Result=0.00000882  Best=0.00000536   Time=0.1  Run Time=66.4
FIRESTARTER_OPTIMIZE: Seed=0  Test=22  Generation=  6  Result=0.00010717  Best=0.00000536   Time=0.1  Run Time=66.8
FIRESTARTER_OPTIMIZE: Seed=0  Test=22  Generation=  7  Result=0.00014643  Best=0.00000536   Time=0.1  Run Time=67.3
FIRESTARTER_OPTIMIZE: Seed=0  Test=22  Generation=  8  Result=0.00001747  Best=0.00000536   Time=0.1  Run Time=67.7
FIRESTARTER_OPTIMIZE: Seed=0  Test=22  Generation=  9  Result=0.00015094  Best=0.00000536   Time=0.1  Run Time=68.2
FIRESTARTER_OPTIMIZE: Seed=0  Test=22  Generation= 10 *Result=0.00000239  Best=0.00000239   Time=0.1  Run Time=68.6
FIRESTARTER_OPTIMIZE: Seed=0  Test=22  Generation= 11  Result=0.00018233  Best=0.00000239   Time=0.1  Run Time=69.0
FIRESTARTER_OPTIMIZE: Seed=0  Test=22  Generation= 12 *Result=0.00000018  Best=0.00000018   Time=0.1  Run Time=69.5
