CUDA devices = 1
Device 0: NVIDIA GeForce RTX 4090

variations = 1
samples = 15
instructions = 32
registers = 30
opcodes = 2
patternOpcodes = 4

targetMin = 0.000000f
targetMax = 6.283185f
target = 0.000001f

mode = FIRESTARTER_OPTIMIZE
evolveSeed = 0
optimizeSeed = 0
tests = 256
streams = 1
units = 1
states = 1
generations = 0
population = 65536
iterations = 64
passes = 512
candidates = 16
attempts = 0
optimize = 1

scale = 0.100000f
startScale = 2.500000f
startResult = 10.000000f

FIRESTARTER_OPTIMIZE: Seed=0  Test=11  Generation=  2 *Result=0.00029170  Best=0.00029170   Time=0.1  Run Time=48.6
FIRESTARTER_OPTIMIZE: Seed=0  Test=11  Generation=  3  Result=0.00192103  Best=0.00029170   Time=0.1  Run Time=49.1
FIRESTARTER_OPTIMIZE: Seed=0  Test=11  Generation=  4 *Result=0.00011869  Best=0.00011869   Time=0.1  Run Time=49.6
FIRESTARTER_OPTIMIZE: Seed=0  Test=11  Generation=  5  Result=0.00614563  Best=0.00011869   Time=0.1  Run Time=50.0
FIRESTARTER_OPTIMIZE: Seed=0  Test=11  Generation=  6 *Result=0.00002295  Best=0.00002295   Time=0.1  Run Time=50.5
FIRESTARTER_OPTIMIZE: Seed=0  Test=11  Generation=  7 *Result=0.00000254  Best=0.00000254   Time=0.1  Run Time=51.0
FIRESTARTER_OPTIMIZE: Seed=0  Test=11  Generation=  8  Result=0.00000286  Best=0.00000254   Time=0.1  Run Time=51.5
FIRESTARTER_OPTIMIZE: Seed=0  Test=11  Generation=  9 *Result=0.00000016  Best=0.00000016   Time=0.1  Run Time=51.9
