CUDA devices = 1
Device 0: NVIDIA GeForce RTX 4090

variations = 1
instructions = 32
registers = 30
opcodes = 2
patternOpcodes = 4

targetMin = 0.000000f
targetMax = 6.283185f
target = 0.000001f

mode = FIRESTARTER_OPTIMIZE
evolveSeed = 0
optimizeSeed = 0
tests = 256
streams = 1
units = 1
states = 1
generations = 0
population = 65536
passes = 384
attempts = 0
optimize = 1

scale = 0.300000f
startScale = 2.500000f
startResult = 10.000000f

FIRESTARTER_OPTIMIZE: Seed=0  Test=26  Generation=  1 *Result=0.00115776  Best=0.00115776   Time=0.1  Run Time=86.1
FIRESTARTER_OPTIMIZE: Seed=0  Test=26  Generation=  2 *Result=0.00006056  Best=0.00006056   Time=0.1  Run Time=86.2
FIRESTARTER_OPTIMIZE: Seed=0  Test=26  Generation=  3 *Result=0.00001574  Best=0.00001574   Time=0.1  Run Time=86.4
FIRESTARTER_OPTIMIZE: Seed=0  Test=26  Generation=  4  Result=0.00155219  Best=0.00001574   Time=0.1  Run Time=86.5
FIRESTARTER_OPTIMIZE: Seed=0  Test=26  Generation=  5 *Result=0.00000145  Best=0.00000145   Time=0.1  Run Time=86.7
FIRESTARTER_OPTIMIZE: Seed=0  Test=26  Generation=  6  Result=0.00025407  Best=0.00000145   Time=0.1  Run Time=86.8
FIRESTARTER_OPTIMIZE: Seed=0  Test=26  Generation=  7  Result=0.00000150  Best=0.00000145   Time=0.1  Run Time=87.0
FIRESTARTER_OPTIMIZE: Seed=0  Test=26  Generation=  8 *Result=0.00000009  Best=0.00000009   Time=0.1  Run Time=87.1
