CUDA devices = 1
Device 0: NVIDIA GeForce RTX 4090

variations = 1
samples = 15
instructions = 32
registers = 30
opcodes = 2
patternOpcodes = 4

targetMin = 0.000000f
targetMax = 6.283185f
target = 0.000001f

mode = FIRESTARTER_OPTIMIZE
evolveSeed = 0
optimizeSeed = 0
tests = 256
streams = 1
units = 1
states = 1
generations = 0
population = 65536
iterations = 64
passes = 512
candidates = 16
attempts = 0
optimize = 1

scale = 0.100000f
startScale = 4.000000f
startResult = 10.000000f

FIRESTARTER_OPTIMIZE: Seed=0  Test=174  Generation=  2 *Result=0.00150214  Best=0.00150214   Time=0.1  Run Time=1412.2
FIRESTARTER_OPTIMIZE: Seed=0  Test=174  Generation=  3 *Result=0.00030989  Best=0.00030989   Time=0.1  Run Time=1412.7
FIRESTARTER_OPTIMIZE: Seed=0  Test=174  Generation=  4 *Result=0.00000166  Best=0.00000166   Time=0.1  Run Time=1413.1
FIRESTARTER_OPTIMIZE: Seed=0  Test=174  Generation=  5  Result=0.00137335  Best=0.00000166   Time=0.1  Run Time=1413.6
FIRESTARTER_OPTIMIZE: Seed=0  Test=174  Generation=  6  Result=0.00000397  Best=0.00000166   Time=0.1  Run Time=1414.1
FIRESTARTER_OPTIMIZE: Seed=0  Test=174  Generation=  7  Result=0.00000231  Best=0.00000166   Time=0.1  Run Time=1414.5
FIRESTARTER_OPTIMIZE: Seed=0  Test=174  Generation=  8  Result=0.00163686  Best=0.00000166   Time=0.1  Run Time=1415.0
FIRESTARTER_OPTIMIZE: Seed=0  Test=174  Generation=  9  Result=0.00018250  Best=0.00000166   Time=0.1  Run Time=1415.5
FIRESTARTER_OPTIMIZE: Seed=0  Test=174  Generation= 10  Result=0.00613942  Best=0.00000166   Time=0.1  Run Time=1415.9
FIRESTARTER_OPTIMIZE: Seed=0  Test=174  Generation= 11 *Result=0.00000036  Best=0.00000036   Time=0.1  Run Time=1416.4
