CUDA devices = 1
Device 0: NVIDIA GeForce RTX 4090

variations = 1
instructions = 32
registers = 30
opcodes = 2
patternOpcodes = 4

targetMin = 0.000000f
targetMax = 6.283185f
target = 0.000001f

mode = FIRESTARTER_OPTIMIZE
evolveSeed = 1
optimizeSeed = 1
tests = 256
streams = 1
units = 1
states = 1
generations = 0
population = 65536
passes = 512
attempts = 0
optimize = 1

scale = 0.300000f
startScale = 2.500000f
startResult = 10.000000f

FIRESTARTER_OPTIMIZE: Seed=1  Test=178  Generation=  2 *Result=0.00001906  Best=0.00001906   Time=0.1  Run Time=550.8
FIRESTARTER_OPTIMIZE: Seed=1  Test=178  Generation=  3  Result=0.00044954  Best=0.00001906   Time=0.1  Run Time=551.3
FIRESTARTER_OPTIMIZE: Seed=1  Test=178  Generation=  4  Result=0.00026954  Best=0.00001906   Time=0.1  Run Time=551.7
FIRESTARTER_OPTIMIZE: Seed=1  Test=178  Generation=  5 *Result=0.00000319  Best=0.00000319   Time=0.1  Run Time=552.1
FIRESTARTER_OPTIMIZE: Seed=1  Test=178  Generation=  6  Result=0.00005016  Best=0.00000319   Time=0.1  Run Time=552.6
FIRESTARTER_OPTIMIZE: Seed=1  Test=178  Generation=  7 *Result=0.00000199  Best=0.00000199   Time=0.1  Run Time=553.0
FIRESTARTER_OPTIMIZE: Seed=1  Test=178  Generation=  8 *Result=0.00000094  Best=0.00000094   Time=0.1  Run Time=553.4
