CUDA devices = 1
Device 0: NVIDIA GeForce RTX 4090 Laptop GPU

variations = 1
instructions = 32
registers = 30
opcodes = 2
patternOpcodes = 4

targetMin = 0.000000f
targetMax = 6.283185f
target = 0.000001f

mode = FIRESTARTER_OPTIMIZE
evolveSeed = 0
optimizeSeed = 0
tests = 256
streams = 1
units = 1
states = 1
generations = 0
population = 65536
passes = 384
attempts = 0
optimize = 1

scale = 0.300000f
startScale = 2.500000f
startResult = 10.000000f

FIRESTARTER_OPTIMIZE: Seed=0  Test=20  Generation=  2 *Result=0.00614197  Best=0.00614197   Time=0.1  Run Time=105.3
FIRESTARTER_OPTIMIZE: Seed=0  Test=20  Generation=  3 *Result=0.00000248  Best=0.00000248   Time=0.1  Run Time=105.9
FIRESTARTER_OPTIMIZE: Seed=0  Test=20  Generation=  4  Result=0.00024706  Best=0.00000248   Time=0.1  Run Time=106.5
FIRESTARTER_OPTIMIZE: Seed=0  Test=20  Generation=  5  Result=0.00000832  Best=0.00000248   Time=0.1  Run Time=107.1
FIRESTARTER_OPTIMIZE: Seed=0  Test=20  Generation=  6  Result=0.00018269  Best=0.00000248   Time=0.1  Run Time=107.6
FIRESTARTER_OPTIMIZE: Seed=0  Test=20  Generation=  7 *Result=0.00000188  Best=0.00000188   Time=0.1  Run Time=108.2
FIRESTARTER_OPTIMIZE: Seed=0  Test=20  Generation=  8 *Result=0.00000045  Best=0.00000045   Time=0.1  Run Time=108.8
