CUDA devices = 1
Device 0: NVIDIA GeForce RTX 4090

variations = 1
samples = 15
instructions = 30
registers = 30
opcodes = 2
patternOpcodes = 4

targetMin = 0.000000f
targetMax = 6.283185f
target = 0.000001f

mode = FIRESTARTER_OPTIMIZE
evolveSeed = 0
optimizeSeed = 0
tests = 256
streams = 1
units = 1
states = 1
generations = 0
population = 65536
iterations = 64
passes = 512
candidates = 16
attempts = 0
optimize = 1

scale = 0.300000f
startScale = 2.500000f
startResult = 10.000000f

FIRESTARTER_OPTIMIZE: Seed=0  Test=160  Generation=  2 *Result=0.00018252  Best=0.00018252   Time=0.1  Run Time=540.5
FIRESTARTER_OPTIMIZE: Seed=0  Test=160  Generation=  3 *Result=0.00000328  Best=0.00000328   Time=0.1  Run Time=541.0
FIRESTARTER_OPTIMIZE: Seed=0  Test=160  Generation=  4  Result=0.00000483  Best=0.00000328   Time=0.1  Run Time=541.4
FIRESTARTER_OPTIMIZE: Seed=0  Test=160  Generation=  5  Result=0.00015405  Best=0.00000328   Time=0.1  Run Time=541.9
FIRESTARTER_OPTIMIZE: Seed=0  Test=160  Generation=  6  Result=0.00002560  Best=0.00000328   Time=0.1  Run Time=542.3
FIRESTARTER_OPTIMIZE: Seed=0  Test=160  Generation=  7  Result=0.00028968  Best=0.00000328   Time=0.1  Run Time=542.7
FIRESTARTER_OPTIMIZE: Seed=0  Test=160  Generation=  8  Result=0.00001484  Best=0.00000328   Time=0.1  Run Time=543.3
FIRESTARTER_OPTIMIZE: Seed=0  Test=160  Generation=  9  Result=0.00000622  Best=0.00000328   Time=0.1  Run Time=543.7
FIRESTARTER_OPTIMIZE: Seed=0  Test=160  Generation= 10  Result=0.00001118  Best=0.00000328   Time=0.1  Run Time=544.1
FIRESTARTER_OPTIMIZE: Seed=0  Test=160  Generation= 11  Result=0.00000826  Best=0.00000328   Time=0.1  Run Time=544.6
FIRESTARTER_OPTIMIZE: Seed=0  Test=160  Generation= 12  Result=0.00007153  Best=0.00000328   Time=0.1  Run Time=545.0
FIRESTARTER_OPTIMIZE: Seed=0  Test=160  Generation= 13  Result=0.00009638  Best=0.00000328   Time=0.1  Run Time=545.4
FIRESTARTER_OPTIMIZE: Seed=0  Test=160  Generation= 14 *Result=0.00000012  Best=0.00000012   Time=0.1  Run Time=545.8
