CUDA devices = 1
Device 0: NVIDIA GeForce RTX 4090

variations = 1
instructions = 32
registers = 30
opcodes = 2
patternOpcodes = 4

targetMin = 0.000000f
targetMax = 6.283185f
target = 0.000001f

mode = FIRESTARTER_OPTIMIZE
evolveSeed = 0
optimizeSeed = 0
tests = 256
streams = 1
units = 1
states = 1
generations = 0
population = 32768
passes = 512
attempts = 0
optimize = 1

scale = 0.300000f
startScale = 2.500000f
startResult = 10.000000f

FIRESTARTER_OPTIMIZE: Seed=0  Test=118  Generation=  2 *Result=0.00235740  Best=0.00235740   Time=0.1  Run Time=335.9
FIRESTARTER_OPTIMIZE: Seed=0  Test=118  Generation=  3 *Result=0.00010673  Best=0.00010673   Time=0.1  Run Time=336.2
FIRESTARTER_OPTIMIZE: Seed=0  Test=118  Generation=  4 *Result=0.00000350  Best=0.00000350   Time=0.1  Run Time=336.5
FIRESTARTER_OPTIMIZE: Seed=0  Test=118  Generation=  5  Result=0.00005227  Best=0.00000350   Time=0.1  Run Time=336.9
FIRESTARTER_OPTIMIZE: Seed=0  Test=118  Generation=  6  Result=0.00028318  Best=0.00000350   Time=0.1  Run Time=337.2
FIRESTARTER_OPTIMIZE: Seed=0  Test=118  Generation=  7  Result=0.00002193  Best=0.00000350   Time=0.1  Run Time=337.6
FIRESTARTER_OPTIMIZE: Seed=0  Test=118  Generation=  8  Result=0.00009197  Best=0.00000350   Time=0.1  Run Time=337.9
FIRESTARTER_OPTIMIZE: Seed=0  Test=118  Generation=  9 *Result=0.00000010  Best=0.00000010   Time=0.1  Run Time=338.2
