CUDA devices = 1
Device 0: NVIDIA GeForce RTX 4090

variations = 1
samples = 15
instructions = 32
registers = 30
opcodes = 2
patternOpcodes = 4

targetMin = 0.000000f
targetMax = 6.283185f
target = 0.000001f

mode = FIRESTARTER_OPTIMIZE
evolveSeed = 0
optimizeSeed = 0
tests = 256
streams = 1
units = 1
states = 1
generations = 0
population = 65536
iterations = 64
passes = 512
candidates = 16
attempts = 0
optimize = 1

scale = 0.100000f
startScale = 2.500000f
startResult = 10.000000f

FIRESTARTER_OPTIMIZE: Seed=0  Test=41  Generation=  2 *Result=0.00048721  Best=0.00048721   Time=0.1  Run Time=251.0
FIRESTARTER_OPTIMIZE: Seed=0  Test=41  Generation=  3 *Result=0.00042962  Best=0.00042962   Time=0.1  Run Time=251.4
FIRESTARTER_OPTIMIZE: Seed=0  Test=41  Generation=  4 *Result=0.00038787  Best=0.00038787   Time=0.1  Run Time=251.9
FIRESTARTER_OPTIMIZE: Seed=0  Test=41  Generation=  5 *Result=0.00001505  Best=0.00001505   Time=0.1  Run Time=252.3
FIRESTARTER_OPTIMIZE: Seed=0  Test=41  Generation=  6  Result=0.00615928  Best=0.00001505   Time=0.1  Run Time=252.8
FIRESTARTER_OPTIMIZE: Seed=0  Test=41  Generation=  7  Result=0.00012862  Best=0.00001505   Time=0.1  Run Time=253.2
FIRESTARTER_OPTIMIZE: Seed=0  Test=41  Generation=  8  Result=0.00071740  Best=0.00001505   Time=0.1  Run Time=253.6
FIRESTARTER_OPTIMIZE: Seed=0  Test=41  Generation=  9 *Result=0.00000411  Best=0.00000411   Time=0.1  Run Time=254.1
FIRESTARTER_OPTIMIZE: Seed=0  Test=41  Generation= 10  Result=0.00614303  Best=0.00000411   Time=0.1  Run Time=254.5
FIRESTARTER_OPTIMIZE: Seed=0  Test=41  Generation= 11  Result=0.00061589  Best=0.00000411   Time=0.1  Run Time=255.0
FIRESTARTER_OPTIMIZE: Seed=0  Test=41  Generation= 12  Result=0.00109076  Best=0.00000411   Time=0.1  Run Time=255.4
FIRESTARTER_OPTIMIZE: Seed=0  Test=41  Generation= 13  Result=0.00614566  Best=0.00000411   Time=0.1  Run Time=255.9
FIRESTARTER_OPTIMIZE: Seed=0  Test=41  Generation= 14 *Result=0.00000049  Best=0.00000049   Time=0.1  Run Time=256.3
