CUDA devices = 1
Device 0: NVIDIA GeForce RTX 4090

variations = 3
samples = 15
instructions = 32
registers = 29
opcodes = 2
patternOpcodes = 4

targetMin = 0.000000f
targetMax = 6.283185f
evolveTarget = 0.000001f

mode = FIRESTARTER_EVOLVE
evolveSeed = 1
optimizeSeed = 1
tests = 256
streams = 8
units = 1
states = 1
generations = 128
population = 278528
iterations = 64
passes = 500
precision = 0
candidates = 16
attempts = 0
optimize = 8

scale = 0.100000f
startScale = 2.000000f
startResult = 10.000000f

FIRESTARTER_EVOLVE: Seed=1  Test=179  Index=   0  CopyIndex=   0  Id=   0  Generation=  0  Age=  0  Evolution= 0  Children0= 0  Children1= 0  EvolveWeight=-1.00000000  Old Result=10.00000000 *New Result=0.82688546  Best=0.82688546  BestError=0.00000060  BestAge=0
FIRESTARTER_EVOLVE: Seed=1  Test=179  Index=   0  CopyIndex=   0  Id=   0  Generation=  1  Age=  1  Evolution= 1  Children0= 1  Children1= 1  EvolveWeight=0.82688546  Old Result=0.82688546  Bad Result=0.86555976  Best=0.82688546  BestError=0.00000060  BestAge=1
FIRESTARTER_EVOLVE: Seed=1  Test=179  Index=   0  CopyIndex=   0  Id=   0  Generation=  2  Age=  2  Evolution= 1  Children0= 2  Children1= 2  EvolveWeight=0.92611170  Old Result=0.82688546 *New Result=0.63057238  Best=0.63057238  BestError=0.00000060  BestAge=0
FIRESTARTER_EVOLVE: Seed=1  Test=179  Index=   0  CopyIndex=   1  Id=   0  Generation=  3  Age=  1  Evolution= 2  Children0= 3  Children1= 1  EvolveWeight=0.65579528  Old Result=0.63057238  Bad Result=0.63413620  Best=0.63057238  BestError=0.00000060  BestAge=1
FIRESTARTER_EVOLVE: Seed=1  Test=179  Index=   0  CopyIndex=   1  Id=   0  Generation=  4  Age=  2  Evolution= 2  Children0= 4  Children1= 2  EvolveWeight=0.71885252  Old Result=0.63057238 *New Result=0.60131127  Best=0.60131127  BestError=0.00000060  BestAge=0
FIRESTARTER_EVOLVE: Seed=1  Test=179  Index=   0  CopyIndex=   2  Id=   0  Generation=  5  Age=  1  Evolution= 3  Children0= 5  Children1= 1  EvolveWeight=0.64941621  Old Result=0.60131127 *New Result=0.35942024  Best=0.35942024  BestError=0.00000060  BestAge=0
