CUDA devices = 1
Device 0: NVIDIA GeForce RTX 4090

variations = 1
samples = 15
instructions = 32
registers = 30
opcodes = 2
patternOpcodes = 4

targetMin = 0.000000f
targetMax = 6.283185f
target = 0.000001f

mode = FIRESTARTER_OPTIMIZE
evolveSeed = 123
optimizeSeed = 123
tests = 256
streams = 1
units = 1
states = 1
generations = 0
population = 65536
iterations = 64
passes = 512
candidates = 16
attempts = 0
optimize = 1

scale = 0.300000f
startScale = 2.500000f
startResult = 10.000000f

FIRESTARTER_OPTIMIZE: Seed=123  Test=24  Generation=  2 *Result=0.00615156  Best=0.00615156   Time=0.1  Run Time=78.1
FIRESTARTER_OPTIMIZE: Seed=123  Test=24  Generation=  3 *Result=0.00018239  Best=0.00018239   Time=0.1  Run Time=78.5
FIRESTARTER_OPTIMIZE: Seed=123  Test=24  Generation=  4 *Result=0.00009040  Best=0.00009040   Time=0.1  Run Time=78.8
FIRESTARTER_OPTIMIZE: Seed=123  Test=24  Generation=  5 *Result=0.00001556  Best=0.00001556   Time=0.1  Run Time=79.2
FIRESTARTER_OPTIMIZE: Seed=123  Test=24  Generation=  6  Result=0.00017799  Best=0.00001556   Time=0.1  Run Time=79.6
FIRESTARTER_OPTIMIZE: Seed=123  Test=24  Generation=  7 *Result=0.00000134  Best=0.00000134   Time=0.1  Run Time=80.0
FIRESTARTER_OPTIMIZE: Seed=123  Test=24  Generation=  8  Result=0.00018105  Best=0.00000134   Time=0.1  Run Time=80.4
FIRESTARTER_OPTIMIZE: Seed=123  Test=24  Generation=  9  Result=0.00029054  Best=0.00000134   Time=0.1  Run Time=80.8
FIRESTARTER_OPTIMIZE: Seed=123  Test=24  Generation= 10 *Result=0.00000009  Best=0.00000009   Time=0.1  Run Time=81.3
