CUDA devices = 1
Device 0: NVIDIA GeForce RTX 4090

variations = 1
instructions = 32
registers = 30
opcodes = 2
patternOpcodes = 4

targetMin = 0.000000f
targetMax = 6.283185f
target = 0.000001f

mode = FIRESTARTER_OPTIMIZE
evolveSeed = 0
optimizeSeed = 0
tests = 256
streams = 1
units = 1
states = 1
generations = 0
population = 49152
passes = 256
attempts = 0
optimize = 1

scale = 0.300000f
startScale = 2.500000f
startResult = 10.000000f

FIRESTARTER_OPTIMIZE: Seed=0  Test=72  Generation=  2 *Result=0.00011891  Best=0.00011891   Time=0.1  Run Time=192.2
FIRESTARTER_OPTIMIZE: Seed=0  Test=72  Generation=  3  Result=0.00064691  Best=0.00011891   Time=0.1  Run Time=192.6
FIRESTARTER_OPTIMIZE: Seed=0  Test=72  Generation=  4  Result=0.00035062  Best=0.00011891   Time=0.1  Run Time=192.9
FIRESTARTER_OPTIMIZE: Seed=0  Test=72  Generation=  5  Result=0.00018319  Best=0.00011891   Time=0.1  Run Time=193.2
FIRESTARTER_OPTIMIZE: Seed=0  Test=72  Generation=  6  Result=0.00045931  Best=0.00011891   Time=0.1  Run Time=193.5
FIRESTARTER_OPTIMIZE: Seed=0  Test=72  Generation=  7 *Result=0.00009915  Best=0.00009915   Time=0.1  Run Time=193.8
FIRESTARTER_OPTIMIZE: Seed=0  Test=72  Generation=  8 *Result=0.00000048  Best=0.00000048   Time=0.0  Run Time=194.1
