CUDA devices = 1
Device 0: NVIDIA GeForce RTX 4090

variations = 1
samples = 15
instructions = 32
registers = 30
opcodes = 2
patternOpcodes = 4

targetMin = 0.000000f
targetMax = 6.283185f
target = 0.000001f

mode = FIRESTARTER_OPTIMIZE
evolveSeed = 123
optimizeSeed = 123
tests = 256
streams = 1
units = 1
states = 1
generations = 0
population = 65536
iterations = 64
passes = 512
candidates = 16
attempts = 0
optimize = 1

scale = 0.300000f
startScale = 2.500000f
startResult = 10.000000f

FIRESTARTER_OPTIMIZE: Seed=123  Test=104  Generation=  2 *Result=0.00000103  Best=0.00000103   Time=0.1  Run Time=333.6
FIRESTARTER_OPTIMIZE: Seed=123  Test=104  Generation=  3  Result=0.00016240  Best=0.00000103   Time=0.1  Run Time=334.0
FIRESTARTER_OPTIMIZE: Seed=123  Test=104  Generation=  4  Result=0.00003283  Best=0.00000103   Time=0.1  Run Time=334.4
FIRESTARTER_OPTIMIZE: Seed=123  Test=104  Generation=  5  Result=0.00066259  Best=0.00000103   Time=0.1  Run Time=334.7
FIRESTARTER_OPTIMIZE: Seed=123  Test=104  Generation=  6  Result=0.00029367  Best=0.00000103   Time=0.1  Run Time=335.1
FIRESTARTER_OPTIMIZE: Seed=123  Test=104  Generation=  7  Result=0.00065830  Best=0.00000103   Time=0.1  Run Time=335.5
FIRESTARTER_OPTIMIZE: Seed=123  Test=104  Generation=  8  Result=0.00000481  Best=0.00000103   Time=0.1  Run Time=335.9
FIRESTARTER_OPTIMIZE: Seed=123  Test=104  Generation=  9  Result=0.00322355  Best=0.00000103   Time=0.1  Run Time=336.3
FIRESTARTER_OPTIMIZE: Seed=123  Test=104  Generation= 10  Result=0.00030362  Best=0.00000103   Time=0.1  Run Time=336.7
FIRESTARTER_OPTIMIZE: Seed=123  Test=104  Generation= 11 *Result=0.00000077  Best=0.00000077   Time=0.1  Run Time=337.0
