CUDA devices = 1
Device 0: NVIDIA GeForce RTX 4090

variations = 1
samples = 15
instructions = 32
registers = 30
opcodes = 2
patternOpcodes = 4

targetMin = 0.000000f
targetMax = 6.283185f
target = 0.000001f

mode = FIRESTARTER_OPTIMIZE
evolveSeed = 0
optimizeSeed = 0
tests = 256
streams = 1
units = 1
states = 1
generations = 0
population = 65536
iterations = 64
passes = 512
candidates = 16
attempts = 0
optimize = 1

scale = 0.100000f
startScale = 3.000000f
startResult = 10.000000f

FIRESTARTER_OPTIMIZE: Seed=0  Test=41  Generation=  2 *Result=0.00614102  Best=0.00614102   Time=0.1  Run Time=248.0
FIRESTARTER_OPTIMIZE: Seed=0  Test=41  Generation=  3 *Result=0.00027514  Best=0.00027514   Time=0.1  Run Time=248.4
FIRESTARTER_OPTIMIZE: Seed=0  Test=41  Generation=  4 *Result=0.00000140  Best=0.00000140   Time=0.1  Run Time=248.9
FIRESTARTER_OPTIMIZE: Seed=0  Test=41  Generation=  5  Result=0.00035073  Best=0.00000140   Time=0.1  Run Time=249.3
FIRESTARTER_OPTIMIZE: Seed=0  Test=41  Generation=  6  Result=0.00088274  Best=0.00000140   Time=0.1  Run Time=249.8
FIRESTARTER_OPTIMIZE: Seed=0  Test=41  Generation=  7  Result=0.00018244  Best=0.00000140   Time=0.1  Run Time=250.2
FIRESTARTER_OPTIMIZE: Seed=0  Test=41  Generation=  8  Result=0.00012460  Best=0.00000140   Time=0.1  Run Time=250.6
FIRESTARTER_OPTIMIZE: Seed=0  Test=41  Generation=  9  Result=0.00351952  Best=0.00000140   Time=0.1  Run Time=251.1
FIRESTARTER_OPTIMIZE: Seed=0  Test=41  Generation= 10  Result=0.00001629  Best=0.00000140   Time=0.1  Run Time=251.5
FIRESTARTER_OPTIMIZE: Seed=0  Test=41  Generation= 11  Result=0.00009250  Best=0.00000140   Time=0.1  Run Time=252.0
FIRESTARTER_OPTIMIZE: Seed=0  Test=41  Generation= 12  Result=0.00613999  Best=0.00000140   Time=0.1  Run Time=252.5
FIRESTARTER_OPTIMIZE: Seed=0  Test=41  Generation= 13  Result=0.00023614  Best=0.00000140   Time=0.1  Run Time=252.9
FIRESTARTER_OPTIMIZE: Seed=0  Test=41  Generation= 14 *Result=0.00000025  Best=0.00000025   Time=0.1  Run Time=253.4
