CUDA devices = 1
Device 0: NVIDIA GeForce RTX 4090

variations = 1
instructions = 32
registers = 30
opcodes = 2
patternOpcodes = 4

targetMin = 0.000000f
targetMax = 6.283185f
target = 0.000001f

mode = FIRESTARTER_OPTIMIZE
evolveSeed = 0
optimizeSeed = 0
tests = 256
streams = 1
units = 1
states = 1
generations = 0
population = 32768
passes = 512
attempts = 0
optimize = 1

scale = 0.300000f
startScale = 2.500000f
startResult = 10.000000f

FIRESTARTER_OPTIMIZE: Seed=0  Test=93  Generation=  2 *Result=0.00050325  Best=0.00050325   Time=0.1  Run Time=263.6
FIRESTARTER_OPTIMIZE: Seed=0  Test=93  Generation=  3 *Result=0.00018784  Best=0.00018784   Time=0.1  Run Time=263.9
FIRESTARTER_OPTIMIZE: Seed=0  Test=93  Generation=  4  Result=0.00059581  Best=0.00018784   Time=0.1  Run Time=264.3
FIRESTARTER_OPTIMIZE: Seed=0  Test=93  Generation=  5 *Result=0.00009302  Best=0.00009302   Time=0.1  Run Time=264.6
FIRESTARTER_OPTIMIZE: Seed=0  Test=93  Generation=  6  Result=0.00035616  Best=0.00009302   Time=0.1  Run Time=264.9
FIRESTARTER_OPTIMIZE: Seed=0  Test=93  Generation=  7 *Result=0.00006417  Best=0.00006417   Time=0.1  Run Time=265.2
FIRESTARTER_OPTIMIZE: Seed=0  Test=93  Generation=  8  Result=0.00015995  Best=0.00006417   Time=0.1  Run Time=265.6
FIRESTARTER_OPTIMIZE: Seed=0  Test=93  Generation=  9 *Result=0.00000628  Best=0.00000628   Time=0.1  Run Time=265.9
FIRESTARTER_OPTIMIZE: Seed=0  Test=93  Generation= 10  Result=0.00008644  Best=0.00000628   Time=0.1  Run Time=266.2
FIRESTARTER_OPTIMIZE: Seed=0  Test=93  Generation= 11 *Result=0.00000018  Best=0.00000018   Time=0.1  Run Time=266.6
