CUDA devices = 1
Device 0: NVIDIA GeForce RTX 4090

variations = 1
samples = 15
instructions = 28
registers = 28
opcodes = 2
patternOpcodes = 4

targetMin = 0.000000f
targetMax = 6.283185f
target = 0.000001f

mode = FIRESTARTER_OPTIMIZE
evolveSeed = 0
optimizeSeed = 0
tests = 256
streams = 1
units = 1
states = 1
generations = 0
population = 65536
iterations = 64
passes = 512
candidates = 16
attempts = 0
optimize = 1

scale = 0.300000f
startScale = 2.500000f
startResult = 10.000000f

FIRESTARTER_OPTIMIZE: Seed=0  Test=52  Generation=  2 *Result=0.00000414  Best=0.00000414   Time=0.1  Run Time=144.2
FIRESTARTER_OPTIMIZE: Seed=0  Test=52  Generation=  3  Result=0.00015603  Best=0.00000414   Time=0.1  Run Time=144.7
FIRESTARTER_OPTIMIZE: Seed=0  Test=52  Generation=  4  Result=0.00029361  Best=0.00000414   Time=0.1  Run Time=145.1
FIRESTARTER_OPTIMIZE: Seed=0  Test=52  Generation=  5  Result=0.00018240  Best=0.00000414   Time=0.1  Run Time=145.5
FIRESTARTER_OPTIMIZE: Seed=0  Test=52  Generation=  6  Result=0.00005265  Best=0.00000414   Time=0.1  Run Time=145.9
FIRESTARTER_OPTIMIZE: Seed=0  Test=52  Generation=  7  Result=0.00018258  Best=0.00000414   Time=0.1  Run Time=146.4
FIRESTARTER_OPTIMIZE: Seed=0  Test=52  Generation=  8  Result=0.00018283  Best=0.00000414   Time=0.1  Run Time=146.8
FIRESTARTER_OPTIMIZE: Seed=0  Test=52  Generation=  9 *Result=0.00000081  Best=0.00000081   Time=0.1  Run Time=147.2
