CUDA devices = 1
Device 0: NVIDIA GeForce RTX 4090

variations = 1
samples = 15
instructions = 32
registers = 30
opcodes = 2
patternOpcodes = 4

targetMin = 0.000000f
targetMax = 6.283185f
target = 0.000001f

mode = FIRESTARTER_OPTIMIZE
evolveSeed = 0
optimizeSeed = 0
tests = 256
streams = 1
units = 1
states = 1
generations = 0
population = 65536
iterations = 64
passes = 512
candidates = 16
attempts = 0
optimize = 1

scale = 0.200000f
startScale = 2.500000f
startResult = 10.000000f

FIRESTARTER_OPTIMIZE: Seed=0  Test=126  Generation=  2 *Result=0.00614953  Best=0.00614953   Time=0.1  Run Time=531.6
FIRESTARTER_OPTIMIZE: Seed=0  Test=126  Generation=  3 *Result=0.00017677  Best=0.00017677   Time=0.1  Run Time=532.1
FIRESTARTER_OPTIMIZE: Seed=0  Test=126  Generation=  4 *Result=0.00000124  Best=0.00000124   Time=0.1  Run Time=532.5
FIRESTARTER_OPTIMIZE: Seed=0  Test=126  Generation=  5  Result=0.00003457  Best=0.00000124   Time=0.1  Run Time=533.0
FIRESTARTER_OPTIMIZE: Seed=0  Test=126  Generation=  6  Result=0.00009617  Best=0.00000124   Time=0.1  Run Time=533.4
FIRESTARTER_OPTIMIZE: Seed=0  Test=126  Generation=  7  Result=0.00010061  Best=0.00000124   Time=0.1  Run Time=533.8
FIRESTARTER_OPTIMIZE: Seed=0  Test=126  Generation=  8  Result=0.00006525  Best=0.00000124   Time=0.1  Run Time=534.3
FIRESTARTER_OPTIMIZE: Seed=0  Test=126  Generation=  9  Result=0.00005655  Best=0.00000124   Time=0.1  Run Time=534.7
FIRESTARTER_OPTIMIZE: Seed=0  Test=126  Generation= 10  Result=0.00063980  Best=0.00000124   Time=0.1  Run Time=535.2
FIRESTARTER_OPTIMIZE: Seed=0  Test=126  Generation= 11  Result=0.00001457  Best=0.00000124   Time=0.1  Run Time=535.6
FIRESTARTER_OPTIMIZE: Seed=0  Test=126  Generation= 12 *Result=0.00000022  Best=0.00000022   Time=0.1  Run Time=536.1
