CUDA devices = 1
Device 0: NVIDIA GeForce RTX 4090

variations = 1
instructions = 32
registers = 30
opcodes = 2
patternOpcodes = 4

targetMin = 0.000000f
targetMax = 6.283185f
target = 0.000001f

mode = FIRESTARTER_OPTIMIZE
evolveSeed = 1
optimizeSeed = 1
tests = 256
streams = 1
units = 1
states = 1
generations = 0
population = 49152
passes = 384
attempts = 0
optimize = 1

scale = 0.300000f
startScale = 2.500000f
startResult = 10.000000f

FIRESTARTER_OPTIMIZE: Seed=1  Test= 6  Generation=  2 *Result=0.00037876  Best=0.00037876   Time=0.1  Run Time=15.1
FIRESTARTER_OPTIMIZE: Seed=1  Test= 6  Generation=  3 *Result=0.00017137  Best=0.00017137   Time=0.1  Run Time=15.5
FIRESTARTER_OPTIMIZE: Seed=1  Test= 6  Generation=  4 *Result=0.00000750  Best=0.00000750   Time=0.1  Run Time=15.8
FIRESTARTER_OPTIMIZE: Seed=1  Test= 6  Generation=  5  Result=0.00006247  Best=0.00000750   Time=0.1  Run Time=16.2
FIRESTARTER_OPTIMIZE: Seed=1  Test= 6  Generation=  6  Result=0.00012594  Best=0.00000750   Time=0.1  Run Time=16.5
FIRESTARTER_OPTIMIZE: Seed=1  Test= 6  Generation=  7  Result=0.00023252  Best=0.00000750   Time=0.1  Run Time=16.8
FIRESTARTER_OPTIMIZE: Seed=1  Test= 6  Generation=  8  Result=0.00018608  Best=0.00000750   Time=0.1  Run Time=17.1
FIRESTARTER_OPTIMIZE: Seed=1  Test= 6  Generation=  9 *Result=0.00000105  Best=0.00000105   Time=0.1  Run Time=17.5
FIRESTARTER_OPTIMIZE: Seed=1  Test= 6  Generation= 10  Result=0.00003046  Best=0.00000105   Time=0.1  Run Time=17.8
FIRESTARTER_OPTIMIZE: Seed=1  Test= 6  Generation= 11  Result=0.00004569  Best=0.00000105   Time=0.1  Run Time=18.1
FIRESTARTER_OPTIMIZE: Seed=1  Test= 6  Generation= 12 *Result=0.00000029  Best=0.00000029   Time=0.1  Run Time=18.5
