CUDA devices = 1
Device 0: NVIDIA GeForce RTX 4090

variations = 1
instructions = 32
registers = 30
opcodes = 2
patternOpcodes = 4

targetMin = 0.000000f
targetMax = 6.283185f
target = 0.000001f

mode = FIRESTARTER_OPTIMIZE
evolveSeed = 0
optimizeSeed = 0
tests = 256
streams = 1
units = 1
states = 1
generations = 0
population = 49152
passes = 256
attempts = 0
optimize = 1

scale = 0.300000f
startScale = 2.500000f
startResult = 10.000000f

FIRESTARTER_OPTIMIZE: Seed=0  Test=67  Generation=  2 *Result=0.00004674  Best=0.00004674   Time=0.1  Run Time=175.2
FIRESTARTER_OPTIMIZE: Seed=0  Test=67  Generation=  3  Result=0.00056189  Best=0.00004674   Time=0.1  Run Time=175.4
FIRESTARTER_OPTIMIZE: Seed=0  Test=67  Generation=  4 *Result=0.00001897  Best=0.00001897   Time=0.1  Run Time=175.7
FIRESTARTER_OPTIMIZE: Seed=0  Test=67  Generation=  5  Result=0.00001956  Best=0.00001897   Time=0.1  Run Time=176.0
FIRESTARTER_OPTIMIZE: Seed=0  Test=67  Generation=  6 *Result=0.00000403  Best=0.00000403   Time=0.1  Run Time=176.4
FIRESTARTER_OPTIMIZE: Seed=0  Test=67  Generation=  7  Result=0.00019872  Best=0.00000403   Time=0.1  Run Time=176.7
FIRESTARTER_OPTIMIZE: Seed=0  Test=67  Generation=  8  Result=0.00013728  Best=0.00000403   Time=0.1  Run Time=177.0
FIRESTARTER_OPTIMIZE: Seed=0  Test=67  Generation=  9 *Result=0.00000050  Best=0.00000050   Time=0.1  Run Time=177.3
