CUDA devices = 1
Device 0: NVIDIA GeForce RTX 4090

variations = 1
instructions = 32
registers = 30
opcodes = 2
patternOpcodes = 4

targetMin = 0.000000f
targetMax = 6.283185f
target = 0.000001f

mode = FIRESTARTER_OPTIMIZE
evolveSeed = 0
optimizeSeed = 0
tests = 256
streams = 1
units = 1
states = 1
generations = 0
population = 65536
passes = 512
attempts = 0
optimize = 1

scale = 0.300000f
startScale = 2.500000f
startResult = 10.000000f

FIRESTARTER_OPTIMIZE: Seed=0  Test=204  Generation=  2 *Result=0.00002039  Best=0.00002039   Time=0.1  Run Time=541.1
FIRESTARTER_OPTIMIZE: Seed=0  Test=204  Generation=  3 *Result=0.00000375  Best=0.00000375   Time=0.1  Run Time=541.5
FIRESTARTER_OPTIMIZE: Seed=0  Test=204  Generation=  4  Result=0.00221035  Best=0.00000375   Time=0.1  Run Time=541.8
FIRESTARTER_OPTIMIZE: Seed=0  Test=204  Generation=  5  Result=0.00012907  Best=0.00000375   Time=0.1  Run Time=542.2
FIRESTARTER_OPTIMIZE: Seed=0  Test=204  Generation=  6  Result=0.00003409  Best=0.00000375   Time=0.1  Run Time=542.6
FIRESTARTER_OPTIMIZE: Seed=0  Test=204  Generation=  7  Result=0.00005224  Best=0.00000375   Time=0.1  Run Time=542.9
FIRESTARTER_OPTIMIZE: Seed=0  Test=204  Generation=  8  Result=0.00001025  Best=0.00000375   Time=0.1  Run Time=543.3
FIRESTARTER_OPTIMIZE: Seed=0  Test=204  Generation=  9  Result=0.00000642  Best=0.00000375   Time=0.1  Run Time=543.7
FIRESTARTER_OPTIMIZE: Seed=0  Test=204  Generation= 10  Result=0.00004591  Best=0.00000375   Time=0.1  Run Time=544.0
FIRESTARTER_OPTIMIZE: Seed=0  Test=204  Generation= 11  Result=0.00027743  Best=0.00000375   Time=0.1  Run Time=544.4
FIRESTARTER_OPTIMIZE: Seed=0  Test=204  Generation= 12 *Result=0.00000077  Best=0.00000077   Time=0.1  Run Time=544.8
