CUDA devices = 1
Device 0: NVIDIA GeForce RTX 4090

variations = 1
instructions = 32
registers = 30
opcodes = 2
patternOpcodes = 4

targetMin = 0.000000f
targetMax = 6.283185f
target = 0.000001f

mode = FIRESTARTER_OPTIMIZE
evolveSeed = 1
optimizeSeed = 1
tests = 256
streams = 1
units = 1
states = 1
generations = 0
population = 65536
passes = 512
attempts = 0
optimize = 1

scale = 0.300000f
startScale = 2.500000f
startResult = 10.000000f

FIRESTARTER_OPTIMIZE: Seed=1  Test=231  Generation=  2 *Result=0.00012350  Best=0.00012350   Time=0.1  Run Time=715.3
FIRESTARTER_OPTIMIZE: Seed=1  Test=231  Generation=  3 *Result=0.00006670  Best=0.00006670   Time=0.1  Run Time=715.8
FIRESTARTER_OPTIMIZE: Seed=1  Test=231  Generation=  4  Result=0.00010397  Best=0.00006670   Time=0.1  Run Time=716.2
FIRESTARTER_OPTIMIZE: Seed=1  Test=231  Generation=  5 *Result=0.00000212  Best=0.00000212   Time=0.1  Run Time=716.6
FIRESTARTER_OPTIMIZE: Seed=1  Test=231  Generation=  6  Result=0.00055334  Best=0.00000212   Time=0.1  Run Time=717.0
FIRESTARTER_OPTIMIZE: Seed=1  Test=231  Generation=  7  Result=0.00026602  Best=0.00000212   Time=0.1  Run Time=717.4
FIRESTARTER_OPTIMIZE: Seed=1  Test=231  Generation=  8 *Result=0.00000007  Best=0.00000007   Time=0.1  Run Time=717.8
