CUDA devices = 1
Device 0: NVIDIA GeForce RTX 4090

variations = 1
samples = 15
instructions = 32
registers = 30
opcodes = 2
patternOpcodes = 4

targetMin = 0.000000f
targetMax = 6.283185f
target = 0.000001f

mode = FIRESTARTER_OPTIMIZE
evolveSeed = 123
optimizeSeed = 123
tests = 256
streams = 1
units = 1
states = 1
generations = 0
population = 65536
iterations = 64
passes = 512
candidates = 16
attempts = 0
optimize = 1

scale = 0.300000f
startScale = 2.500000f
startResult = 10.000000f

FIRESTARTER_OPTIMIZE: Seed=123  Test=14  Generation=  2 *Result=0.00007497  Best=0.00007497   Time=0.1  Run Time=54.0
FIRESTARTER_OPTIMIZE: Seed=123  Test=14  Generation=  3 *Result=0.00005159  Best=0.00005159   Time=0.1  Run Time=54.4
FIRESTARTER_OPTIMIZE: Seed=123  Test=14  Generation=  4  Result=0.00008297  Best=0.00005159   Time=0.1  Run Time=54.8
FIRESTARTER_OPTIMIZE: Seed=123  Test=14  Generation=  5 *Result=0.00000196  Best=0.00000196   Time=0.1  Run Time=55.2
FIRESTARTER_OPTIMIZE: Seed=123  Test=14  Generation=  6  Result=0.00008512  Best=0.00000196   Time=0.1  Run Time=55.6
FIRESTARTER_OPTIMIZE: Seed=123  Test=14  Generation=  7  Result=0.00019541  Best=0.00000196   Time=0.1  Run Time=56.1
FIRESTARTER_OPTIMIZE: Seed=123  Test=14  Generation=  8  Result=0.00029963  Best=0.00000196   Time=0.1  Run Time=56.5
FIRESTARTER_OPTIMIZE: Seed=123  Test=14  Generation=  9  Result=0.00087039  Best=0.00000196   Time=0.1  Run Time=57.0
FIRESTARTER_OPTIMIZE: Seed=123  Test=14  Generation= 10  Result=0.00001850  Best=0.00000196   Time=0.1  Run Time=57.4
FIRESTARTER_OPTIMIZE: Seed=123  Test=14  Generation= 11  Result=0.00000280  Best=0.00000196   Time=0.1  Run Time=57.9
FIRESTARTER_OPTIMIZE: Seed=123  Test=14  Generation= 12  Result=0.00093771  Best=0.00000196   Time=0.1  Run Time=58.3
FIRESTARTER_OPTIMIZE: Seed=123  Test=14  Generation= 13  Result=0.00006715  Best=0.00000196   Time=0.1  Run Time=58.7
FIRESTARTER_OPTIMIZE: Seed=123  Test=14  Generation= 14 *Result=0.00000072  Best=0.00000072   Time=0.1  Run Time=59.2
