CUDA devices = 1
Device 0: NVIDIA GeForce RTX 4090

variations = 1
instructions = 32
registers = 30
opcodes = 2
patternOpcodes = 4

targetMin = 0.000000f
targetMax = 6.283185f
target = 0.000001f

mode = FIRESTARTER_OPTIMIZE
evolveSeed = 0
optimizeSeed = 0
tests = 256
streams = 1
units = 1
states = 1
generations = 0
population = 49152
passes = 384
attempts = 0
optimize = 1

scale = 0.300000f
startScale = 2.500000f
startResult = 10.000000f

FIRESTARTER_OPTIMIZE: Seed=0  Test=62  Generation=  2 *Result=0.00009630  Best=0.00009630   Time=0.1  Run Time=158.4
FIRESTARTER_OPTIMIZE: Seed=0  Test=62  Generation=  3 *Result=0.00008703  Best=0.00008703   Time=0.1  Run Time=158.7
FIRESTARTER_OPTIMIZE: Seed=0  Test=62  Generation=  4 *Result=0.00000358  Best=0.00000358   Time=0.1  Run Time=159.0
FIRESTARTER_OPTIMIZE: Seed=0  Test=62  Generation=  5  Result=0.00000405  Best=0.00000358   Time=0.1  Run Time=159.3
FIRESTARTER_OPTIMIZE: Seed=0  Test=62  Generation=  6  Result=0.00221390  Best=0.00000358   Time=0.1  Run Time=159.6
FIRESTARTER_OPTIMIZE: Seed=0  Test=62  Generation=  7 *Result=0.00000023  Best=0.00000023   Time=0.1  Run Time=160.0
