CUDA devices = 1
Device 0: NVIDIA GeForce RTX 4090

variations = 1
samples = 15
instructions = 30
registers = 30
opcodes = 2
patternOpcodes = 4

targetMin = 0.000000f
targetMax = 6.283185f
target = 0.000001f

mode = FIRESTARTER_OPTIMIZE
evolveSeed = 0
optimizeSeed = 0
tests = 256
streams = 1
units = 1
states = 1
generations = 0
population = 65536
iterations = 64
passes = 512
candidates = 16
attempts = 0
optimize = 1

scale = 0.300000f
startScale = 2.500000f
startResult = 10.000000f

FIRESTARTER_OPTIMIZE: Seed=0  Test=162  Generation=  2 *Result=0.00002199  Best=0.00002199   Time=0.1  Run Time=548.5
FIRESTARTER_OPTIMIZE: Seed=0  Test=162  Generation=  3 *Result=0.00001293  Best=0.00001293   Time=0.1  Run Time=549.0
FIRESTARTER_OPTIMIZE: Seed=0  Test=162  Generation=  4  Result=0.00613874  Best=0.00001293   Time=0.1  Run Time=549.4
FIRESTARTER_OPTIMIZE: Seed=0  Test=162  Generation=  5  Result=0.00019311  Best=0.00001293   Time=0.1  Run Time=549.9
FIRESTARTER_OPTIMIZE: Seed=0  Test=162  Generation=  6  Result=0.00005221  Best=0.00001293   Time=0.1  Run Time=550.3
FIRESTARTER_OPTIMIZE: Seed=0  Test=162  Generation=  7 *Result=0.00000596  Best=0.00000596   Time=0.1  Run Time=550.7
FIRESTARTER_OPTIMIZE: Seed=0  Test=162  Generation=  8  Result=0.00005360  Best=0.00000596   Time=0.1  Run Time=551.2
FIRESTARTER_OPTIMIZE: Seed=0  Test=162  Generation=  9 *Result=0.00000217  Best=0.00000217   Time=0.1  Run Time=551.6
FIRESTARTER_OPTIMIZE: Seed=0  Test=162  Generation= 10 *Result=0.00000214  Best=0.00000214   Time=0.1  Run Time=552.1
FIRESTARTER_OPTIMIZE: Seed=0  Test=162  Generation= 11  Result=0.00001347  Best=0.00000214   Time=0.1  Run Time=552.5
FIRESTARTER_OPTIMIZE: Seed=0  Test=162  Generation= 12  Result=0.00018279  Best=0.00000214   Time=0.1  Run Time=553.0
FIRESTARTER_OPTIMIZE: Seed=0  Test=162  Generation= 13  Result=0.00004387  Best=0.00000214   Time=0.1  Run Time=553.4
FIRESTARTER_OPTIMIZE: Seed=0  Test=162  Generation= 14 *Result=0.00000091  Best=0.00000091   Time=0.1  Run Time=553.8
