CUDA devices = 1
Device 0: NVIDIA GeForce RTX 4090

variations = 1
samples = 15
instructions = 32
registers = 30
opcodes = 2
patternOpcodes = 4

targetMin = 0.000000f
targetMax = 6.283185f
target = 0.000001f

mode = FIRESTARTER_OPTIMIZE
evolveSeed = 0
optimizeSeed = 0
tests = 256
streams = 1
units = 1
states = 1
generations = 0
population = 65536
iterations = 64
passes = 512
candidates = 16
attempts = 0
optimize = 1

scale = 0.100000f
startScale = 4.000000f
startResult = 10.000000f

FIRESTARTER_OPTIMIZE: Seed=0  Test=116  Generation=  2 *Result=0.00027591  Best=0.00027591   Time=0.1  Run Time=856.9
FIRESTARTER_OPTIMIZE: Seed=0  Test=116  Generation=  3 *Result=0.00000338  Best=0.00000338   Time=0.1  Run Time=857.4
FIRESTARTER_OPTIMIZE: Seed=0  Test=116  Generation=  4  Result=0.00270307  Best=0.00000338   Time=0.1  Run Time=857.9
FIRESTARTER_OPTIMIZE: Seed=0  Test=116  Generation=  5  Result=0.00284286  Best=0.00000338   Time=0.1  Run Time=858.4
FIRESTARTER_OPTIMIZE: Seed=0  Test=116  Generation=  6  Result=0.00003604  Best=0.00000338   Time=0.1  Run Time=858.8
FIRESTARTER_OPTIMIZE: Seed=0  Test=116  Generation=  7  Result=0.00203423  Best=0.00000338   Time=0.1  Run Time=859.3
FIRESTARTER_OPTIMIZE: Seed=0  Test=116  Generation=  8  Result=0.00008959  Best=0.00000338   Time=0.1  Run Time=859.8
FIRESTARTER_OPTIMIZE: Seed=0  Test=116  Generation=  9  Result=0.00007582  Best=0.00000338   Time=0.1  Run Time=860.3
FIRESTARTER_OPTIMIZE: Seed=0  Test=116  Generation= 10  Result=0.00613937  Best=0.00000338   Time=0.1  Run Time=860.7
FIRESTARTER_OPTIMIZE: Seed=0  Test=116  Generation= 11 *Result=0.00000025  Best=0.00000025   Time=0.1  Run Time=861.2
