CUDA devices = 1
Device 0: NVIDIA GeForce RTX 4090

variations = 1
samples = 15
instructions = 32
registers = 30
opcodes = 2
patternOpcodes = 4

targetMin = 0.000000f
targetMax = 6.283185f
target = 0.000001f

mode = FIRESTARTER_OPTIMIZE
evolveSeed = 123
optimizeSeed = 123
tests = 256
streams = 1
units = 1
states = 1
generations = 0
population = 65536
iterations = 64
passes = 512
candidates = 16
attempts = 0
optimize = 1

scale = 0.300000f
startScale = 2.500000f
startResult = 10.000000f

FIRESTARTER_OPTIMIZE: Seed=123  Test=224  Generation=  2 *Result=0.00003377  Best=0.00003377   Time=0.1  Run Time=682.6
FIRESTARTER_OPTIMIZE: Seed=123  Test=224  Generation=  3  Result=0.00011171  Best=0.00003377   Time=0.1  Run Time=683.1
FIRESTARTER_OPTIMIZE: Seed=123  Test=224  Generation=  4 *Result=0.00002072  Best=0.00002072   Time=0.1  Run Time=683.5
FIRESTARTER_OPTIMIZE: Seed=123  Test=224  Generation=  5 *Result=0.00000243  Best=0.00000243   Time=0.1  Run Time=684.0
FIRESTARTER_OPTIMIZE: Seed=123  Test=224  Generation=  6  Result=0.00000858  Best=0.00000243   Time=0.1  Run Time=684.4
FIRESTARTER_OPTIMIZE: Seed=123  Test=224  Generation=  7  Result=0.00018209  Best=0.00000243   Time=0.1  Run Time=684.8
FIRESTARTER_OPTIMIZE: Seed=123  Test=224  Generation=  8 *Result=0.00000166  Best=0.00000166   Time=0.1  Run Time=685.2
FIRESTARTER_OPTIMIZE: Seed=123  Test=224  Generation=  9  Result=0.00018948  Best=0.00000166   Time=0.1  Run Time=685.7
FIRESTARTER_OPTIMIZE: Seed=123  Test=224  Generation= 10 *Result=0.00000015  Best=0.00000015   Time=0.1  Run Time=686.1
