CUDA devices = 1
Device 0: NVIDIA GeForce RTX 4090

variations = 1
instructions = 32
registers = 30
opcodes = 2
patternOpcodes = 4

targetMin = 0.000000f
targetMax = 6.283185f
target = 0.000001f

mode = FIRESTARTER_OPTIMIZE
evolveSeed = 1
optimizeSeed = 1
tests = 256
streams = 1
units = 1
states = 1
generations = 0
population = 65536
passes = 384
attempts = 0
optimize = 1

scale = 0.300000f
startScale = 2.500000f
startResult = 10.000000f

FIRESTARTER_OPTIMIZE: Seed=1  Test=12  Generation=  2 *Result=0.00007106  Best=0.00007106   Time=0.1  Run Time=19.5
FIRESTARTER_OPTIMIZE: Seed=1  Test=12  Generation=  3 *Result=0.00000360  Best=0.00000360   Time=0.1  Run Time=19.8
FIRESTARTER_OPTIMIZE: Seed=1  Test=12  Generation=  4 *Result=0.00000114  Best=0.00000114   Time=0.1  Run Time=20.1
FIRESTARTER_OPTIMIZE: Seed=1  Test=12  Generation=  5  Result=0.00011751  Best=0.00000114   Time=0.1  Run Time=20.4
FIRESTARTER_OPTIMIZE: Seed=1  Test=12  Generation=  6  Result=0.00031897  Best=0.00000114   Time=0.1  Run Time=20.8
FIRESTARTER_OPTIMIZE: Seed=1  Test=12  Generation=  7  Result=0.00005645  Best=0.00000114   Time=0.1  Run Time=21.2
FIRESTARTER_OPTIMIZE: Seed=1  Test=12  Generation=  8  Result=0.00027657  Best=0.00000114   Time=0.1  Run Time=21.5
FIRESTARTER_OPTIMIZE: Seed=1  Test=12  Generation=  9  Result=0.00004091  Best=0.00000114   Time=0.1  Run Time=21.9
FIRESTARTER_OPTIMIZE: Seed=1  Test=12  Generation= 10  Result=0.00018235  Best=0.00000114   Time=0.1  Run Time=22.3
FIRESTARTER_OPTIMIZE: Seed=1  Test=12  Generation= 11  Result=0.00165129  Best=0.00000114   Time=0.1  Run Time=22.7
FIRESTARTER_OPTIMIZE: Seed=1  Test=12  Generation= 12 *Result=0.00000017  Best=0.00000017   Time=0.1  Run Time=23.1
