CUDA devices = 1
Device 0: NVIDIA GeForce RTX 4090

variations = 1
instructions = 32
registers = 30
opcodes = 2
patternOpcodes = 4

targetMin = 0.000000f
targetMax = 6.283185f
target = 0.000001f

mode = FIRESTARTER_OPTIMIZE
evolveSeed = 1
optimizeSeed = 1
tests = 256
streams = 1
units = 1
states = 1
generations = 0
population = 65536
passes = 512
attempts = 0
optimize = 1

scale = 0.300000f
startScale = 2.500000f
startResult = 10.000000f

FIRESTARTER_OPTIMIZE: Seed=1  Test=60  Generation=  2 *Result=0.00000417  Best=0.00000417   Time=0.1  Run Time=169.9
FIRESTARTER_OPTIMIZE: Seed=1  Test=60  Generation=  3  Result=0.00232252  Best=0.00000417   Time=0.1  Run Time=170.3
FIRESTARTER_OPTIMIZE: Seed=1  Test=60  Generation=  4 *Result=0.00000384  Best=0.00000384   Time=0.1  Run Time=170.6
FIRESTARTER_OPTIMIZE: Seed=1  Test=60  Generation=  5  Result=0.00006286  Best=0.00000384   Time=0.1  Run Time=171.0
FIRESTARTER_OPTIMIZE: Seed=1  Test=60  Generation=  6  Result=0.00000492  Best=0.00000384   Time=0.1  Run Time=171.3
FIRESTARTER_OPTIMIZE: Seed=1  Test=60  Generation=  7  Result=0.00062316  Best=0.00000384   Time=0.1  Run Time=171.7
FIRESTARTER_OPTIMIZE: Seed=1  Test=60  Generation=  8 *Result=0.00000215  Best=0.00000215   Time=0.1  Run Time=172.2
FIRESTARTER_OPTIMIZE: Seed=1  Test=60  Generation=  9  Result=0.00001327  Best=0.00000215   Time=0.1  Run Time=172.6
FIRESTARTER_OPTIMIZE: Seed=1  Test=60  Generation= 10  Result=0.00010796  Best=0.00000215   Time=0.1  Run Time=173.0
FIRESTARTER_OPTIMIZE: Seed=1  Test=60  Generation= 11  Result=0.00000640  Best=0.00000215   Time=0.1  Run Time=173.5
FIRESTARTER_OPTIMIZE: Seed=1  Test=60  Generation= 12 *Result=0.00000007  Best=0.00000007   Time=0.1  Run Time=173.9
