CUDA devices = 1
Device 0: NVIDIA GeForce RTX 4090

variations = 1
instructions = 32
registers = 30
opcodes = 2
patternOpcodes = 4

targetMin = 0.000000f
targetMax = 6.283185f
target = 0.000001f

mode = FIRESTARTER_OPTIMIZE
evolveSeed = 2
optimizeSeed = 2
tests = 256
streams = 1
units = 1
states = 1
generations = 0
population = 65536
passes = 384
attempts = 0
optimize = 1

scale = 0.300000f
startScale = 2.500000f
startResult = 10.000000f

FIRESTARTER_OPTIMIZE: Seed=2  Test=152  Generation=  2 *Result=0.00000298  Best=0.00000298   Time=0.1  Run Time=544.5
FIRESTARTER_OPTIMIZE: Seed=2  Test=152  Generation=  3  Result=0.00029081  Best=0.00000298   Time=0.1  Run Time=545.0
FIRESTARTER_OPTIMIZE: Seed=2  Test=152  Generation=  4 *Result=0.00000167  Best=0.00000167   Time=0.1  Run Time=545.4
FIRESTARTER_OPTIMIZE: Seed=2  Test=152  Generation=  5  Result=0.00246888  Best=0.00000167   Time=0.1  Run Time=545.9
FIRESTARTER_OPTIMIZE: Seed=2  Test=152  Generation=  6  Result=0.00001037  Best=0.00000167   Time=0.1  Run Time=546.4
FIRESTARTER_OPTIMIZE: Seed=2  Test=152  Generation=  7  Result=0.00042158  Best=0.00000167   Time=0.1  Run Time=546.8
FIRESTARTER_OPTIMIZE: Seed=2  Test=152  Generation=  8  Result=0.00002980  Best=0.00000167   Time=0.1  Run Time=547.3
FIRESTARTER_OPTIMIZE: Seed=2  Test=152  Generation=  9  Result=0.00001174  Best=0.00000167   Time=0.1  Run Time=547.8
FIRESTARTER_OPTIMIZE: Seed=2  Test=152  Generation= 10  Result=0.00015345  Best=0.00000167   Time=0.1  Run Time=548.2
FIRESTARTER_OPTIMIZE: Seed=2  Test=152  Generation= 11  Result=0.00000614  Best=0.00000167   Time=0.1  Run Time=548.7
FIRESTARTER_OPTIMIZE: Seed=2  Test=152  Generation= 12 *Result=0.00000010  Best=0.00000010   Time=0.1  Run Time=549.2
