CUDA devices = 1
Device 0: NVIDIA GeForce RTX 4090

variations = 1
samples = 15
instructions = 30
registers = 30
opcodes = 2
patternOpcodes = 4

targetMin = 0.000000f
targetMax = 6.283185f
target = 0.000001f

mode = FIRESTARTER_OPTIMIZE
evolveSeed = 0
optimizeSeed = 0
tests = 256
streams = 1
units = 1
states = 1
generations = 0
population = 65536
iterations = 64
passes = 512
candidates = 16
attempts = 0
optimize = 1

scale = 0.300000f
startScale = 2.500000f
startResult = 10.000000f

FIRESTARTER_OPTIMIZE: Seed=0  Test=174  Generation=  2 *Result=0.00000246  Best=0.00000246   Time=0.1  Run Time=589.6
FIRESTARTER_OPTIMIZE: Seed=0  Test=174  Generation=  3  Result=0.00022812  Best=0.00000246   Time=0.1  Run Time=590.1
FIRESTARTER_OPTIMIZE: Seed=0  Test=174  Generation=  4  Result=0.00000292  Best=0.00000246   Time=0.1  Run Time=590.5
FIRESTARTER_OPTIMIZE: Seed=0  Test=174  Generation=  5  Result=0.00005320  Best=0.00000246   Time=0.1  Run Time=591.0
FIRESTARTER_OPTIMIZE: Seed=0  Test=174  Generation=  6  Result=0.00004142  Best=0.00000246   Time=0.1  Run Time=591.4
FIRESTARTER_OPTIMIZE: Seed=0  Test=174  Generation=  7  Result=0.00001642  Best=0.00000246   Time=0.1  Run Time=591.8
FIRESTARTER_OPTIMIZE: Seed=0  Test=174  Generation=  8  Result=0.00019080  Best=0.00000246   Time=0.1  Run Time=592.2
FIRESTARTER_OPTIMIZE: Seed=0  Test=174  Generation=  9 *Result=0.00000036  Best=0.00000036   Time=0.1  Run Time=592.7
