CUDA devices = 1
Device 0: NVIDIA GeForce RTX 4090

variations = 1
samples = 15
instructions = 32
registers = 30
opcodes = 2
patternOpcodes = 4

targetMin = 0.000000f
targetMax = 6.283185f
target = 0.000001f

mode = FIRESTARTER_OPTIMIZE
evolveSeed = 123
optimizeSeed = 123
tests = 256
streams = 1
units = 1
states = 1
generations = 0
population = 65536
iterations = 64
passes = 512
candidates = 16
attempts = 0
optimize = 1

scale = 0.300000f
startScale = 2.500000f
startResult = 10.000000f

FIRESTARTER_OPTIMIZE: Seed=123  Test= 8  Generation=  2 *Result=0.00039816  Best=0.00039816   Time=0.1  Run Time=22.2
FIRESTARTER_OPTIMIZE: Seed=123  Test= 8  Generation=  3  Result=0.00075752  Best=0.00039816   Time=0.1  Run Time=22.6
FIRESTARTER_OPTIMIZE: Seed=123  Test= 8  Generation=  4 *Result=0.00003760  Best=0.00003760   Time=0.1  Run Time=23.0
FIRESTARTER_OPTIMIZE: Seed=123  Test= 8  Generation=  5 *Result=0.00003326  Best=0.00003326   Time=0.1  Run Time=23.5
FIRESTARTER_OPTIMIZE: Seed=123  Test= 8  Generation=  6  Result=0.00006485  Best=0.00003326   Time=0.1  Run Time=23.9
FIRESTARTER_OPTIMIZE: Seed=123  Test= 8  Generation=  7  Result=0.00036234  Best=0.00003326   Time=0.1  Run Time=24.4
FIRESTARTER_OPTIMIZE: Seed=123  Test= 8  Generation=  8  Result=0.00048232  Best=0.00003326   Time=0.1  Run Time=24.8
FIRESTARTER_OPTIMIZE: Seed=123  Test= 8  Generation=  9  Result=0.00010493  Best=0.00003326   Time=0.1  Run Time=25.2
FIRESTARTER_OPTIMIZE: Seed=123  Test= 8  Generation= 10 *Result=0.00000767  Best=0.00000767   Time=0.1  Run Time=25.7
FIRESTARTER_OPTIMIZE: Seed=123  Test= 8  Generation= 11  Result=0.00078082  Best=0.00000767   Time=0.1  Run Time=26.1
FIRESTARTER_OPTIMIZE: Seed=123  Test= 8  Generation= 12  Result=0.00001102  Best=0.00000767   Time=0.1  Run Time=26.5
FIRESTARTER_OPTIMIZE: Seed=123  Test= 8  Generation= 13  Result=0.00004983  Best=0.00000767   Time=0.1  Run Time=27.0
FIRESTARTER_OPTIMIZE: Seed=123  Test= 8  Generation= 14 *Result=0.00000009  Best=0.00000009   Time=0.1  Run Time=27.4
