CUDA devices = 1
Device 0: NVIDIA GeForce RTX 4090

variations = 1
samples = 15
instructions = 32
registers = 30
opcodes = 2
patternOpcodes = 4

targetMin = 0.000000f
targetMax = 6.283185f
target = 0.000001f

mode = FIRESTARTER_OPTIMIZE
evolveSeed = 0
optimizeSeed = 0
tests = 256
streams = 1
units = 1
states = 1
generations = 0
population = 65536
iterations = 64
passes = 512
candidates = 16
attempts = 0
optimize = 1

scale = 0.100000f
startScale = 2.500000f
startResult = 10.000000f

FIRESTARTER_OPTIMIZE: Seed=0  Test=73  Generation=  2 *Result=0.00011236  Best=0.00011236   Time=0.1  Run Time=437.3
FIRESTARTER_OPTIMIZE: Seed=0  Test=73  Generation=  3  Result=0.00182492  Best=0.00011236   Time=0.1  Run Time=437.7
FIRESTARTER_OPTIMIZE: Seed=0  Test=73  Generation=  4 *Result=0.00009388  Best=0.00009388   Time=0.1  Run Time=438.2
FIRESTARTER_OPTIMIZE: Seed=0  Test=73  Generation=  5  Result=0.00128382  Best=0.00009388   Time=0.1  Run Time=438.6
FIRESTARTER_OPTIMIZE: Seed=0  Test=73  Generation=  6  Result=0.00614452  Best=0.00009388   Time=0.1  Run Time=439.1
FIRESTARTER_OPTIMIZE: Seed=0  Test=73  Generation=  7  Result=0.00614342  Best=0.00009388   Time=0.1  Run Time=439.5
FIRESTARTER_OPTIMIZE: Seed=0  Test=73  Generation=  8 *Result=0.00000459  Best=0.00000459   Time=0.1  Run Time=440.0
FIRESTARTER_OPTIMIZE: Seed=0  Test=73  Generation=  9 *Result=0.00000012  Best=0.00000012   Time=0.1  Run Time=440.4
