CUDA devices = 1
Device 0: NVIDIA GeForce RTX 4090

variations = 1
samples = 15
instructions = 32
registers = 30
opcodes = 2
patternOpcodes = 4

targetMin = 0.000000f
targetMax = 6.283185f
target = 0.000001f

mode = FIRESTARTER_OPTIMIZE
evolveSeed = 0
optimizeSeed = 0
tests = 256
streams = 1
units = 1
states = 1
generations = 0
population = 65536
iterations = 64
passes = 512
candidates = 16
attempts = 0
optimize = 1

scale = 0.200000f
startScale = 2.500000f
startResult = 10.000000f

FIRESTARTER_OPTIMIZE: Seed=0  Test=205  Generation=  2 *Result=0.00028879  Best=0.00028879   Time=0.1  Run Time=896.1
FIRESTARTER_OPTIMIZE: Seed=0  Test=205  Generation=  3 *Result=0.00006015  Best=0.00006015   Time=0.1  Run Time=896.5
FIRESTARTER_OPTIMIZE: Seed=0  Test=205  Generation=  4  Result=0.00015858  Best=0.00006015   Time=0.1  Run Time=897.0
FIRESTARTER_OPTIMIZE: Seed=0  Test=205  Generation=  5 *Result=0.00000228  Best=0.00000228   Time=0.1  Run Time=897.4
FIRESTARTER_OPTIMIZE: Seed=0  Test=205  Generation=  6 *Result=0.00000073  Best=0.00000073   Time=0.1  Run Time=897.9
