CUDA devices = 1
Device 0: NVIDIA GeForce RTX 4090

variations = 1
instructions = 32
registers = 30
opcodes = 2
patternOpcodes = 4

targetMin = 0.000000f
targetMax = 6.283185f
target = 0.000001f

mode = FIRESTARTER_OPTIMIZE
evolveSeed = 0
optimizeSeed = 0
tests = 256
streams = 1
units = 1
states = 1
generations = 0
population = 65536
passes = 384
attempts = 0
optimize = 1

scale = 0.300000f
startScale = 2.500000f
startResult = 10.000000f

FIRESTARTER_OPTIMIZE: Seed=0  Test=29  Generation=  1 *Result=0.00000184  Best=0.00000184   Time=0.1  Run Time=75.8
FIRESTARTER_OPTIMIZE: Seed=0  Test=29  Generation=  2  Result=0.00005555  Best=0.00000184   Time=0.1  Run Time=75.9
FIRESTARTER_OPTIMIZE: Seed=0  Test=29  Generation=  3  Result=0.00099056  Best=0.00000184   Time=0.1  Run Time=76.1
FIRESTARTER_OPTIMIZE: Seed=0  Test=29  Generation=  4  Result=0.00060865  Best=0.00000184   Time=0.1  Run Time=76.2
FIRESTARTER_OPTIMIZE: Seed=0  Test=29  Generation=  5  Result=0.00614658  Best=0.00000184   Time=0.1  Run Time=76.4
FIRESTARTER_OPTIMIZE: Seed=0  Test=29  Generation=  6  Result=0.00247931  Best=0.00000184   Time=0.1  Run Time=76.5
FIRESTARTER_OPTIMIZE: Seed=0  Test=29  Generation=  7  Result=0.00154775  Best=0.00000184   Time=0.1  Run Time=76.7
FIRESTARTER_OPTIMIZE: Seed=0  Test=29  Generation=  8  Result=0.00000430  Best=0.00000184   Time=0.1  Run Time=76.8
FIRESTARTER_OPTIMIZE: Seed=0  Test=29  Generation=  9  Result=0.00000656  Best=0.00000184   Time=0.1  Run Time=77.0
FIRESTARTER_OPTIMIZE: Seed=0  Test=29  Generation= 10  Result=0.00005297  Best=0.00000184   Time=0.1  Run Time=77.1
FIRESTARTER_OPTIMIZE: Seed=0  Test=29  Generation= 11 *Result=0.00000032  Best=0.00000032   Time=0.1  Run Time=77.3
