CUDA devices = 1
Device 0: NVIDIA GeForce RTX 4090

variations = 1
samples = 15
instructions = 32
registers = 30
opcodes = 2
patternOpcodes = 4

targetMin = 0.000000f
targetMax = 6.283185f
target = 0.000001f

mode = FIRESTARTER_OPTIMIZE
evolveSeed = 0
optimizeSeed = 0
tests = 256
streams = 1
units = 1
states = 1
generations = 0
population = 65536
iterations = 64
passes = 512
candidates = 16
attempts = 0
optimize = 1

scale = 0.200000f
startScale = 2.500000f
startResult = 10.000000f

FIRESTARTER_OPTIMIZE: Seed=0  Test=244  Generation=  2 *Result=0.00002006  Best=0.00002006   Time=0.1  Run Time=1045.0
FIRESTARTER_OPTIMIZE: Seed=0  Test=244  Generation=  3  Result=0.00049186  Best=0.00002006   Time=0.1  Run Time=1045.4
FIRESTARTER_OPTIMIZE: Seed=0  Test=244  Generation=  4  Result=0.00004977  Best=0.00002006   Time=0.1  Run Time=1045.9
FIRESTARTER_OPTIMIZE: Seed=0  Test=244  Generation=  5  Result=0.00052967  Best=0.00002006   Time=0.1  Run Time=1046.4
FIRESTARTER_OPTIMIZE: Seed=0  Test=244  Generation=  6  Result=0.00010097  Best=0.00002006   Time=0.1  Run Time=1046.8
FIRESTARTER_OPTIMIZE: Seed=0  Test=244  Generation=  7  Result=0.00018234  Best=0.00002006   Time=0.1  Run Time=1047.2
FIRESTARTER_OPTIMIZE: Seed=0  Test=244  Generation=  8 *Result=0.00000903  Best=0.00000903   Time=0.1  Run Time=1047.7
FIRESTARTER_OPTIMIZE: Seed=0  Test=244  Generation=  9  Result=0.00017446  Best=0.00000903   Time=0.1  Run Time=1048.1
FIRESTARTER_OPTIMIZE: Seed=0  Test=244  Generation= 10  Result=0.00007965  Best=0.00000903   Time=0.1  Run Time=1048.6
FIRESTARTER_OPTIMIZE: Seed=0  Test=244  Generation= 11  Result=0.00614953  Best=0.00000903   Time=0.1  Run Time=1049.0
FIRESTARTER_OPTIMIZE: Seed=0  Test=244  Generation= 12  Result=0.00055070  Best=0.00000903   Time=0.1  Run Time=1049.5
FIRESTARTER_OPTIMIZE: Seed=0  Test=244  Generation= 13 *Result=0.00000014  Best=0.00000014   Time=0.1  Run Time=1049.9
