CUDA devices = 1
Device 0: NVIDIA GeForce RTX 4090

variations = 1
samples = 15
instructions = 32
registers = 30
opcodes = 2
patternOpcodes = 4

targetMin = 0.000000f
targetMax = 6.283185f
target = 0.000001f

mode = FIRESTARTER_OPTIMIZE
evolveSeed = 0
optimizeSeed = 0
tests = 256
streams = 1
units = 1
states = 1
generations = 0
population = 65536
iterations = 64
passes = 512
candidates = 16
attempts = 0
optimize = 1

scale = 0.200000f
startScale = 2.500000f
startResult = 10.000000f

FIRESTARTER_OPTIMIZE: Seed=0  Test=45  Generation=  2 *Result=0.00001954  Best=0.00001954   Time=0.1  Run Time=223.5
FIRESTARTER_OPTIMIZE: Seed=0  Test=45  Generation=  3  Result=0.00015060  Best=0.00001954   Time=0.1  Run Time=223.9
FIRESTARTER_OPTIMIZE: Seed=0  Test=45  Generation=  4 *Result=0.00000225  Best=0.00000225   Time=0.1  Run Time=224.3
FIRESTARTER_OPTIMIZE: Seed=0  Test=45  Generation=  5  Result=0.00016279  Best=0.00000225   Time=0.1  Run Time=224.8
FIRESTARTER_OPTIMIZE: Seed=0  Test=45  Generation=  6  Result=0.00005504  Best=0.00000225   Time=0.1  Run Time=225.2
FIRESTARTER_OPTIMIZE: Seed=0  Test=45  Generation=  7  Result=0.00017467  Best=0.00000225   Time=0.1  Run Time=225.6
FIRESTARTER_OPTIMIZE: Seed=0  Test=45  Generation=  8  Result=0.00013532  Best=0.00000225   Time=0.1  Run Time=226.1
FIRESTARTER_OPTIMIZE: Seed=0  Test=45  Generation=  9  Result=0.00018531  Best=0.00000225   Time=0.1  Run Time=226.5
FIRESTARTER_OPTIMIZE: Seed=0  Test=45  Generation= 10 *Result=0.00000008  Best=0.00000008   Time=0.1  Run Time=227.0
