CUDA devices = 1
Device 0: NVIDIA GeForce RTX 4090

variations = 1
instructions = 32
registers = 30
opcodes = 2
patternOpcodes = 4

targetMin = 0.000000f
targetMax = 6.283185f
target = 0.000001f

mode = FIRESTARTER_OPTIMIZE
evolveSeed = 1
optimizeSeed = 1
tests = 256
streams = 1
units = 1
states = 1
generations = 0
population = 49152
passes = 512
attempts = 0
optimize = 1

scale = 0.300000f
startScale = 2.500000f
startResult = 10.000000f

FIRESTARTER_OPTIMIZE: Seed=1  Test=201  Generation=  2 *Result=0.00000170  Best=0.00000170   Time=0.1  Run Time=581.9
FIRESTARTER_OPTIMIZE: Seed=1  Test=201  Generation=  3  Result=0.00007999  Best=0.00000170   Time=0.1  Run Time=582.2
FIRESTARTER_OPTIMIZE: Seed=1  Test=201  Generation=  4  Result=0.00010970  Best=0.00000170   Time=0.1  Run Time=582.6
FIRESTARTER_OPTIMIZE: Seed=1  Test=201  Generation=  5  Result=0.00012964  Best=0.00000170   Time=0.1  Run Time=583.0
FIRESTARTER_OPTIMIZE: Seed=1  Test=201  Generation=  6  Result=0.00019224  Best=0.00000170   Time=0.1  Run Time=583.3
FIRESTARTER_OPTIMIZE: Seed=1  Test=201  Generation=  7  Result=0.00047666  Best=0.00000170   Time=0.1  Run Time=583.7
FIRESTARTER_OPTIMIZE: Seed=1  Test=201  Generation=  8  Result=0.00005400  Best=0.00000170   Time=0.1  Run Time=584.0
FIRESTARTER_OPTIMIZE: Seed=1  Test=201  Generation=  9  Result=0.00000688  Best=0.00000170   Time=0.1  Run Time=584.4
FIRESTARTER_OPTIMIZE: Seed=1  Test=201  Generation= 10 *Result=0.00000040  Best=0.00000040   Time=0.1  Run Time=584.8
