CUDA devices = 1
Device 0: NVIDIA GeForce RTX 4090

variations = 1
instructions = 32
registers = 30
opcodes = 2
patternOpcodes = 4

targetMin = 0.000000f
targetMax = 6.283185f
target = 0.000001f

mode = FIRESTARTER_OPTIMIZE
evolveSeed = 0
optimizeSeed = 0
tests = 256
streams = 1
units = 1
states = 1
generations = 0
population = 49152
passes = 256
attempts = 0
optimize = 1

scale = 0.300000f
startScale = 2.500000f
startResult = 10.000000f

FIRESTARTER_OPTIMIZE: Seed=0  Test=37  Generation=  2 *Result=0.00019678  Best=0.00019678   Time=0.1  Run Time=104.9
FIRESTARTER_OPTIMIZE: Seed=0  Test=37  Generation=  3  Result=0.00088251  Best=0.00019678   Time=0.1  Run Time=105.2
FIRESTARTER_OPTIMIZE: Seed=0  Test=37  Generation=  4  Result=0.00023532  Best=0.00019678   Time=0.1  Run Time=105.5
FIRESTARTER_OPTIMIZE: Seed=0  Test=37  Generation=  5 *Result=0.00011900  Best=0.00011900   Time=0.1  Run Time=105.9
FIRESTARTER_OPTIMIZE: Seed=0  Test=37  Generation=  6 *Result=0.00003278  Best=0.00003278   Time=0.1  Run Time=106.2
FIRESTARTER_OPTIMIZE: Seed=0  Test=37  Generation=  7  Result=0.00006429  Best=0.00003278   Time=0.1  Run Time=106.5
FIRESTARTER_OPTIMIZE: Seed=0  Test=37  Generation=  8 *Result=0.00001127  Best=0.00001127   Time=0.1  Run Time=106.8
FIRESTARTER_OPTIMIZE: Seed=0  Test=37  Generation=  9  Result=0.00019260  Best=0.00001127   Time=0.1  Run Time=107.1
FIRESTARTER_OPTIMIZE: Seed=0  Test=37  Generation= 10 *Result=0.00000019  Best=0.00000019   Time=0.0  Run Time=107.4
