CUDA devices = 1
Device 0: NVIDIA GeForce RTX 4090

variations = 1
samples = 15
instructions = 30
registers = 30
opcodes = 2
patternOpcodes = 4

targetMin = 0.000000f
targetMax = 6.283185f
target = 0.000001f

mode = FIRESTARTER_OPTIMIZE
evolveSeed = 0
optimizeSeed = 0
tests = 256
streams = 1
units = 1
states = 1
generations = 0
population = 65536
iterations = 64
passes = 512
candidates = 16
attempts = 0
optimize = 1

scale = 0.300000f
startScale = 2.500000f
startResult = 10.000000f

FIRESTARTER_OPTIMIZE: Seed=0  Test=50  Generation=  2 *Result=0.00008547  Best=0.00008547   Time=0.1  Run Time=169.1
FIRESTARTER_OPTIMIZE: Seed=0  Test=50  Generation=  3  Result=0.00018244  Best=0.00008547   Time=0.1  Run Time=169.5
FIRESTARTER_OPTIMIZE: Seed=0  Test=50  Generation=  4  Result=0.00010434  Best=0.00008547   Time=0.1  Run Time=170.0
FIRESTARTER_OPTIMIZE: Seed=0  Test=50  Generation=  5 *Result=0.00000622  Best=0.00000622   Time=0.1  Run Time=170.4
FIRESTARTER_OPTIMIZE: Seed=0  Test=50  Generation=  6  Result=0.00005729  Best=0.00000622   Time=0.1  Run Time=170.8
FIRESTARTER_OPTIMIZE: Seed=0  Test=50  Generation=  7  Result=0.00003767  Best=0.00000622   Time=0.1  Run Time=171.3
FIRESTARTER_OPTIMIZE: Seed=0  Test=50  Generation=  8  Result=0.00018226  Best=0.00000622   Time=0.1  Run Time=171.7
FIRESTARTER_OPTIMIZE: Seed=0  Test=50  Generation=  9  Result=0.00019795  Best=0.00000622   Time=0.1  Run Time=172.2
FIRESTARTER_OPTIMIZE: Seed=0  Test=50  Generation= 10  Result=0.00024712  Best=0.00000622   Time=0.1  Run Time=172.6
FIRESTARTER_OPTIMIZE: Seed=0  Test=50  Generation= 11  Result=0.00057200  Best=0.00000622   Time=0.1  Run Time=173.0
FIRESTARTER_OPTIMIZE: Seed=0  Test=50  Generation= 12 *Result=0.00000009  Best=0.00000009   Time=0.1  Run Time=173.5
