CUDA devices = 1
Device 0: NVIDIA GeForce RTX 4090

variations = 1
samples = 15
instructions = 32
registers = 30
opcodes = 2
patternOpcodes = 4

targetMin = 0.000000f
targetMax = 6.283185f
target = 0.000001f

mode = FIRESTARTER_OPTIMIZE
evolveSeed = 0
optimizeSeed = 0
tests = 256
streams = 1
units = 1
states = 1
generations = 0
population = 65536
iterations = 64
passes = 512
candidates = 16
attempts = 0
optimize = 1

scale = 0.300000f
startScale = 2.500000f
startResult = 10.000000f

FIRESTARTER_OPTIMIZE: Seed=0  Test=190  Generation=  2 *Result=0.00032350  Best=0.00032350   Time=0.1  Run Time=557.1
FIRESTARTER_OPTIMIZE: Seed=0  Test=190  Generation=  3 *Result=0.00000240  Best=0.00000240   Time=0.1  Run Time=557.5
FIRESTARTER_OPTIMIZE: Seed=0  Test=190  Generation=  4  Result=0.00192600  Best=0.00000240   Time=0.1  Run Time=557.9
FIRESTARTER_OPTIMIZE: Seed=0  Test=190  Generation=  5  Result=0.00000260  Best=0.00000240   Time=0.1  Run Time=558.3
FIRESTARTER_OPTIMIZE: Seed=0  Test=190  Generation=  6  Result=0.00000666  Best=0.00000240   Time=0.1  Run Time=558.7
FIRESTARTER_OPTIMIZE: Seed=0  Test=190  Generation=  7  Result=0.00005239  Best=0.00000240   Time=0.1  Run Time=559.1
FIRESTARTER_OPTIMIZE: Seed=0  Test=190  Generation=  8  Result=0.00005198  Best=0.00000240   Time=0.1  Run Time=559.4
FIRESTARTER_OPTIMIZE: Seed=0  Test=190  Generation=  9 *Result=0.00000022  Best=0.00000022   Time=0.1  Run Time=559.8
