CUDA devices = 1
Device 0: NVIDIA GeForce RTX 4090

variations = 1
instructions = 32
registers = 30
opcodes = 2
patternOpcodes = 4

targetMin = 0.000000f
targetMax = 6.283185f
target = 0.000001f

mode = FIRESTARTER_OPTIMIZE
evolveSeed = 1
optimizeSeed = 1
tests = 256
streams = 1
units = 1
states = 1
generations = 0
population = 65536
passes = 384
attempts = 0
optimize = 1

scale = 0.300000f
startScale = 2.500000f
startResult = 10.000000f

FIRESTARTER_OPTIMIZE: Seed=1  Test=205  Generation=  2 *Result=0.00009368  Best=0.00009368   Time=0.1  Run Time=523.7
FIRESTARTER_OPTIMIZE: Seed=1  Test=205  Generation=  3 *Result=0.00001696  Best=0.00001696   Time=0.1  Run Time=524.0
FIRESTARTER_OPTIMIZE: Seed=1  Test=205  Generation=  4 *Result=0.00001162  Best=0.00001162   Time=0.1  Run Time=524.2
FIRESTARTER_OPTIMIZE: Seed=1  Test=205  Generation=  5  Result=0.00001484  Best=0.00001162   Time=0.1  Run Time=524.5
FIRESTARTER_OPTIMIZE: Seed=1  Test=205  Generation=  6  Result=0.00008532  Best=0.00001162   Time=0.1  Run Time=524.8
FIRESTARTER_OPTIMIZE: Seed=1  Test=205  Generation=  7 *Result=0.00000536  Best=0.00000536   Time=0.1  Run Time=525.1
FIRESTARTER_OPTIMIZE: Seed=1  Test=205  Generation=  8  Result=0.00017282  Best=0.00000536   Time=0.1  Run Time=525.4
FIRESTARTER_OPTIMIZE: Seed=1  Test=205  Generation=  9  Result=0.00009440  Best=0.00000536   Time=0.1  Run Time=525.8
FIRESTARTER_OPTIMIZE: Seed=1  Test=205  Generation= 10  Result=0.00024608  Best=0.00000536   Time=0.1  Run Time=526.1
FIRESTARTER_OPTIMIZE: Seed=1  Test=205  Generation= 11  Result=0.00020581  Best=0.00000536   Time=0.1  Run Time=526.4
FIRESTARTER_OPTIMIZE: Seed=1  Test=205  Generation= 12 *Result=0.00000044  Best=0.00000044   Time=0.1  Run Time=526.7
