CUDA devices = 1
Device 0: NVIDIA GeForce RTX 4090

variations = 1
instructions = 32
registers = 30
opcodes = 2
patternOpcodes = 4

targetMin = 0.000000f
targetMax = 6.283185f
target = 0.000001f

mode = FIRESTARTER_OPTIMIZE
evolveSeed = 0
optimizeSeed = 0
tests = 256
streams = 1
units = 1
states = 1
generations = 0
population = 49152
passes = 384
attempts = 0
optimize = 1

scale = 0.300000f
startScale = 2.500000f
startResult = 10.000000f

FIRESTARTER_OPTIMIZE: Seed=0  Test=254  Generation=  2 *Result=0.00161612  Best=0.00161612   Time=0.1  Run Time=655.7
FIRESTARTER_OPTIMIZE: Seed=0  Test=254  Generation=  3 *Result=0.00155133  Best=0.00155133   Time=0.1  Run Time=656.0
FIRESTARTER_OPTIMIZE: Seed=0  Test=254  Generation=  4 *Result=0.00004020  Best=0.00004020   Time=0.1  Run Time=656.3
FIRESTARTER_OPTIMIZE: Seed=0  Test=254  Generation=  5  Result=0.00272908  Best=0.00004020   Time=0.1  Run Time=656.7
FIRESTARTER_OPTIMIZE: Seed=0  Test=254  Generation=  6 *Result=0.00000149  Best=0.00000149   Time=0.1  Run Time=656.9
FIRESTARTER_OPTIMIZE: Seed=0  Test=254  Generation=  7  Result=0.00254694  Best=0.00000149   Time=0.1  Run Time=657.3
FIRESTARTER_OPTIMIZE: Seed=0  Test=254  Generation=  8 *Result=0.00000047  Best=0.00000047   Time=0.1  Run Time=657.6
