CUDA devices = 1
Device 0: NVIDIA GeForce RTX 4090

variations = 1
samples = 15
instructions = 32
registers = 30
opcodes = 2
patternOpcodes = 4

targetMin = 0.000000f
targetMax = 6.283185f
target = 0.000001f

mode = FIRESTARTER_OPTIMIZE
evolveSeed = 0
optimizeSeed = 0
tests = 256
streams = 1
units = 1
states = 1
generations = 0
population = 65536
iterations = 64
passes = 512
candidates = 16
attempts = 0
optimize = 1

scale = 0.100000f
startScale = 2.500000f
startResult = 10.000000f

FIRESTARTER_OPTIMIZE: Seed=0  Test=125  Generation=  2 *Result=0.00013240  Best=0.00013240   Time=0.1  Run Time=738.6
FIRESTARTER_OPTIMIZE: Seed=0  Test=125  Generation=  3  Result=0.00614574  Best=0.00013240   Time=0.1  Run Time=739.0
FIRESTARTER_OPTIMIZE: Seed=0  Test=125  Generation=  4 *Result=0.00006080  Best=0.00006080   Time=0.1  Run Time=739.4
FIRESTARTER_OPTIMIZE: Seed=0  Test=125  Generation=  5 *Result=0.00000217  Best=0.00000217   Time=0.1  Run Time=739.9
FIRESTARTER_OPTIMIZE: Seed=0  Test=125  Generation=  6  Result=0.00038595  Best=0.00000217   Time=0.1  Run Time=740.3
FIRESTARTER_OPTIMIZE: Seed=0  Test=125  Generation=  7  Result=0.00020850  Best=0.00000217   Time=0.1  Run Time=740.8
FIRESTARTER_OPTIMIZE: Seed=0  Test=125  Generation=  8 *Result=0.00000018  Best=0.00000018   Time=0.1  Run Time=741.2
