CUDA devices = 1
Device 0: NVIDIA GeForce RTX 4090

variations = 1
samples = 15
instructions = 32
registers = 30
opcodes = 2
patternOpcodes = 4

targetMin = 0.000000f
targetMax = 6.283185f
target = 0.000001f

mode = FIRESTARTER_OPTIMIZE
evolveSeed = 0
optimizeSeed = 0
tests = 256
streams = 1
units = 1
states = 1
generations = 0
population = 65536
iterations = 64
passes = 512
candidates = 16
attempts = 0
optimize = 1

scale = 0.100000f
startScale = 2.500000f
startResult = 10.000000f

FIRESTARTER_OPTIMIZE: Seed=0  Test=19  Generation=  2 *Result=0.00048855  Best=0.00048855   Time=0.1  Run Time=120.0
FIRESTARTER_OPTIMIZE: Seed=0  Test=19  Generation=  3 *Result=0.00012745  Best=0.00012745   Time=0.1  Run Time=120.5
FIRESTARTER_OPTIMIZE: Seed=0  Test=19  Generation=  4 *Result=0.00003231  Best=0.00003231   Time=0.1  Run Time=121.0
FIRESTARTER_OPTIMIZE: Seed=0  Test=19  Generation=  5 *Result=0.00000758  Best=0.00000758   Time=0.1  Run Time=121.4
FIRESTARTER_OPTIMIZE: Seed=0  Test=19  Generation=  6  Result=0.00065485  Best=0.00000758   Time=0.1  Run Time=121.9
FIRESTARTER_OPTIMIZE: Seed=0  Test=19  Generation=  7  Result=0.00025648  Best=0.00000758   Time=0.1  Run Time=122.4
FIRESTARTER_OPTIMIZE: Seed=0  Test=19  Generation=  8  Result=0.00023636  Best=0.00000758   Time=0.1  Run Time=122.8
FIRESTARTER_OPTIMIZE: Seed=0  Test=19  Generation=  9  Result=0.00021688  Best=0.00000758   Time=0.1  Run Time=123.3
FIRESTARTER_OPTIMIZE: Seed=0  Test=19  Generation= 10 *Result=0.00000578  Best=0.00000578   Time=0.1  Run Time=123.8
FIRESTARTER_OPTIMIZE: Seed=0  Test=19  Generation= 11  Result=0.00207329  Best=0.00000578   Time=0.1  Run Time=124.2
FIRESTARTER_OPTIMIZE: Seed=0  Test=19  Generation= 12 *Result=0.00000021  Best=0.00000021   Time=0.1  Run Time=124.7
