CUDA devices = 1
Device 0: NVIDIA GeForce RTX 4090

variations = 1
instructions = 32
registers = 30
opcodes = 2
patternOpcodes = 4

targetMin = 0.000000f
targetMax = 6.283185f
target = 0.000001f

mode = FIRESTARTER_OPTIMIZE
evolveSeed = 0
optimizeSeed = 0
tests = 256
streams = 1
units = 1
states = 1
generations = 0
population = 65536
passes = 384
attempts = 0
optimize = 1

scale = 0.300000f
startScale = 2.500000f
startResult = 10.000000f

FIRESTARTER_OPTIMIZE: Seed=0  Test=243  Generation=  2 *Result=0.00021061  Best=0.00021061   Time=0.1  Run Time=660.3
FIRESTARTER_OPTIMIZE: Seed=0  Test=243  Generation=  3  Result=0.00026765  Best=0.00021061   Time=0.1  Run Time=660.6
FIRESTARTER_OPTIMIZE: Seed=0  Test=243  Generation=  4 *Result=0.00018990  Best=0.00018990   Time=0.1  Run Time=661.0
FIRESTARTER_OPTIMIZE: Seed=0  Test=243  Generation=  5 *Result=0.00013304  Best=0.00013304   Time=0.1  Run Time=661.3
FIRESTARTER_OPTIMIZE: Seed=0  Test=243  Generation=  6 *Result=0.00000015  Best=0.00000015   Time=0.1  Run Time=661.6
