CUDA devices = 1
Device 0: NVIDIA GeForce RTX 4090

variations = 1
instructions = 32
registers = 30
opcodes = 2
patternOpcodes = 4

targetMin = 0.000000f
targetMax = 6.283185f
target = 0.000001f

mode = FIRESTARTER_OPTIMIZE
evolveSeed = 0
optimizeSeed = 0
tests = 256
streams = 1
units = 1
states = 1
generations = 0
population = 65536
passes = 384
attempts = 0
optimize = 1

scale = 0.300000f
startScale = 2.500000f
startResult = 10.000000f

FIRESTARTER_OPTIMIZE: Seed=0  Test=235  Generation=  1 *Result=0.00000267  Best=0.00000267   Time=0.1  Run Time=727.4
FIRESTARTER_OPTIMIZE: Seed=0  Test=235  Generation=  2  Result=0.00011030  Best=0.00000267   Time=0.1  Run Time=727.6
FIRESTARTER_OPTIMIZE: Seed=0  Test=235  Generation=  3 *Result=0.00000138  Best=0.00000138   Time=0.1  Run Time=727.8
FIRESTARTER_OPTIMIZE: Seed=0  Test=235  Generation=  4  Result=0.00018223  Best=0.00000138   Time=0.1  Run Time=727.9
FIRESTARTER_OPTIMIZE: Seed=0  Test=235  Generation=  5  Result=0.00010973  Best=0.00000138   Time=0.1  Run Time=728.2
FIRESTARTER_OPTIMIZE: Seed=0  Test=235  Generation=  6  Result=0.00227845  Best=0.00000138   Time=0.1  Run Time=728.3
FIRESTARTER_OPTIMIZE: Seed=0  Test=235  Generation=  7  Result=0.00054980  Best=0.00000138   Time=0.1  Run Time=728.6
FIRESTARTER_OPTIMIZE: Seed=0  Test=235  Generation=  8  Result=0.00044397  Best=0.00000138   Time=0.1  Run Time=728.7
FIRESTARTER_OPTIMIZE: Seed=0  Test=235  Generation=  9 *Result=0.00000014  Best=0.00000014   Time=0.1  Run Time=729.0
