CUDA devices = 1
Device 0: NVIDIA GeForce RTX 4090

variations = 1
instructions = 32
registers = 30
opcodes = 2
patternOpcodes = 4

targetMin = 0.000000f
targetMax = 6.283185f
target = 0.000001f

mode = FIRESTARTER_OPTIMIZE
evolveSeed = 1
optimizeSeed = 1
tests = 256
streams = 1
units = 1
states = 1
generations = 0
population = 65536
passes = 384
attempts = 0
optimize = 1

scale = 0.300000f
startScale = 2.500000f
startResult = 10.000000f

FIRESTARTER_OPTIMIZE: Seed=1  Test=122  Generation=  2 *Result=0.00006185  Best=0.00006185   Time=0.1  Run Time=286.9
FIRESTARTER_OPTIMIZE: Seed=1  Test=122  Generation=  3 *Result=0.00000548  Best=0.00000548   Time=0.1  Run Time=287.2
FIRESTARTER_OPTIMIZE: Seed=1  Test=122  Generation=  4  Result=0.00018251  Best=0.00000548   Time=0.1  Run Time=287.5
FIRESTARTER_OPTIMIZE: Seed=1  Test=122  Generation=  5  Result=0.00022928  Best=0.00000548   Time=0.1  Run Time=287.8
FIRESTARTER_OPTIMIZE: Seed=1  Test=122  Generation=  6  Result=0.00005221  Best=0.00000548   Time=0.1  Run Time=288.1
FIRESTARTER_OPTIMIZE: Seed=1  Test=122  Generation=  7  Result=0.00005845  Best=0.00000548   Time=0.1  Run Time=288.4
FIRESTARTER_OPTIMIZE: Seed=1  Test=122  Generation=  8  Result=0.00005710  Best=0.00000548   Time=0.1  Run Time=288.7
FIRESTARTER_OPTIMIZE: Seed=1  Test=122  Generation=  9 *Result=0.00000086  Best=0.00000086   Time=0.1  Run Time=289.0
