CUDA devices = 1
Device 0: NVIDIA GeForce RTX 4090

variations = 1
instructions = 32
registers = 30
opcodes = 2
patternOpcodes = 4

targetMin = 0.000000f
targetMax = 6.283185f
target = 0.000001f

mode = FIRESTARTER_OPTIMIZE
evolveSeed = 2
optimizeSeed = 2
tests = 256
streams = 1
units = 1
states = 1
generations = 0
population = 65536
passes = 384
attempts = 0
optimize = 1

scale = 0.300000f
startScale = 2.500000f
startResult = 10.000000f

FIRESTARTER_OPTIMIZE: Seed=2  Test=108  Generation=  2 *Result=0.00021325  Best=0.00021325   Time=0.1  Run Time=243.5
FIRESTARTER_OPTIMIZE: Seed=2  Test=108  Generation=  3  Result=0.00303836  Best=0.00021325   Time=0.1  Run Time=243.8
FIRESTARTER_OPTIMIZE: Seed=2  Test=108  Generation=  4 *Result=0.00000127  Best=0.00000127   Time=0.1  Run Time=244.0
FIRESTARTER_OPTIMIZE: Seed=2  Test=108  Generation=  5  Result=0.00001042  Best=0.00000127   Time=0.1  Run Time=244.3
FIRESTARTER_OPTIMIZE: Seed=2  Test=108  Generation=  6  Result=0.00059223  Best=0.00000127   Time=0.1  Run Time=244.6
FIRESTARTER_OPTIMIZE: Seed=2  Test=108  Generation=  7  Result=0.00017962  Best=0.00000127   Time=0.1  Run Time=244.9
FIRESTARTER_OPTIMIZE: Seed=2  Test=108  Generation=  8  Result=0.00018242  Best=0.00000127   Time=0.1  Run Time=245.2
FIRESTARTER_OPTIMIZE: Seed=2  Test=108  Generation=  9  Result=0.00018954  Best=0.00000127   Time=0.1  Run Time=245.5
FIRESTARTER_OPTIMIZE: Seed=2  Test=108  Generation= 10 *Result=0.00000124  Best=0.00000124   Time=0.1  Run Time=245.8
FIRESTARTER_OPTIMIZE: Seed=2  Test=108  Generation= 11 *Result=0.00000022  Best=0.00000022   Time=0.1  Run Time=246.2
