CUDA devices = 1
Device 0: NVIDIA GeForce RTX 4090

variations = 1
samples = 15
instructions = 32
registers = 30
opcodes = 2
patternOpcodes = 4

targetMin = 0.000000f
targetMax = 6.283185f
target = 0.000001f

mode = FIRESTARTER_OPTIMIZE
evolveSeed = 0
optimizeSeed = 0
tests = 256
streams = 1
units = 1
states = 1
generations = 0
population = 65536
iterations = 64
passes = 512
candidates = 16
attempts = 0
optimize = 1

scale = 0.100000f
startScale = 2.500000f
startResult = 10.000000f

FIRESTARTER_OPTIMIZE: Seed=0  Test=145  Generation=  2 *Result=0.00614272  Best=0.00614272   Time=0.1  Run Time=805.9
FIRESTARTER_OPTIMIZE: Seed=0  Test=145  Generation=  3 *Result=0.00147393  Best=0.00147393   Time=0.1  Run Time=806.4
FIRESTARTER_OPTIMIZE: Seed=0  Test=145  Generation=  4  Result=0.00226413  Best=0.00147393   Time=0.1  Run Time=806.8
FIRESTARTER_OPTIMIZE: Seed=0  Test=145  Generation=  5 *Result=0.00032642  Best=0.00032642   Time=0.1  Run Time=807.3
FIRESTARTER_OPTIMIZE: Seed=0  Test=145  Generation=  6 *Result=0.00029165  Best=0.00029165   Time=0.1  Run Time=807.7
FIRESTARTER_OPTIMIZE: Seed=0  Test=145  Generation=  7  Result=0.00040078  Best=0.00029165   Time=0.1  Run Time=808.2
FIRESTARTER_OPTIMIZE: Seed=0  Test=145  Generation=  8 *Result=0.00000184  Best=0.00000184   Time=0.1  Run Time=808.6
FIRESTARTER_OPTIMIZE: Seed=0  Test=145  Generation=  9  Result=0.00000641  Best=0.00000184   Time=0.1  Run Time=809.1
FIRESTARTER_OPTIMIZE: Seed=0  Test=145  Generation= 10  Result=0.00000668  Best=0.00000184   Time=0.1  Run Time=809.5
FIRESTARTER_OPTIMIZE: Seed=0  Test=145  Generation= 11  Result=0.00007683  Best=0.00000184   Time=0.1  Run Time=809.9
FIRESTARTER_OPTIMIZE: Seed=0  Test=145  Generation= 12  Result=0.00018209  Best=0.00000184   Time=0.1  Run Time=810.4
FIRESTARTER_OPTIMIZE: Seed=0  Test=145  Generation= 13 *Result=0.00000094  Best=0.00000094   Time=0.1  Run Time=810.8
