CUDA devices = 1
Device 0: NVIDIA GeForce RTX 4090

variations = 1
instructions = 32
registers = 30
opcodes = 2
patternOpcodes = 4

targetMin = 0.000000f
targetMax = 6.283185f
target = 0.000001f

mode = FIRESTARTER_OPTIMIZE
evolveSeed = 0
optimizeSeed = 0
tests = 256
streams = 1
units = 1
states = 1
generations = 0
population = 49152
passes = 384
attempts = 0
optimize = 1

scale = 0.300000f
startScale = 2.500000f
startResult = 10.000000f

FIRESTARTER_OPTIMIZE: Seed=0  Test=50  Generation=  2 *Result=0.00006961  Best=0.00006961   Time=0.1  Run Time=130.1
FIRESTARTER_OPTIMIZE: Seed=0  Test=50  Generation=  3  Result=0.00013205  Best=0.00006961   Time=0.1  Run Time=130.5
FIRESTARTER_OPTIMIZE: Seed=0  Test=50  Generation=  4  Result=0.00034087  Best=0.00006961   Time=0.1  Run Time=130.8
FIRESTARTER_OPTIMIZE: Seed=0  Test=50  Generation=  5  Result=0.00075282  Best=0.00006961   Time=0.1  Run Time=131.1
FIRESTARTER_OPTIMIZE: Seed=0  Test=50  Generation=  6 *Result=0.00003909  Best=0.00003909   Time=0.1  Run Time=131.4
FIRESTARTER_OPTIMIZE: Seed=0  Test=50  Generation=  7  Result=0.00018673  Best=0.00003909   Time=0.1  Run Time=131.7
FIRESTARTER_OPTIMIZE: Seed=0  Test=50  Generation=  8 *Result=0.00002303  Best=0.00002303   Time=0.1  Run Time=132.0
FIRESTARTER_OPTIMIZE: Seed=0  Test=50  Generation=  9 *Result=0.00000688  Best=0.00000688   Time=0.1  Run Time=132.3
FIRESTARTER_OPTIMIZE: Seed=0  Test=50  Generation= 10 *Result=0.00000021  Best=0.00000021   Time=0.1  Run Time=132.6
