CUDA devices = 1
Device 0: NVIDIA GeForce RTX 4090

variations = 1
instructions = 32
registers = 30
opcodes = 2
patternOpcodes = 4

targetMin = 0.000000f
targetMax = 6.283185f
target = 0.000001f

mode = FIRESTARTER_OPTIMIZE
evolveSeed = 0
optimizeSeed = 0
tests = 256
streams = 1
units = 1
states = 1
generations = 0
population = 65536
passes = 384
attempts = 0
optimize = 1

scale = 0.300000f
startScale = 2.500000f
startResult = 10.000000f

FIRESTARTER_OPTIMIZE: Seed=0  Test=124  Generation=  2 *Result=0.00032680  Best=0.00032680   Time=0.1  Run Time=403.4
FIRESTARTER_OPTIMIZE: Seed=0  Test=124  Generation=  3 *Result=0.00007844  Best=0.00007844   Time=0.1  Run Time=403.9
FIRESTARTER_OPTIMIZE: Seed=0  Test=124  Generation=  4  Result=0.00038002  Best=0.00007844   Time=0.1  Run Time=404.3
FIRESTARTER_OPTIMIZE: Seed=0  Test=124  Generation=  5  Result=0.00071767  Best=0.00007844   Time=0.1  Run Time=404.7
FIRESTARTER_OPTIMIZE: Seed=0  Test=124  Generation=  6  Result=0.00021774  Best=0.00007844   Time=0.1  Run Time=405.1
FIRESTARTER_OPTIMIZE: Seed=0  Test=124  Generation=  7  Result=0.00011378  Best=0.00007844   Time=0.1  Run Time=405.5
FIRESTARTER_OPTIMIZE: Seed=0  Test=124  Generation=  8 *Result=0.00001419  Best=0.00001419   Time=0.1  Run Time=405.9
FIRESTARTER_OPTIMIZE: Seed=0  Test=124  Generation=  9  Result=0.00013551  Best=0.00001419   Time=0.1  Run Time=406.3
FIRESTARTER_OPTIMIZE: Seed=0  Test=124  Generation= 10  Result=0.00001918  Best=0.00001419   Time=0.1  Run Time=406.7
FIRESTARTER_OPTIMIZE: Seed=0  Test=124  Generation= 11  Result=0.00143719  Best=0.00001419   Time=0.1  Run Time=407.2
FIRESTARTER_OPTIMIZE: Seed=0  Test=124  Generation= 12 *Result=0.00000007  Best=0.00000007   Time=0.1  Run Time=407.7
