CUDA devices = 1
Device 0: NVIDIA GeForce RTX 4090

variations = 1
instructions = 32
registers = 30
opcodes = 2
patternOpcodes = 4

targetMin = 0.000000f
targetMax = 6.283185f
target = 0.000001f

mode = FIRESTARTER_OPTIMIZE
evolveSeed = 1
optimizeSeed = 1
tests = 256
streams = 1
units = 1
states = 1
generations = 0
population = 49152
passes = 512
attempts = 0
optimize = 1

scale = 0.300000f
startScale = 2.500000f
startResult = 10.000000f

FIRESTARTER_OPTIMIZE: Seed=1  Test=118  Generation=  2 *Result=0.00236419  Best=0.00236419   Time=0.1  Run Time=322.6
FIRESTARTER_OPTIMIZE: Seed=1  Test=118  Generation=  3 *Result=0.00009188  Best=0.00009188   Time=0.1  Run Time=322.9
FIRESTARTER_OPTIMIZE: Seed=1  Test=118  Generation=  4 *Result=0.00000355  Best=0.00000355   Time=0.1  Run Time=323.3
FIRESTARTER_OPTIMIZE: Seed=1  Test=118  Generation=  5  Result=0.00005186  Best=0.00000355   Time=0.1  Run Time=323.7
FIRESTARTER_OPTIMIZE: Seed=1  Test=118  Generation=  6  Result=0.00030765  Best=0.00000355   Time=0.1  Run Time=324.1
FIRESTARTER_OPTIMIZE: Seed=1  Test=118  Generation=  7  Result=0.00000736  Best=0.00000355   Time=0.1  Run Time=324.5
FIRESTARTER_OPTIMIZE: Seed=1  Test=118  Generation=  8  Result=0.00010905  Best=0.00000355   Time=0.1  Run Time=324.8
FIRESTARTER_OPTIMIZE: Seed=1  Test=118  Generation=  9 *Result=0.00000030  Best=0.00000030   Time=0.1  Run Time=325.2
