CUDA devices = 1
Device 0: NVIDIA GeForce RTX 4090

variations = 1
samples = 15
instructions = 32
registers = 30
opcodes = 2
patternOpcodes = 4

targetMin = 0.000000f
targetMax = 6.283185f
target = 0.000001f

mode = FIRESTARTER_OPTIMIZE
evolveSeed = 0
optimizeSeed = 0
tests = 256
streams = 1
units = 1
states = 1
generations = 0
population = 65536
iterations = 64
passes = 512
candidates = 16
attempts = 0
optimize = 1

scale = 0.200000f
startScale = 2.500000f
startResult = 10.000000f

FIRESTARTER_OPTIMIZE: Seed=0  Test=98  Generation=  2 *Result=0.00011487  Best=0.00011487   Time=0.1  Run Time=419.3
FIRESTARTER_OPTIMIZE: Seed=0  Test=98  Generation=  3 *Result=0.00000513  Best=0.00000513   Time=0.1  Run Time=419.7
FIRESTARTER_OPTIMIZE: Seed=0  Test=98  Generation=  4  Result=0.00018330  Best=0.00000513   Time=0.1  Run Time=420.2
FIRESTARTER_OPTIMIZE: Seed=0  Test=98  Generation=  5  Result=0.00057501  Best=0.00000513   Time=0.1  Run Time=420.7
FIRESTARTER_OPTIMIZE: Seed=0  Test=98  Generation=  6  Result=0.00018491  Best=0.00000513   Time=0.1  Run Time=421.1
FIRESTARTER_OPTIMIZE: Seed=0  Test=98  Generation=  7  Result=0.00011125  Best=0.00000513   Time=0.1  Run Time=421.5
FIRESTARTER_OPTIMIZE: Seed=0  Test=98  Generation=  8 *Result=0.00000035  Best=0.00000035   Time=0.1  Run Time=422.0
