CUDA devices = 1
Device 0: NVIDIA GeForce RTX 4090

variations = 1
samples = 15
instructions = 32
registers = 30
opcodes = 2
patternOpcodes = 4

targetMin = 0.000000f
targetMax = 6.283185f
target = 0.000001f

mode = FIRESTARTER_OPTIMIZE
evolveSeed = 0
optimizeSeed = 0
tests = 256
streams = 1
units = 1
states = 1
generations = 0
population = 65536
iterations = 64
passes = 512
candidates = 16
attempts = 0
optimize = 1

scale = 0.300000f
startScale = 2.500000f
startResult = 10.000000f

FIRESTARTER_OPTIMIZE: Seed=0  Test=109  Generation=  2 *Result=0.00006110  Best=0.00006110   Time=0.1  Run Time=455.5
FIRESTARTER_OPTIMIZE: Seed=0  Test=109  Generation=  3  Result=0.00062079  Best=0.00006110   Time=0.1  Run Time=456.0
FIRESTARTER_OPTIMIZE: Seed=0  Test=109  Generation=  4  Result=0.00015791  Best=0.00006110   Time=0.1  Run Time=456.5
FIRESTARTER_OPTIMIZE: Seed=0  Test=109  Generation=  5 *Result=0.00001368  Best=0.00001368   Time=0.1  Run Time=456.9
FIRESTARTER_OPTIMIZE: Seed=0  Test=109  Generation=  6  Result=0.00003338  Best=0.00001368   Time=0.1  Run Time=457.4
FIRESTARTER_OPTIMIZE: Seed=0  Test=109  Generation=  7  Result=0.00004989  Best=0.00001368   Time=0.1  Run Time=457.9
FIRESTARTER_OPTIMIZE: Seed=0  Test=109  Generation=  8 *Result=0.00000099  Best=0.00000099   Time=0.1  Run Time=458.3
