CUDA devices = 1
Device 0: NVIDIA GeForce RTX 2080 Ti

variations = 1
instructions = 32
registers = 30
opcodes = 2
patternOpcodes = 4

targetMin = 0.000000f
targetMax = 6.283185f
target = 0.000001f

mode = FIRESTARTER_OPTIMIZE
evolveSeed = 0
optimizeSeed = 0
tests = 256
streams = 1
units = 1
states = 1
generations = 0
population = 65536
passes = 384
attempts = 0
optimize = 1

scale = 0.300000f
startScale = 2.500000f
startResult = 10.000000f

FIRESTARTER_OPTIMIZE: Seed=0  Test=153  Generation=  2 *Result=0.00038362  Best=0.00038362   Time=0.3  Run Time=1054.1
FIRESTARTER_OPTIMIZE: Seed=0  Test=153  Generation=  3 *Result=0.00021702  Best=0.00021702   Time=0.3  Run Time=1055.1
FIRESTARTER_OPTIMIZE: Seed=0  Test=153  Generation=  4 *Result=0.00006390  Best=0.00006390   Time=0.2  Run Time=1056.0
FIRESTARTER_OPTIMIZE: Seed=0  Test=153  Generation=  5  Result=0.00106611  Best=0.00006390   Time=0.2  Run Time=1056.9
FIRESTARTER_OPTIMIZE: Seed=0  Test=153  Generation=  6  Result=0.00019044  Best=0.00006390   Time=0.2  Run Time=1057.8
FIRESTARTER_OPTIMIZE: Seed=0  Test=153  Generation=  7 *Result=0.00005925  Best=0.00005925   Time=0.2  Run Time=1058.7
FIRESTARTER_OPTIMIZE: Seed=0  Test=153  Generation=  8 *Result=0.00000089  Best=0.00000089   Time=0.3  Run Time=1059.6
