CUDA devices = 1
Device 0: NVIDIA GeForce RTX 4090

variations = 1
samples = 15
instructions = 30
registers = 30
opcodes = 2
patternOpcodes = 4

targetMin = 0.000000f
targetMax = 6.283185f
target = 0.000001f

mode = FIRESTARTER_OPTIMIZE
evolveSeed = 0
optimizeSeed = 0
tests = 256
streams = 1
units = 1
states = 1
generations = 0
population = 65536
iterations = 64
passes = 512
candidates = 16
attempts = 0
optimize = 1

scale = 0.300000f
startScale = 2.500000f
startResult = 10.000000f

FIRESTARTER_OPTIMIZE: Seed=0  Test=176  Generation=  2 *Result=0.00000603  Best=0.00000603   Time=0.1  Run Time=594.9
FIRESTARTER_OPTIMIZE: Seed=0  Test=176  Generation=  3  Result=0.00011322  Best=0.00000603   Time=0.1  Run Time=595.3
FIRESTARTER_OPTIMIZE: Seed=0  Test=176  Generation=  4  Result=0.00093442  Best=0.00000603   Time=0.1  Run Time=595.8
FIRESTARTER_OPTIMIZE: Seed=0  Test=176  Generation=  5 *Result=0.00000378  Best=0.00000378   Time=0.1  Run Time=596.2
FIRESTARTER_OPTIMIZE: Seed=0  Test=176  Generation=  6  Result=0.00064824  Best=0.00000378   Time=0.1  Run Time=596.7
FIRESTARTER_OPTIMIZE: Seed=0  Test=176  Generation=  7  Result=0.00002563  Best=0.00000378   Time=0.1  Run Time=597.1
FIRESTARTER_OPTIMIZE: Seed=0  Test=176  Generation=  8  Result=0.00160830  Best=0.00000378   Time=0.1  Run Time=597.6
FIRESTARTER_OPTIMIZE: Seed=0  Test=176  Generation=  9  Result=0.00011043  Best=0.00000378   Time=0.1  Run Time=598.0
FIRESTARTER_OPTIMIZE: Seed=0  Test=176  Generation= 10 *Result=0.00000156  Best=0.00000156   Time=0.1  Run Time=598.4
FIRESTARTER_OPTIMIZE: Seed=0  Test=176  Generation= 11  Result=0.00001913  Best=0.00000156   Time=0.1  Run Time=598.9
FIRESTARTER_OPTIMIZE: Seed=0  Test=176  Generation= 12  Result=0.00001490  Best=0.00000156   Time=0.1  Run Time=599.3
FIRESTARTER_OPTIMIZE: Seed=0  Test=176  Generation= 13 *Result=0.00000035  Best=0.00000035   Time=0.1  Run Time=599.8
