CUDA devices = 1
Device 0: NVIDIA GeForce RTX 4090

variations = 1
instructions = 32
registers = 30
opcodes = 2
patternOpcodes = 4

targetMin = 0.000000f
targetMax = 6.283185f
target = 0.000001f

mode = FIRESTARTER_OPTIMIZE
evolveSeed = 0
optimizeSeed = 0
tests = 256
streams = 1
units = 1
states = 1
generations = 0
population = 65536
passes = 384
attempts = 0
optimize = 1

scale = 0.300000f
startScale = 2.500000f
startResult = 10.000000f

FIRESTARTER_OPTIMIZE: Seed=0  Test=113  Generation=  1 *Result=0.00041750  Best=0.00041750   Time=0.1  Run Time=375.1
FIRESTARTER_OPTIMIZE: Seed=0  Test=113  Generation=  2 *Result=0.00018419  Best=0.00018419   Time=0.1  Run Time=375.2
FIRESTARTER_OPTIMIZE: Seed=0  Test=113  Generation=  3 *Result=0.00001665  Best=0.00001665   Time=0.1  Run Time=375.4
FIRESTARTER_OPTIMIZE: Seed=0  Test=113  Generation=  4  Result=0.00005232  Best=0.00001665   Time=0.1  Run Time=375.5
FIRESTARTER_OPTIMIZE: Seed=0  Test=113  Generation=  5  Result=0.00023709  Best=0.00001665   Time=0.1  Run Time=375.7
FIRESTARTER_OPTIMIZE: Seed=0  Test=113  Generation=  6  Result=0.00012094  Best=0.00001665   Time=0.1  Run Time=375.8
FIRESTARTER_OPTIMIZE: Seed=0  Test=113  Generation=  7  Result=0.00014391  Best=0.00001665   Time=0.1  Run Time=376.1
FIRESTARTER_OPTIMIZE: Seed=0  Test=113  Generation=  8  Result=0.00025949  Best=0.00001665   Time=0.1  Run Time=376.2
FIRESTARTER_OPTIMIZE: Seed=0  Test=113  Generation=  9 *Result=0.00000050  Best=0.00000050   Time=0.1  Run Time=376.4
