CUDA devices = 1
Device 0: NVIDIA GeForce RTX 4090

variations = 1
samples = 15
instructions = 32
registers = 30
opcodes = 2
patternOpcodes = 4

targetMin = 0.000000f
targetMax = 6.283185f
target = 0.000001f

mode = FIRESTARTER_OPTIMIZE
evolveSeed = 0
optimizeSeed = 0
tests = 256
streams = 1
units = 1
states = 1
generations = 0
population = 65536
iterations = 64
passes = 512
candidates = 16
attempts = 0
optimize = 1

scale = 0.100000f
startScale = 3.000000f
startResult = 10.000000f

FIRESTARTER_OPTIMIZE: Seed=0  Test=193  Generation=  2 *Result=0.00020364  Best=0.00020364   Time=0.1  Run Time=1197.9
FIRESTARTER_OPTIMIZE: Seed=0  Test=193  Generation=  3 *Result=0.00000178  Best=0.00000178   Time=0.1  Run Time=1198.3
FIRESTARTER_OPTIMIZE: Seed=0  Test=193  Generation=  4  Result=0.00024438  Best=0.00000178   Time=0.1  Run Time=1198.7
FIRESTARTER_OPTIMIZE: Seed=0  Test=193  Generation=  5  Result=0.00030967  Best=0.00000178   Time=0.1  Run Time=1199.2
FIRESTARTER_OPTIMIZE: Seed=0  Test=193  Generation=  6  Result=0.00019312  Best=0.00000178   Time=0.1  Run Time=1199.7
FIRESTARTER_OPTIMIZE: Seed=0  Test=193  Generation=  7  Result=0.00139341  Best=0.00000178   Time=0.1  Run Time=1200.1
FIRESTARTER_OPTIMIZE: Seed=0  Test=193  Generation=  8  Result=0.00097875  Best=0.00000178   Time=0.1  Run Time=1200.6
FIRESTARTER_OPTIMIZE: Seed=0  Test=193  Generation=  9  Result=0.00018471  Best=0.00000178   Time=0.1  Run Time=1201.0
FIRESTARTER_OPTIMIZE: Seed=0  Test=193  Generation= 10  Result=0.00001456  Best=0.00000178   Time=0.1  Run Time=1201.5
FIRESTARTER_OPTIMIZE: Seed=0  Test=193  Generation= 11  Result=0.00041910  Best=0.00000178   Time=0.1  Run Time=1201.9
FIRESTARTER_OPTIMIZE: Seed=0  Test=193  Generation= 12  Result=0.00010136  Best=0.00000178   Time=0.1  Run Time=1202.3
FIRESTARTER_OPTIMIZE: Seed=0  Test=193  Generation= 13 *Result=0.00000016  Best=0.00000016   Time=0.1  Run Time=1202.8
