CUDA devices = 1
Device 0: NVIDIA GeForce RTX 4090

variations = 1
samples = 15
instructions = 32
registers = 30
opcodes = 2
patternOpcodes = 4

targetMin = 0.000000f
targetMax = 6.283185f
target = 0.000001f

mode = FIRESTARTER_OPTIMIZE
evolveSeed = 0
optimizeSeed = 0
tests = 256
streams = 1
units = 1
states = 1
generations = 0
population = 65536
iterations = 64
passes = 500
candidates = 16
attempts = 0
optimize = 1

scale = 0.100000f
startScale = 2.000000f
startResult = 10.000000f

FIRESTARTER_OPTIMIZE: Seed=0  Test=161  Generation=  1 *Result=0.00226220  Best=0.00226220   Time=0.1 Seconds  Run Time=1677.6 Seconds
FIRESTARTER_OPTIMIZE: Seed=0  Test=161  Generation=  2 *Result=0.00002488  Best=0.00002488   Time=0.1 Seconds  Run Time=1678.1 Seconds
FIRESTARTER_OPTIMIZE: Seed=0  Test=161  Generation=  3  Result=0.00025888  Best=0.00002488   Time=0.1 Seconds  Run Time=1678.5 Seconds
FIRESTARTER_OPTIMIZE: Seed=0  Test=161  Generation=  4  Result=0.00012661  Best=0.00002488   Time=0.1 Seconds  Run Time=1679.0 Seconds
FIRESTARTER_OPTIMIZE: Seed=0  Test=161  Generation=  5  Result=0.00009282  Best=0.00002488   Time=0.1 Seconds  Run Time=1679.4 Seconds
FIRESTARTER_OPTIMIZE: Seed=0  Test=161  Generation=  6  Result=0.00005245  Best=0.00002488   Time=0.1 Seconds  Run Time=1679.9 Seconds
FIRESTARTER_OPTIMIZE: Seed=0  Test=161  Generation=  7  Result=0.00004542  Best=0.00002488   Time=0.1 Seconds  Run Time=1680.4 Seconds
FIRESTARTER_OPTIMIZE: Seed=0  Test=161  Generation=  8 *Result=0.00000179  Best=0.00000179   Time=0.1 Seconds  Run Time=1680.8 Seconds
FIRESTARTER_OPTIMIZE: Seed=0  Test=161  Generation=  9  Result=0.00048459  Best=0.00000179   Time=0.1 Seconds  Run Time=1681.3 Seconds
FIRESTARTER_OPTIMIZE: Seed=0  Test=161  Generation= 10  Result=0.00018293  Best=0.00000179   Time=0.1 Seconds  Run Time=1681.7 Seconds
FIRESTARTER_OPTIMIZE: Seed=0  Test=161  Generation= 11  Result=0.00057290  Best=0.00000179   Time=0.1 Seconds  Run Time=1682.2 Seconds
FIRESTARTER_OPTIMIZE: Seed=0  Test=161  Generation= 12  Result=0.00091067  Best=0.00000179   Time=0.1 Seconds  Run Time=1682.6 Seconds
FIRESTARTER_OPTIMIZE: Seed=0  Test=161  Generation= 13 *Result=0.00000031  Best=0.00000031   Time=0.1 Seconds  Run Time=1683.1 Seconds
