CUDA devices = 1
Device 0: NVIDIA GeForce RTX 4090

variations = 1
samples = 15
instructions = 32
registers = 30
opcodes = 2
patternOpcodes = 4

targetMin = 0.000000f
targetMax = 6.283185f
target = 0.000001f

mode = FIRESTARTER_OPTIMIZE
evolveSeed = 0
optimizeSeed = 0
tests = 256
streams = 1
units = 1
states = 1
generations = 0
population = 65536
iterations = 64
passes = 512
candidates = 16
attempts = 0
optimize = 1

scale = 0.300000f
startScale = 2.500000f
startResult = 10.000000f

FIRESTARTER_OPTIMIZE: Seed=0  Test=239  Generation=  2 *Result=0.00122300  Best=0.00122300   Time=0.1  Run Time=972.0
FIRESTARTER_OPTIMIZE: Seed=0  Test=239  Generation=  3 *Result=0.00016923  Best=0.00016923   Time=0.1  Run Time=972.4
FIRESTARTER_OPTIMIZE: Seed=0  Test=239  Generation=  4 *Result=0.00005212  Best=0.00005212   Time=0.1  Run Time=972.9
FIRESTARTER_OPTIMIZE: Seed=0  Test=239  Generation=  5  Result=0.00014894  Best=0.00005212   Time=0.1  Run Time=973.3
FIRESTARTER_OPTIMIZE: Seed=0  Test=239  Generation=  6 *Result=0.00000013  Best=0.00000013   Time=0.1  Run Time=973.8
