CUDA devices = 1
Device 0: NVIDIA GeForce RTX 4090

variations = 1
instructions = 32
registers = 30
opcodes = 2
patternOpcodes = 4

targetMin = 0.000000f
targetMax = 6.283185f
target = 0.000001f

mode = FIRESTARTER_OPTIMIZE
evolveSeed = 0
optimizeSeed = 0
tests = 256
streams = 1
units = 1
states = 1
generations = 0
population = 49152
passes = 256
attempts = 0
optimize = 1

scale = 0.300000f
startScale = 2.500000f
startResult = 10.000000f

FIRESTARTER_OPTIMIZE: Seed=0  Test=88  Generation=  2 *Result=0.00278820  Best=0.00278820   Time=0.1  Run Time=240.0
FIRESTARTER_OPTIMIZE: Seed=0  Test=88  Generation=  3 *Result=0.00000100  Best=0.00000100   Time=0.1  Run Time=240.3
FIRESTARTER_OPTIMIZE: Seed=0  Test=88  Generation=  4  Result=0.00020778  Best=0.00000100   Time=0.1  Run Time=240.7
FIRESTARTER_OPTIMIZE: Seed=0  Test=88  Generation=  5  Result=0.00026926  Best=0.00000100   Time=0.1  Run Time=241.0
FIRESTARTER_OPTIMIZE: Seed=0  Test=88  Generation=  6  Result=0.00065119  Best=0.00000100   Time=0.1  Run Time=241.3
FIRESTARTER_OPTIMIZE: Seed=0  Test=88  Generation=  7  Result=0.00013584  Best=0.00000100   Time=0.1  Run Time=241.6
FIRESTARTER_OPTIMIZE: Seed=0  Test=88  Generation=  8  Result=0.00000350  Best=0.00000100   Time=0.1  Run Time=241.9
FIRESTARTER_OPTIMIZE: Seed=0  Test=88  Generation=  9  Result=0.00023413  Best=0.00000100   Time=0.1  Run Time=242.3
FIRESTARTER_OPTIMIZE: Seed=0  Test=88  Generation= 10  Result=0.00002139  Best=0.00000100   Time=0.1  Run Time=242.6
FIRESTARTER_OPTIMIZE: Seed=0  Test=88  Generation= 11 *Result=0.00000015  Best=0.00000015   Time=0.1  Run Time=243.0
