CUDA devices = 1
Device 0: NVIDIA GeForce RTX 4090

variations = 1
instructions = 32
registers = 30
opcodes = 2
patternOpcodes = 4

targetMin = 0.000000f
targetMax = 6.283185f
target = 0.000001f

mode = FIRESTARTER_OPTIMIZE
evolveSeed = 0
optimizeSeed = 0
tests = 256
streams = 1
units = 1
states = 1
generations = 0
population = 49152
passes = 256
attempts = 0
optimize = 1

scale = 0.300000f
startScale = 2.500000f
startResult = 10.000000f

FIRESTARTER_OPTIMIZE: Seed=0  Test=149  Generation=  2 *Result=0.00011182  Best=0.00011182   Time=0.1  Run Time=418.4
FIRESTARTER_OPTIMIZE: Seed=0  Test=149  Generation=  3 *Result=0.00004249  Best=0.00004249   Time=0.1  Run Time=418.8
FIRESTARTER_OPTIMIZE: Seed=0  Test=149  Generation=  4  Result=0.00010168  Best=0.00004249   Time=0.1  Run Time=419.1
FIRESTARTER_OPTIMIZE: Seed=0  Test=149  Generation=  5 *Result=0.00002973  Best=0.00002973   Time=0.1  Run Time=419.4
FIRESTARTER_OPTIMIZE: Seed=0  Test=149  Generation=  6 *Result=0.00000105  Best=0.00000105   Time=0.1  Run Time=419.7
FIRESTARTER_OPTIMIZE: Seed=0  Test=149  Generation=  7  Result=0.00022012  Best=0.00000105   Time=0.1  Run Time=420.0
FIRESTARTER_OPTIMIZE: Seed=0  Test=149  Generation=  8  Result=0.00025660  Best=0.00000105   Time=0.1  Run Time=420.3
FIRESTARTER_OPTIMIZE: Seed=0  Test=149  Generation=  9  Result=0.00004661  Best=0.00000105   Time=0.1  Run Time=420.6
FIRESTARTER_OPTIMIZE: Seed=0  Test=149  Generation= 10 *Result=0.00000017  Best=0.00000017   Time=0.1  Run Time=420.9
