CUDA devices = 1
Device 0: NVIDIA GeForce RTX 4090

variations = 1
samples = 15
instructions = 32
registers = 30
opcodes = 2
patternOpcodes = 4

targetMin = 0.000000f
targetMax = 6.283185f
target = 0.000001f

mode = FIRESTARTER_OPTIMIZE
evolveSeed = 123
optimizeSeed = 123
tests = 256
streams = 1
units = 1
states = 1
generations = 0
population = 65536
iterations = 64
passes = 512
candidates = 16
attempts = 0
optimize = 1

scale = 0.300000f
startScale = 2.500000f
startResult = 10.000000f

FIRESTARTER_OPTIMIZE: Seed=123  Test=97  Generation=  2 *Result=0.00064779  Best=0.00064779   Time=0.1  Run Time=307.4
FIRESTARTER_OPTIMIZE: Seed=123  Test=97  Generation=  3 *Result=0.00011259  Best=0.00011259   Time=0.1  Run Time=307.8
FIRESTARTER_OPTIMIZE: Seed=123  Test=97  Generation=  4 *Result=0.00000200  Best=0.00000200   Time=0.1  Run Time=308.2
FIRESTARTER_OPTIMIZE: Seed=123  Test=97  Generation=  5  Result=0.00024792  Best=0.00000200   Time=0.1  Run Time=308.5
FIRESTARTER_OPTIMIZE: Seed=123  Test=97  Generation=  6  Result=0.00000534  Best=0.00000200   Time=0.1  Run Time=308.9
FIRESTARTER_OPTIMIZE: Seed=123  Test=97  Generation=  7  Result=0.00018247  Best=0.00000200   Time=0.1  Run Time=309.3
FIRESTARTER_OPTIMIZE: Seed=123  Test=97  Generation=  8 *Result=0.00000021  Best=0.00000021   Time=0.1  Run Time=309.7
