CUDA devices = 1
Device 0: NVIDIA GeForce RTX 4090

variations = 1
samples = 15
instructions = 32
registers = 30
opcodes = 2
patternOpcodes = 4

targetMin = 0.000000f
targetMax = 6.283185f
target = 0.000001f

mode = FIRESTARTER_OPTIMIZE
evolveSeed = 123
optimizeSeed = 123
tests = 256
streams = 1
units = 1
states = 1
generations = 0
population = 65536
iterations = 64
passes = 512
candidates = 16
attempts = 0
optimize = 1

scale = 0.300000f
startScale = 2.500000f
startResult = 10.000000f

FIRESTARTER_OPTIMIZE: Seed=123  Test=253  Generation=  2 *Result=0.00001453  Best=0.00001453   Time=0.1  Run Time=783.8
FIRESTARTER_OPTIMIZE: Seed=123  Test=253  Generation=  3 *Result=0.00000565  Best=0.00000565   Time=0.1  Run Time=784.3
FIRESTARTER_OPTIMIZE: Seed=123  Test=253  Generation=  4  Result=0.00028484  Best=0.00000565   Time=0.1  Run Time=784.7
FIRESTARTER_OPTIMIZE: Seed=123  Test=253  Generation=  5  Result=0.00041401  Best=0.00000565   Time=0.1  Run Time=785.1
FIRESTARTER_OPTIMIZE: Seed=123  Test=253  Generation=  6  Result=0.00002010  Best=0.00000565   Time=0.1  Run Time=785.6
FIRESTARTER_OPTIMIZE: Seed=123  Test=253  Generation=  7  Result=0.00000992  Best=0.00000565   Time=0.1  Run Time=786.0
FIRESTARTER_OPTIMIZE: Seed=123  Test=253  Generation=  8  Result=0.00005333  Best=0.00000565   Time=0.1  Run Time=786.5
FIRESTARTER_OPTIMIZE: Seed=123  Test=253  Generation=  9  Result=0.00001332  Best=0.00000565   Time=0.1  Run Time=786.9
FIRESTARTER_OPTIMIZE: Seed=123  Test=253  Generation= 10 *Result=0.00000051  Best=0.00000051   Time=0.1  Run Time=787.3
