CUDA devices = 1
Device 0: NVIDIA GeForce RTX 4090

variations = 1
samples = 15
instructions = 32
registers = 30
opcodes = 2
patternOpcodes = 4

targetMin = 0.000000f
targetMax = 6.283185f
target = 0.000001f

mode = FIRESTARTER_OPTIMIZE
evolveSeed = 0
optimizeSeed = 0
tests = 256
streams = 1
units = 1
states = 1
generations = 0
population = 65536
iterations = 64
passes = 512
candidates = 16
attempts = 0
optimize = 1

scale = 0.100000f
startScale = 4.000000f
startResult = 10.000000f

FIRESTARTER_OPTIMIZE: Seed=0  Test=115  Generation=  2 *Result=0.00173865  Best=0.00173865   Time=0.1  Run Time=853.4
FIRESTARTER_OPTIMIZE: Seed=0  Test=115  Generation=  3 *Result=0.00138360  Best=0.00138360   Time=0.1  Run Time=853.9
FIRESTARTER_OPTIMIZE: Seed=0  Test=115  Generation=  4 *Result=0.00004309  Best=0.00004309   Time=0.1  Run Time=854.4
FIRESTARTER_OPTIMIZE: Seed=0  Test=115  Generation=  5  Result=0.00608221  Best=0.00004309   Time=0.1  Run Time=854.9
FIRESTARTER_OPTIMIZE: Seed=0  Test=115  Generation=  6  Result=0.00018233  Best=0.00004309   Time=0.1  Run Time=855.3
FIRESTARTER_OPTIMIZE: Seed=0  Test=115  Generation=  7  Result=0.00036851  Best=0.00004309   Time=0.1  Run Time=855.8
FIRESTARTER_OPTIMIZE: Seed=0  Test=115  Generation=  8 *Result=0.00000039  Best=0.00000039   Time=0.1  Run Time=856.3
