CUDA devices = 1
Device 0: NVIDIA GeForce RTX 4090

variations = 1
instructions = 32
registers = 30
opcodes = 2
patternOpcodes = 4

targetMin = 0.000000f
targetMax = 6.283185f
target = 0.000001f

mode = FIRESTARTER_OPTIMIZE
evolveSeed = 1
optimizeSeed = 1
tests = 256
streams = 1
units = 1
states = 1
generations = 0
population = 49152
passes = 384
attempts = 0
optimize = 1

scale = 0.300000f
startScale = 2.500000f
startResult = 10.000000f

FIRESTARTER_OPTIMIZE: Seed=1  Test=129  Generation=  2 *Result=0.00005696  Best=0.00005696   Time=0.1  Run Time=374.7
FIRESTARTER_OPTIMIZE: Seed=1  Test=129  Generation=  3 *Result=0.00001088  Best=0.00001088   Time=0.1  Run Time=375.0
FIRESTARTER_OPTIMIZE: Seed=1  Test=129  Generation=  4  Result=0.00002627  Best=0.00001088   Time=0.1  Run Time=375.3
FIRESTARTER_OPTIMIZE: Seed=1  Test=129  Generation=  5  Result=0.00018313  Best=0.00001088   Time=0.1  Run Time=375.6
FIRESTARTER_OPTIMIZE: Seed=1  Test=129  Generation=  6  Result=0.00005209  Best=0.00001088   Time=0.1  Run Time=376.0
FIRESTARTER_OPTIMIZE: Seed=1  Test=129  Generation=  7 *Result=0.00000238  Best=0.00000238   Time=0.1  Run Time=376.3
FIRESTARTER_OPTIMIZE: Seed=1  Test=129  Generation=  8  Result=0.00003746  Best=0.00000238   Time=0.1  Run Time=376.7
FIRESTARTER_OPTIMIZE: Seed=1  Test=129  Generation=  9 *Result=0.00000015  Best=0.00000015   Time=0.1  Run Time=377.0
