CUDA devices = 1
Device 0: NVIDIA GeForce RTX 4090

variations = 1
instructions = 32
registers = 30
opcodes = 2
patternOpcodes = 4

targetMin = 0.000000f
targetMax = 6.283185f
target = 0.000001f

mode = FIRESTARTER_OPTIMIZE
evolveSeed = 0
optimizeSeed = 0
tests = 256
streams = 1
units = 1
states = 1
generations = 0
population = 49152
passes = 384
attempts = 0
optimize = 1

scale = 0.300000f
startScale = 2.500000f
startResult = 10.000000f

FIRESTARTER_OPTIMIZE: Seed=0  Test=153  Generation=  2 *Result=0.00044924  Best=0.00044924   Time=0.1  Run Time=393.5
FIRESTARTER_OPTIMIZE: Seed=0  Test=153  Generation=  3 *Result=0.00022172  Best=0.00022172   Time=0.1  Run Time=393.8
FIRESTARTER_OPTIMIZE: Seed=0  Test=153  Generation=  4  Result=0.00085211  Best=0.00022172   Time=0.1  Run Time=394.1
FIRESTARTER_OPTIMIZE: Seed=0  Test=153  Generation=  5  Result=0.00108057  Best=0.00022172   Time=0.1  Run Time=394.4
FIRESTARTER_OPTIMIZE: Seed=0  Test=153  Generation=  6 *Result=0.00019282  Best=0.00019282   Time=0.1  Run Time=394.7
FIRESTARTER_OPTIMIZE: Seed=0  Test=153  Generation=  7 *Result=0.00005746  Best=0.00005746   Time=0.1  Run Time=395.0
FIRESTARTER_OPTIMIZE: Seed=0  Test=153  Generation=  8 *Result=0.00001328  Best=0.00001328   Time=0.1  Run Time=395.3
FIRESTARTER_OPTIMIZE: Seed=0  Test=153  Generation=  9  Result=0.00221566  Best=0.00001328   Time=0.1  Run Time=395.6
FIRESTARTER_OPTIMIZE: Seed=0  Test=153  Generation= 10 *Result=0.00000029  Best=0.00000029   Time=0.1  Run Time=395.9
