CUDA devices = 1
Device 0: NVIDIA GeForce RTX 4090

variations = 1
instructions = 32
registers = 30
opcodes = 2
patternOpcodes = 4

targetMin = 0.000000f
targetMax = 6.283185f
target = 0.000001f

mode = FIRESTARTER_OPTIMIZE
evolveSeed = 1
optimizeSeed = 1
tests = 256
streams = 1
units = 1
states = 1
generations = 0
population = 49152
passes = 384
attempts = 0
optimize = 1

scale = 0.300000f
startScale = 2.500000f
startResult = 10.000000f

FIRESTARTER_OPTIMIZE: Seed=1  Test=209  Generation=  2 *Result=0.00009910  Best=0.00009910   Time=0.1  Run Time=600.7
FIRESTARTER_OPTIMIZE: Seed=1  Test=209  Generation=  3 *Result=0.00000907  Best=0.00000907   Time=0.1  Run Time=601.0
FIRESTARTER_OPTIMIZE: Seed=1  Test=209  Generation=  4  Result=0.00040058  Best=0.00000907   Time=0.1  Run Time=601.3
FIRESTARTER_OPTIMIZE: Seed=1  Test=209  Generation=  5  Result=0.00018132  Best=0.00000907   Time=0.1  Run Time=601.7
FIRESTARTER_OPTIMIZE: Seed=1  Test=209  Generation=  6 *Result=0.00000631  Best=0.00000631   Time=0.1  Run Time=602.0
FIRESTARTER_OPTIMIZE: Seed=1  Test=209  Generation=  7  Result=0.00143242  Best=0.00000631   Time=0.1  Run Time=602.3
FIRESTARTER_OPTIMIZE: Seed=1  Test=209  Generation=  8 *Result=0.00000018  Best=0.00000018   Time=0.1  Run Time=602.6
