CUDA devices = 1
Device 0: NVIDIA GeForce RTX 4090

variations = 1
samples = 15
instructions = 32
registers = 30
opcodes = 2
patternOpcodes = 4

targetMin = 0.000000f
targetMax = 6.283185f
target = 0.000001f

mode = FIRESTARTER_OPTIMIZE
evolveSeed = 0
optimizeSeed = 0
tests = 256
streams = 1
units = 1
states = 1
generations = 0
population = 65536
iterations = 64
passes = 512
candidates = 16
attempts = 0
optimize = 1

scale = 0.100000f
startScale = 3.000000f
startResult = 10.000000f

FIRESTARTER_OPTIMIZE: Seed=0  Test=110  Generation=  2 *Result=0.00232292  Best=0.00232292   Time=0.1  Run Time=700.3
FIRESTARTER_OPTIMIZE: Seed=0  Test=110  Generation=  3 *Result=0.00014847  Best=0.00014847   Time=0.1  Run Time=700.8
FIRESTARTER_OPTIMIZE: Seed=0  Test=110  Generation=  4  Result=0.00088753  Best=0.00014847   Time=0.1  Run Time=701.2
FIRESTARTER_OPTIMIZE: Seed=0  Test=110  Generation=  5 *Result=0.00001988  Best=0.00001988   Time=0.1  Run Time=701.7
FIRESTARTER_OPTIMIZE: Seed=0  Test=110  Generation=  6  Result=0.00015473  Best=0.00001988   Time=0.1  Run Time=702.1
FIRESTARTER_OPTIMIZE: Seed=0  Test=110  Generation=  7  Result=0.00033915  Best=0.00001988   Time=0.1  Run Time=702.5
FIRESTARTER_OPTIMIZE: Seed=0  Test=110  Generation=  8  Result=0.00615197  Best=0.00001988   Time=0.1  Run Time=703.0
FIRESTARTER_OPTIMIZE: Seed=0  Test=110  Generation=  9  Result=0.00005126  Best=0.00001988   Time=0.1  Run Time=703.5
FIRESTARTER_OPTIMIZE: Seed=0  Test=110  Generation= 10  Result=0.00613189  Best=0.00001988   Time=0.1  Run Time=703.9
FIRESTARTER_OPTIMIZE: Seed=0  Test=110  Generation= 11  Result=0.00613967  Best=0.00001988   Time=0.1  Run Time=704.3
FIRESTARTER_OPTIMIZE: Seed=0  Test=110  Generation= 12 *Result=0.00000092  Best=0.00000092   Time=0.1  Run Time=704.8
