CUDA devices = 1
Device 0: NVIDIA GeForce RTX 4090

variations = 1
instructions = 32
registers = 30
opcodes = 2
patternOpcodes = 4

targetMin = 0.000000f
targetMax = 6.283185f
target = 0.000001f

mode = FIRESTARTER_OPTIMIZE
evolveSeed = 0
optimizeSeed = 0
tests = 256
streams = 1
units = 1
states = 1
generations = 0
population = 65536
passes = 384
attempts = 0
optimize = 1

scale = 0.300000f
startScale = 2.500000f
startResult = 10.000000f

FIRESTARTER_OPTIMIZE: Seed=0  Test=151  Generation=  2 *Result=0.00042833  Best=0.00042833   Time=0.1  Run Time=433.8
FIRESTARTER_OPTIMIZE: Seed=0  Test=151  Generation=  3 *Result=0.00001092  Best=0.00001092   Time=0.1  Run Time=434.1
FIRESTARTER_OPTIMIZE: Seed=0  Test=151  Generation=  4  Result=0.00096554  Best=0.00001092   Time=0.1  Run Time=434.5
FIRESTARTER_OPTIMIZE: Seed=0  Test=151  Generation=  5  Result=0.00008167  Best=0.00001092   Time=0.1  Run Time=434.9
FIRESTARTER_OPTIMIZE: Seed=0  Test=151  Generation=  6  Result=0.00008405  Best=0.00001092   Time=0.1  Run Time=435.2
FIRESTARTER_OPTIMIZE: Seed=0  Test=151  Generation=  7  Result=0.00002989  Best=0.00001092   Time=0.1  Run Time=435.6
FIRESTARTER_OPTIMIZE: Seed=0  Test=151  Generation=  8 *Result=0.00000009  Best=0.00000009   Time=0.1  Run Time=436.0
