CUDA devices = 1
Device 0: NVIDIA GeForce RTX 4090

variations = 1
samples = 15
instructions = 32
registers = 30
opcodes = 2
patternOpcodes = 4

targetMin = 0.000000f
targetMax = 6.283185f
evolveTarget = 0.000001f

mode = FIRESTARTER_EVOLVE_GPU
evolveSeed = 0
optimizeSeed = 0
tests = 16
streams = 1
units = 1
states = 1
generations = 0
population = 8192
iterations = 64
passes = 500
candidates = 16
attempts = 0
optimize = 1

scale = 0.100000f
startScale = 2.000000f
startResult = 10.000000f

FIRESTARTER_EVOLVE_GPU: Seed=0  Test=12  Generation=  0  Age=  1  Evolution= 0  Weight=0.00000000  Old Result=10.00000000 *New Result=0.00139992  Index=1248  EvolveAge1=296  EvolveAge2=102  Best=0.00139992   BestAge=1  Time=1.9 Seconds  Run Time=1879.1 Seconds
FIRESTARTER_EVOLVE_GPU: Seed=0  Test=12  Generation=  1  Age=  1  Evolution= 0  Weight=0.00000000  Old Result=0.00139992  Bad Result=0.00139992  Index=1248  EvolveAge1=796  EvolveAge2=102  Best=0.00139992   BestAge=2  Time=1.2 Seconds  Run Time=1880.3 Seconds
FIRESTARTER_OPTIMIZE_GPU: Seed=0  Test=12  Optimize=0  Generation=  0 *Result=0.00007904  Best=0.00007904   Time=2.3 Seconds  Run Time=1882.6 Seconds
FIRESTARTER_EVOLVE_GPU: Seed=0  Test=12  Generation=  2  Age=  1  Evolution= 0  Weight=0.00000000  Old Result=0.00139992  Bad Result=0.00165308  Index=2754  EvolveAge1=457  EvolveAge2=762  Best=0.00139992   BestAge=3  Time=1.4 Seconds  Run Time=1884.1 Seconds
FIRESTARTER_EVOLVE_GPU: Seed=0  Test=12  Generation=  3  Age=  1  Evolution= 0  Weight=0.00000000  Old Result=0.00165308  Bad Result=0.00165308  Index=2754  EvolveAge1=957  EvolveAge2=762  Best=0.00139992   BestAge=4  Time=1.3 Seconds  Run Time=1885.4 Seconds
FIRESTARTER_EVOLVE_GPU: Seed=0  Test=12  Generation=  4  Age=  2  Evolution= 0  Weight=0.00000000  Old Result=0.00165308  Bad Result=0.00254101  Index=689  EvolveAge1=1  EvolveAge2=72  Best=0.00139992   BestAge=5  Time=1.3 Seconds  Run Time=1886.7 Seconds
FIRESTARTER_EVOLVE_GPU: Seed=0  Test=12  Generation=  5  Age=  1  Evolution= 0  Weight=0.00000000  Old Result=0.00254101 *New Result=0.00087816  Index=6558  EvolveAge1=96  EvolveAge2=377  Best=0.00087816   BestAge=1  Time=1.4 Seconds  Run Time=1888.1 Seconds
FIRESTARTER_EVOLVE_GPU: Seed=0  Test=12  Generation=  6  Age=  1  Evolution= 0  Weight=0.00000000  Old Result=0.00087816  Bad Result=0.00087816  Index=6558  EvolveAge1=596  EvolveAge2=377  Best=0.00087816   BestAge=2  Time=1.3 Seconds  Run Time=1889.4 Seconds
FIRESTARTER_OPTIMIZE_GPU: Seed=0  Test=12  Optimize=0  Generation=  5 *Result=0.00013739  Best=0.00013739   Time=2.4 Seconds  Run Time=1891.8 Seconds
FIRESTARTER_EVOLVE_GPU: Seed=0  Test=12  Generation=  7  Age=  1  Evolution= 0  Weight=0.00000000  Old Result=0.00087816  Bad Result=0.00097278  Index=5247  EvolveAge1=13  EvolveAge2=911  Best=0.00087816   BestAge=3  Time=1.4 Seconds  Run Time=1893.2 Seconds
FIRESTARTER_EVOLVE_GPU: Seed=0  Test=12  Generation=  8  Age=  1  Evolution= 0  Weight=0.00000000  Old Result=0.00097278 *New Result=0.00027686  Index=7654  EvolveAge1=65  EvolveAge2=164  Best=0.00027686   BestAge=1  Time=1.4 Seconds  Run Time=1894.6 Seconds
FIRESTARTER_EVOLVE_GPU: Seed=0  Test=12  Generation=  9  Age=  1  Evolution= 0  Weight=0.00000000  Old Result=0.00027686  Bad Result=0.00027686  Index=7654  EvolveAge1=565  EvolveAge2=164  Best=0.00027686   BestAge=2  Time=1.4 Seconds  Run Time=1895.9 Seconds
FIRESTARTER_OPTIMIZE_GPU: Seed=0  Test=12  Optimize=0  Generation=  8 *Result=0.00000030  Best=0.00000030   Time=2.4 Seconds  Run Time=1898.3 Seconds
