CUDA devices = 1
Device 0: NVIDIA GeForce RTX 4090

variations = 1
instructions = 32
registers = 30
opcodes = 2
patternOpcodes = 4

targetMin = 0.000000f
targetMax = 6.283185f
target = 0.000001f

mode = FIRESTARTER_OPTIMIZE
evolveSeed = 0
optimizeSeed = 0
tests = 256
streams = 1
units = 1
states = 1
generations = 0
population = 65536
passes = 384
attempts = 0
optimize = 1

scale = 0.300000f
startScale = 2.500000f
startResult = 10.000000f

FIRESTARTER_OPTIMIZE: Seed=0  Test=251  Generation=  2 *Result=0.00143483  Best=0.00143483   Time=0.1  Run Time=624.2
FIRESTARTER_OPTIMIZE: Seed=0  Test=251  Generation=  3 *Result=0.00053839  Best=0.00053839   Time=0.1  Run Time=624.5
FIRESTARTER_OPTIMIZE: Seed=0  Test=251  Generation=  4  Result=0.00235573  Best=0.00053839   Time=0.1  Run Time=624.8
FIRESTARTER_OPTIMIZE: Seed=0  Test=251  Generation=  5  Result=0.00058985  Best=0.00053839   Time=0.1  Run Time=625.2
FIRESTARTER_OPTIMIZE: Seed=0  Test=251  Generation=  6 *Result=0.00020289  Best=0.00020289   Time=0.1  Run Time=625.5
FIRESTARTER_OPTIMIZE: Seed=0  Test=251  Generation=  7  Result=0.00041179  Best=0.00020289   Time=0.1  Run Time=625.8
FIRESTARTER_OPTIMIZE: Seed=0  Test=251  Generation=  8 *Result=0.00000255  Best=0.00000255   Time=0.1  Run Time=626.1
FIRESTARTER_OPTIMIZE: Seed=0  Test=251  Generation=  9 *Result=0.00000006  Best=0.00000006   Time=0.1  Run Time=626.4
