CUDA devices = 1
Device 0: NVIDIA GeForce RTX 4090

variations = 1
instructions = 32
registers = 30
opcodes = 2
patternOpcodes = 4

targetMin = 0.000000f
targetMax = 6.283185f
target = 0.000001f

mode = FIRESTARTER_OPTIMIZE
evolveSeed = 0
optimizeSeed = 0
tests = 256
streams = 1
units = 1
states = 1
generations = 0
population = 65536
passes = 512
attempts = 0
optimize = 1

scale = 0.300000f
startScale = 2.500000f
startResult = 10.000000f

FIRESTARTER_OPTIMIZE: Seed=0  Test=147  Generation=  2 *Result=0.00032690  Best=0.00032690   Time=0.1  Run Time=408.4
FIRESTARTER_OPTIMIZE: Seed=0  Test=147  Generation=  3  Result=0.00288868  Best=0.00032690   Time=0.1  Run Time=408.8
FIRESTARTER_OPTIMIZE: Seed=0  Test=147  Generation=  4 *Result=0.00009523  Best=0.00009523   Time=0.1  Run Time=409.1
FIRESTARTER_OPTIMIZE: Seed=0  Test=147  Generation=  5 *Result=0.00003770  Best=0.00003770   Time=0.1  Run Time=409.5
FIRESTARTER_OPTIMIZE: Seed=0  Test=147  Generation=  6  Result=0.00019297  Best=0.00003770   Time=0.1  Run Time=409.9
FIRESTARTER_OPTIMIZE: Seed=0  Test=147  Generation=  7  Result=0.00025906  Best=0.00003770   Time=0.1  Run Time=410.3
FIRESTARTER_OPTIMIZE: Seed=0  Test=147  Generation=  8  Result=0.00015062  Best=0.00003770   Time=0.1  Run Time=410.7
FIRESTARTER_OPTIMIZE: Seed=0  Test=147  Generation=  9 *Result=0.00000011  Best=0.00000011   Time=0.1  Run Time=411.0
