CUDA devices = 1
Device 0: NVIDIA GeForce RTX 4090

variations = 1
instructions = 32
registers = 30
opcodes = 2
patternOpcodes = 4

targetMin = 0.000000f
targetMax = 6.283185f
target = 0.000001f

mode = FIRESTARTER_OPTIMIZE
evolveSeed = 1
optimizeSeed = 1
tests = 256
streams = 1
units = 1
states = 1
generations = 0
population = 65536
passes = 512
attempts = 0
optimize = 1

scale = 0.300000f
startScale = 2.500000f
startResult = 10.000000f

FIRESTARTER_OPTIMIZE: Seed=1  Test=182  Generation=  2 *Result=0.00006776  Best=0.00006776   Time=0.1  Run Time=582.7
FIRESTARTER_OPTIMIZE: Seed=1  Test=182  Generation=  3  Result=0.00019678  Best=0.00006776   Time=0.1  Run Time=583.1
FIRESTARTER_OPTIMIZE: Seed=1  Test=182  Generation=  4 *Result=0.00001314  Best=0.00001314   Time=0.1  Run Time=583.5
FIRESTARTER_OPTIMIZE: Seed=1  Test=182  Generation=  5  Result=0.00008255  Best=0.00001314   Time=0.1  Run Time=583.8
FIRESTARTER_OPTIMIZE: Seed=1  Test=182  Generation=  6  Result=0.00002688  Best=0.00001314   Time=0.1  Run Time=584.2
FIRESTARTER_OPTIMIZE: Seed=1  Test=182  Generation=  7  Result=0.00010780  Best=0.00001314   Time=0.1  Run Time=584.6
FIRESTARTER_OPTIMIZE: Seed=1  Test=182  Generation=  8  Result=0.00018966  Best=0.00001314   Time=0.1  Run Time=584.9
FIRESTARTER_OPTIMIZE: Seed=1  Test=182  Generation=  9  Result=0.00221149  Best=0.00001314   Time=0.1  Run Time=585.3
FIRESTARTER_OPTIMIZE: Seed=1  Test=182  Generation= 10  Result=0.00222666  Best=0.00001314   Time=0.1  Run Time=585.7
FIRESTARTER_OPTIMIZE: Seed=1  Test=182  Generation= 11 *Result=0.00000066  Best=0.00000066   Time=0.1  Run Time=586.1
