CUDA devices = 1
Device 0: NVIDIA GeForce RTX 4090

variations = 1
instructions = 32
registers = 30
opcodes = 2
patternOpcodes = 4

targetMin = 0.000000f
targetMax = 6.283185f
target = 0.000001f

mode = FIRESTARTER_OPTIMIZE
evolveSeed = 0
optimizeSeed = 0
tests = 256
streams = 1
units = 1
states = 1
generations = 0
population = 49152
passes = 256
attempts = 0
optimize = 1

scale = 0.300000f
startScale = 2.500000f
startResult = 10.000000f

FIRESTARTER_OPTIMIZE: Seed=0  Test=73  Generation=  2 *Result=0.00000539  Best=0.00000539   Time=0.1  Run Time=194.6
FIRESTARTER_OPTIMIZE: Seed=0  Test=73  Generation=  3  Result=0.00001099  Best=0.00000539   Time=0.1  Run Time=195.0
FIRESTARTER_OPTIMIZE: Seed=0  Test=73  Generation=  4  Result=0.00000817  Best=0.00000539   Time=0.1  Run Time=195.3
FIRESTARTER_OPTIMIZE: Seed=0  Test=73  Generation=  5 *Result=0.00000179  Best=0.00000179   Time=0.1  Run Time=195.6
FIRESTARTER_OPTIMIZE: Seed=0  Test=73  Generation=  6  Result=0.00025007  Best=0.00000179   Time=0.1  Run Time=195.9
FIRESTARTER_OPTIMIZE: Seed=0  Test=73  Generation=  7  Result=0.00013659  Best=0.00000179   Time=0.1  Run Time=196.2
FIRESTARTER_OPTIMIZE: Seed=0  Test=73  Generation=  8  Result=0.00034076  Best=0.00000179   Time=0.1  Run Time=196.5
FIRESTARTER_OPTIMIZE: Seed=0  Test=73  Generation=  9  Result=0.00039398  Best=0.00000179   Time=0.1  Run Time=196.8
FIRESTARTER_OPTIMIZE: Seed=0  Test=73  Generation= 10  Result=0.00151175  Best=0.00000179   Time=0.1  Run Time=197.1
FIRESTARTER_OPTIMIZE: Seed=0  Test=73  Generation= 11  Result=0.00000590  Best=0.00000179   Time=0.1  Run Time=197.4
FIRESTARTER_OPTIMIZE: Seed=0  Test=73  Generation= 12 *Result=0.00000049  Best=0.00000049   Time=0.1  Run Time=197.7
