CUDA devices = 1
Device 0: NVIDIA GeForce RTX 4090

variations = 1
instructions = 32
registers = 30
opcodes = 2
patternOpcodes = 4

targetMin = 0.000000f
targetMax = 6.283185f
target = 0.000001f

mode = FIRESTARTER_OPTIMIZE
evolveSeed = 0
optimizeSeed = 0
tests = 256
streams = 1
units = 1
states = 1
generations = 0
population = 65536
passes = 512
attempts = 0
optimize = 1

scale = 0.300000f
startScale = 2.500000f
startResult = 10.000000f

FIRESTARTER_OPTIMIZE: Seed=0  Test=175  Generation=  2 *Result=0.00018267  Best=0.00018267   Time=0.1  Run Time=465.4
FIRESTARTER_OPTIMIZE: Seed=0  Test=175  Generation=  3 *Result=0.00002087  Best=0.00002087   Time=0.1  Run Time=465.8
FIRESTARTER_OPTIMIZE: Seed=0  Test=175  Generation=  4 *Result=0.00001925  Best=0.00001925   Time=0.1  Run Time=466.1
FIRESTARTER_OPTIMIZE: Seed=0  Test=175  Generation=  5  Result=0.00002631  Best=0.00001925   Time=0.1  Run Time=466.5
FIRESTARTER_OPTIMIZE: Seed=0  Test=175  Generation=  6  Result=0.00017814  Best=0.00001925   Time=0.1  Run Time=466.9
FIRESTARTER_OPTIMIZE: Seed=0  Test=175  Generation=  7 *Result=0.00000186  Best=0.00000186   Time=0.1  Run Time=467.3
FIRESTARTER_OPTIMIZE: Seed=0  Test=175  Generation=  8  Result=0.00005217  Best=0.00000186   Time=0.1  Run Time=467.6
FIRESTARTER_OPTIMIZE: Seed=0  Test=175  Generation=  9  Result=0.00157332  Best=0.00000186   Time=0.1  Run Time=468.0
FIRESTARTER_OPTIMIZE: Seed=0  Test=175  Generation= 10 *Result=0.00000024  Best=0.00000024   Time=0.1  Run Time=468.4
