CUDA devices = 1
Device 0: NVIDIA GeForce RTX 4090

variations = 1
instructions = 32
registers = 30
opcodes = 2
patternOpcodes = 4

targetMin = 0.000000f
targetMax = 6.283185f
target = 0.000001f

mode = FIRESTARTER_OPTIMIZE
evolveSeed = 1
optimizeSeed = 1
tests = 256
streams = 1
units = 1
states = 1
generations = 0
population = 65536
passes = 384
attempts = 0
optimize = 1

scale = 0.300000f
startScale = 2.500000f
startResult = 10.000000f

FIRESTARTER_OPTIMIZE: Seed=1  Test=221  Generation=  2 *Result=0.00079143  Best=0.00079143   Time=0.1  Run Time=629.2
FIRESTARTER_OPTIMIZE: Seed=1  Test=221  Generation=  3 *Result=0.00032795  Best=0.00032795   Time=0.1  Run Time=629.5
FIRESTARTER_OPTIMIZE: Seed=1  Test=221  Generation=  4 *Result=0.00018229  Best=0.00018229   Time=0.1  Run Time=629.8
FIRESTARTER_OPTIMIZE: Seed=1  Test=221  Generation=  5 *Result=0.00004533  Best=0.00004533   Time=0.1  Run Time=630.2
FIRESTARTER_OPTIMIZE: Seed=1  Test=221  Generation=  6  Result=0.00004721  Best=0.00004533   Time=0.1  Run Time=630.5
FIRESTARTER_OPTIMIZE: Seed=1  Test=221  Generation=  7  Result=0.00005228  Best=0.00004533   Time=0.1  Run Time=630.9
FIRESTARTER_OPTIMIZE: Seed=1  Test=221  Generation=  8 *Result=0.00000016  Best=0.00000016   Time=0.1  Run Time=631.2
