CUDA devices = 1
Device 0: NVIDIA GeForce RTX 4090

variations = 1
instructions = 32
registers = 30
opcodes = 2
patternOpcodes = 4

targetMin = 0.000000f
targetMax = 6.283185f
target = 0.000001f

mode = FIRESTARTER_OPTIMIZE
evolveSeed = 0
optimizeSeed = 0
tests = 256
streams = 1
units = 1
states = 1
generations = 0
population = 49152
passes = 512
attempts = 0
optimize = 1

scale = 0.300000f
startScale = 2.500000f
startResult = 10.000000f

FIRESTARTER_OPTIMIZE: Seed=0  Test=52  Generation=  2 *Result=0.00005215  Best=0.00005215   Time=0.1  Run Time=128.4
FIRESTARTER_OPTIMIZE: Seed=0  Test=52  Generation=  3  Result=0.00007249  Best=0.00005215   Time=0.1  Run Time=128.7
FIRESTARTER_OPTIMIZE: Seed=0  Test=52  Generation=  4  Result=0.00009130  Best=0.00005215   Time=0.1  Run Time=129.0
FIRESTARTER_OPTIMIZE: Seed=0  Test=52  Generation=  5 *Result=0.00001323  Best=0.00001323   Time=0.1  Run Time=129.4
FIRESTARTER_OPTIMIZE: Seed=0  Test=52  Generation=  6 *Result=0.00000167  Best=0.00000167   Time=0.1  Run Time=129.7
FIRESTARTER_OPTIMIZE: Seed=0  Test=52  Generation=  7  Result=0.00018417  Best=0.00000167   Time=0.1  Run Time=130.0
FIRESTARTER_OPTIMIZE: Seed=0  Test=52  Generation=  8  Result=0.00021336  Best=0.00000167   Time=0.1  Run Time=130.4
FIRESTARTER_OPTIMIZE: Seed=0  Test=52  Generation=  9  Result=0.00143325  Best=0.00000167   Time=0.1  Run Time=130.7
FIRESTARTER_OPTIMIZE: Seed=0  Test=52  Generation= 10  Result=0.00007465  Best=0.00000167   Time=0.1  Run Time=131.1
FIRESTARTER_OPTIMIZE: Seed=0  Test=52  Generation= 11 *Result=0.00000034  Best=0.00000034   Time=0.1  Run Time=131.4
