CUDA devices = 1
Device 0: NVIDIA GeForce RTX 4090

variations = 1
samples = 15
instructions = 32
registers = 30
opcodes = 2
patternOpcodes = 4

targetMin = 0.000000f
targetMax = 6.283185f
target = 0.000001f

mode = FIRESTARTER_OPTIMIZE
evolveSeed = 0
optimizeSeed = 0
tests = 256
streams = 1
units = 1
states = 1
generations = 0
population = 65536
iterations = 64
passes = 512
candidates = 16
attempts = 0
optimize = 1

scale = 0.300000f
startScale = 2.500000f
startResult = 10.000000f

FIRESTARTER_OPTIMIZE: Seed=0  Test=231  Generation=  2 *Result=0.00018454  Best=0.00018454   Time=0.1  Run Time=666.2
FIRESTARTER_OPTIMIZE: Seed=0  Test=231  Generation=  3 *Result=0.00002395  Best=0.00002395   Time=0.1  Run Time=666.5
FIRESTARTER_OPTIMIZE: Seed=0  Test=231  Generation=  4  Result=0.00012498  Best=0.00002395   Time=0.1  Run Time=666.9
FIRESTARTER_OPTIMIZE: Seed=0  Test=231  Generation=  5  Result=0.00011272  Best=0.00002395   Time=0.1  Run Time=667.3
FIRESTARTER_OPTIMIZE: Seed=0  Test=231  Generation=  6  Result=0.00030863  Best=0.00002395   Time=0.1  Run Time=667.6
FIRESTARTER_OPTIMIZE: Seed=0  Test=231  Generation=  7 *Result=0.00002164  Best=0.00002164   Time=0.1  Run Time=668.0
FIRESTARTER_OPTIMIZE: Seed=0  Test=231  Generation=  8  Result=0.00007078  Best=0.00002164   Time=0.1  Run Time=668.4
FIRESTARTER_OPTIMIZE: Seed=0  Test=231  Generation=  9  Result=0.00002927  Best=0.00002164   Time=0.1  Run Time=668.7
FIRESTARTER_OPTIMIZE: Seed=0  Test=231  Generation= 10 *Result=0.00000013  Best=0.00000013   Time=0.1  Run Time=669.1
