CUDA devices = 1
Device 0: NVIDIA GeForce RTX 4090

variations = 1
samples = 15
instructions = 32
registers = 30
opcodes = 2
patternOpcodes = 4

targetMin = 0.000000f
targetMax = 6.283185f
target = 0.000001f

mode = FIRESTARTER_OPTIMIZE
evolveSeed = 0
optimizeSeed = 0
tests = 256
streams = 1
units = 1
states = 1
generations = 0
population = 65536
iterations = 64
passes = 500
candidates = 16
attempts = 0
optimize = 1

scale = 0.100000f
startScale = 2.000000f
startResult = 10.000000f

FIRESTARTER_OPTIMIZE: Seed=0  Test=151  Generation=  2 *Result=0.00145132  Best=0.00145132   Time=0.1 Seconds  Run Time=1694.5 Seconds
FIRESTARTER_OPTIMIZE: Seed=0  Test=151  Generation=  3 *Result=0.00069559  Best=0.00069559   Time=0.1 Seconds  Run Time=1695.0 Seconds
FIRESTARTER_OPTIMIZE: Seed=0  Test=151  Generation=  4 *Result=0.00030869  Best=0.00030869   Time=0.1 Seconds  Run Time=1695.4 Seconds
FIRESTARTER_OPTIMIZE: Seed=0  Test=151  Generation=  5  Result=0.00616151  Best=0.00030869   Time=0.1 Seconds  Run Time=1695.8 Seconds
FIRESTARTER_OPTIMIZE: Seed=0  Test=151  Generation=  6  Result=0.00060411  Best=0.00030869   Time=0.1 Seconds  Run Time=1696.2 Seconds
FIRESTARTER_OPTIMIZE: Seed=0  Test=151  Generation=  7 *Result=0.00010322  Best=0.00010322   Time=0.1 Seconds  Run Time=1696.6 Seconds
FIRESTARTER_OPTIMIZE: Seed=0  Test=151  Generation=  8 *Result=0.00006548  Best=0.00006548   Time=0.1 Seconds  Run Time=1697.1 Seconds
FIRESTARTER_OPTIMIZE: Seed=0  Test=151  Generation=  9  Result=0.00011771  Best=0.00006548   Time=0.1 Seconds  Run Time=1697.5 Seconds
FIRESTARTER_OPTIMIZE: Seed=0  Test=151  Generation= 10  Result=0.00039893  Best=0.00006548   Time=0.1 Seconds  Run Time=1697.9 Seconds
FIRESTARTER_OPTIMIZE: Seed=0  Test=151  Generation= 11  Result=0.00221855  Best=0.00006548   Time=0.1 Seconds  Run Time=1698.3 Seconds
FIRESTARTER_OPTIMIZE: Seed=0  Test=151  Generation= 12 *Result=0.00000155  Best=0.00000155   Time=0.1 Seconds  Run Time=1698.7 Seconds
FIRESTARTER_OPTIMIZE: Seed=0  Test=151  Generation= 13  Result=0.00096925  Best=0.00000155   Time=0.1 Seconds  Run Time=1699.1 Seconds
FIRESTARTER_OPTIMIZE: Seed=0  Test=151  Generation= 14 *Result=0.00000076  Best=0.00000076   Time=0.1 Seconds  Run Time=1699.6 Seconds
