CUDA devices = 1
Device 0: NVIDIA GeForce RTX 4090

variations = 1
samples = 15
instructions = 32
registers = 30
opcodes = 2
patternOpcodes = 4

targetMin = 0.000000f
targetMax = 6.283185f
target = 0.000001f

mode = FIRESTARTER_OPTIMIZE
evolveSeed = 0
optimizeSeed = 0
tests = 256
streams = 1
units = 1
states = 1
generations = 0
population = 65536
iterations = 64
passes = 512
candidates = 16
attempts = 0
optimize = 1

scale = 0.300000f
startScale = 2.500000f
startResult = 10.000000f

FIRESTARTER_OPTIMIZE: Seed=0  Test=63  Generation=  2 *Result=0.00025809  Best=0.00025809   Time=0.1  Run Time=250.4
FIRESTARTER_OPTIMIZE: Seed=0  Test=63  Generation=  3  Result=0.00080563  Best=0.00025809   Time=0.1  Run Time=250.9
FIRESTARTER_OPTIMIZE: Seed=0  Test=63  Generation=  4 *Result=0.00002909  Best=0.00002909   Time=0.1  Run Time=251.4
FIRESTARTER_OPTIMIZE: Seed=0  Test=63  Generation=  5  Result=0.00087035  Best=0.00002909   Time=0.1  Run Time=251.8
FIRESTARTER_OPTIMIZE: Seed=0  Test=63  Generation=  6 *Result=0.00001053  Best=0.00001053   Time=0.1  Run Time=252.3
FIRESTARTER_OPTIMIZE: Seed=0  Test=63  Generation=  7 *Result=0.00000112  Best=0.00000112   Time=0.1  Run Time=252.8
FIRESTARTER_OPTIMIZE: Seed=0  Test=63  Generation=  8  Result=0.00049814  Best=0.00000112   Time=0.1  Run Time=253.2
FIRESTARTER_OPTIMIZE: Seed=0  Test=63  Generation=  9 *Result=0.00000009  Best=0.00000009   Time=0.1  Run Time=253.7
