CUDA devices = 1
Device 0: NVIDIA GeForce RTX 4090

variations = 1
samples = 15
instructions = 32
registers = 30
opcodes = 2
patternOpcodes = 4

targetMin = 0.000000f
targetMax = 6.283185f
target = 0.000001f

mode = FIRESTARTER_OPTIMIZE
evolveSeed = 123
optimizeSeed = 123
tests = 256
streams = 1
units = 1
states = 1
generations = 0
population = 65536
iterations = 64
passes = 512
candidates = 16
attempts = 0
optimize = 1

scale = 0.300000f
startScale = 2.500000f
startResult = 10.000000f

FIRESTARTER_OPTIMIZE: Seed=123  Test=135  Generation=  2 *Result=0.00028906  Best=0.00028906   Time=0.1  Run Time=411.8
FIRESTARTER_OPTIMIZE: Seed=123  Test=135  Generation=  3 *Result=0.00018220  Best=0.00018220   Time=0.1  Run Time=412.2
FIRESTARTER_OPTIMIZE: Seed=123  Test=135  Generation=  4  Result=0.00026867  Best=0.00018220   Time=0.1  Run Time=412.6
FIRESTARTER_OPTIMIZE: Seed=123  Test=135  Generation=  5  Result=0.00022672  Best=0.00018220   Time=0.1  Run Time=413.1
FIRESTARTER_OPTIMIZE: Seed=123  Test=135  Generation=  6 *Result=0.00000120  Best=0.00000120   Time=0.1  Run Time=413.5
FIRESTARTER_OPTIMIZE: Seed=123  Test=135  Generation=  7  Result=0.00000351  Best=0.00000120   Time=0.1  Run Time=414.0
FIRESTARTER_OPTIMIZE: Seed=123  Test=135  Generation=  8  Result=0.00018549  Best=0.00000120   Time=0.1  Run Time=414.4
FIRESTARTER_OPTIMIZE: Seed=123  Test=135  Generation=  9  Result=0.00000246  Best=0.00000120   Time=0.1  Run Time=414.8
FIRESTARTER_OPTIMIZE: Seed=123  Test=135  Generation= 10  Result=0.00008294  Best=0.00000120   Time=0.1  Run Time=415.3
FIRESTARTER_OPTIMIZE: Seed=123  Test=135  Generation= 11 *Result=0.00000010  Best=0.00000010   Time=0.1  Run Time=415.7
