CUDA devices = 1
Device 0: NVIDIA GeForce RTX 4090

variations = 1
instructions = 32
registers = 30
opcodes = 2
patternOpcodes = 4

targetMin = 0.000000f
targetMax = 6.283185f
target = 0.000001f

mode = FIRESTARTER_OPTIMIZE
evolveSeed = 1
optimizeSeed = 1
tests = 256
streams = 1
units = 1
states = 1
generations = 0
population = 49152
passes = 512
attempts = 0
optimize = 1

scale = 0.300000f
startScale = 2.500000f
startResult = 10.000000f

FIRESTARTER_OPTIMIZE: Seed=1  Test=142  Generation=  2 *Result=0.00015882  Best=0.00015882   Time=0.1  Run Time=404.1
FIRESTARTER_OPTIMIZE: Seed=1  Test=142  Generation=  3 *Result=0.00000677  Best=0.00000677   Time=0.1  Run Time=404.5
FIRESTARTER_OPTIMIZE: Seed=1  Test=142  Generation=  4 *Result=0.00000125  Best=0.00000125   Time=0.1  Run Time=404.8
FIRESTARTER_OPTIMIZE: Seed=1  Test=142  Generation=  5  Result=0.00023540  Best=0.00000125   Time=0.1  Run Time=405.2
FIRESTARTER_OPTIMIZE: Seed=1  Test=142  Generation=  6  Result=0.00006799  Best=0.00000125   Time=0.1  Run Time=405.5
FIRESTARTER_OPTIMIZE: Seed=1  Test=142  Generation=  7  Result=0.00137435  Best=0.00000125   Time=0.1  Run Time=405.9
FIRESTARTER_OPTIMIZE: Seed=1  Test=142  Generation=  8  Result=0.00225688  Best=0.00000125   Time=0.1  Run Time=406.3
FIRESTARTER_OPTIMIZE: Seed=1  Test=142  Generation=  9  Result=0.00014043  Best=0.00000125   Time=0.1  Run Time=406.6
FIRESTARTER_OPTIMIZE: Seed=1  Test=142  Generation= 10  Result=0.00018225  Best=0.00000125   Time=0.1  Run Time=407.0
FIRESTARTER_OPTIMIZE: Seed=1  Test=142  Generation= 11  Result=0.00010204  Best=0.00000125   Time=0.1  Run Time=407.3
FIRESTARTER_OPTIMIZE: Seed=1  Test=142  Generation= 12 *Result=0.00000095  Best=0.00000095   Time=0.1  Run Time=407.7
