CUDA devices = 1
Device 0: NVIDIA GeForce RTX 4090

variations = 1
samples = 15
instructions = 32
registers = 30
opcodes = 2
patternOpcodes = 4

targetMin = 0.000000f
targetMax = 6.283185f
evolveTarget = 0.000001f

mode = FIRESTARTER_EVOLVE_GPU
evolveSeed = 0
optimizeSeed = 0
tests = 16
streams = 1
units = 1
states = 1
generations = 0
population = 8192
iterations = 64
passes = 500
candidates = 16
attempts = 0
optimize = 1

scale = 0.100000f
startScale = 2.000000f
startResult = 10.000000f

FIRESTARTER_EVOLVE_GPU: Seed=0  Test=14  Generation=  0  Age=  1  Evolution= 0  Weight=0.00000000  Old Result=10.00000000 *New Result=0.00449961  Index=8137  EvolveAge1=465  EvolveAge2=10  Best=0.00449961   BestAge=1  Time=1.6 Seconds  Run Time=1491.7 Seconds
FIRESTARTER_EVOLVE_GPU: Seed=0  Test=14  Generation=  1  Age=  1  Evolution= 0  Weight=0.00000000  Old Result=0.00449961 *New Result=0.00146633  Index=8093  EvolveAge1=0  EvolveAge2=262  Best=0.00146633   BestAge=1  Time=0.9 Seconds  Run Time=1492.7 Seconds
FIRESTARTER_EVOLVE_GPU: Seed=0  Test=14  Generation=  2  Age=  1  Evolution= 0  Weight=0.00000000  Old Result=0.00146633 *New Result=0.00133494  Index=2303  EvolveAge1=373  EvolveAge2=8  Best=0.00133494   BestAge=1  Time=1.3 Seconds  Run Time=1493.9 Seconds
FIRESTARTER_EVOLVE_GPU: Seed=0  Test=14  Generation=  3  Age=  1  Evolution= 0  Weight=0.00000000  Old Result=0.00133494 *New Result=0.00109237  Index=3100  EvolveAge1=0  EvolveAge2=148  Best=0.00109237   BestAge=1  Time=1.3 Seconds  Run Time=1495.3 Seconds
FIRESTARTER_EVOLVE_GPU: Seed=0  Test=14  Generation=  4  Age=  1  Evolution= 0  Weight=0.00000000  Old Result=0.00109237 *New Result=0.00087118  Index=542  EvolveAge1=400  EvolveAge2=2  Best=0.00087118   BestAge=1  Time=1.2 Seconds  Run Time=1496.5 Seconds
FIRESTARTER_EVOLVE_GPU: Seed=0  Test=14  Generation=  5  Age=  1  Evolution= 0  Weight=0.00000000  Old Result=0.00087118 *New Result=0.00063276  Index=3255  EvolveAge1=0  EvolveAge2=207  Best=0.00063276   BestAge=1  Time=1.3 Seconds  Run Time=1497.8 Seconds
FIRESTARTER_EVOLVE_GPU: Seed=0  Test=14  Generation=  6  Age=  1  Evolution= 0  Weight=0.00000000  Old Result=0.00063276 *New Result=0.00025207  Index=7578  EvolveAge1=0  EvolveAge2=959  Best=0.00025207   BestAge=1  Time=1.3 Seconds  Run Time=1499.0 Seconds
FIRESTARTER_EVOLVE_GPU: Seed=0  Test=14  Generation=  7  Age=  1  Evolution= 0  Weight=0.00000000  Old Result=0.00025207 *New Result=0.00006545  Index=6142  EvolveAge1=0  EvolveAge2=1079  Best=0.00006545   BestAge=1  Time=1.2 Seconds  Run Time=1500.3 Seconds
FIRESTARTER_EVOLVE_GPU: Seed=0  Test=14  Generation=  8  Age=  1  Evolution= 0  Weight=0.00000000  Old Result=0.00006545 *New Result=0.00006413  Index=6142  EvolveAge1=487  EvolveAge2=1085  Best=0.00006413   BestAge=1  Time=1.3 Seconds  Run Time=1501.5 Seconds
FIRESTARTER_EVOLVE_GPU: Seed=0  Test=14  Generation=  9  Age=  1  Evolution= 0  Weight=0.00000000  Old Result=0.00006413  Bad Result=0.00006413  Index=6142  EvolveAge1=987  EvolveAge2=1085  Best=0.00006413   BestAge=2  Time=1.3 Seconds  Run Time=1502.9 Seconds
FIRESTARTER_OPTIMIZE_GPU: Seed=0  Test=14  Optimize=0  Generation=  8 *Result=0.00000054  Best=0.00000054   Time=2.3 Seconds  Run Time=1505.1 Seconds
