Duration: 4552.7  Evolve Seed=0  Test=1  Generation=92  Best Generation=75  Start Result=0.00000072  Evolve Result=0.00000072  Optimize Pass=8  Optimize Result=0.00000060 *******
Duration: 5170.1  Evolve Seed=0  Test=0  Generation=107  Best Generation=164  Start Result=0.00000072  Evolve Result=0.00000072  Optimize Pass=8  Optimize Result=0.00000048 *******
