CUDA devices = 1
Device 0: NVIDIA GeForce RTX 4090

variations = 1
instructions = 32
registers = 30
opcodes = 2
patternOpcodes = 4

targetMin = 0.000000f
targetMax = 6.283185f
target = 0.000001f

mode = FIRESTARTER_OPTIMIZE
evolveSeed = 0
optimizeSeed = 0
tests = 256
streams = 1
units = 1
states = 1
generations = 0
population = 65536
passes = 384
attempts = 0
optimize = 1

scale = 0.300000f
startScale = 2.500000f
startResult = 10.000000f

FIRESTARTER_OPTIMIZE: Seed=0  Test=85  Generation=  1 *Result=0.00018255  Best=0.00018255   Time=0.1  Run Time=283.4
FIRESTARTER_OPTIMIZE: Seed=0  Test=85  Generation=  2 *Result=0.00001925  Best=0.00001925   Time=0.1  Run Time=283.5
FIRESTARTER_OPTIMIZE: Seed=0  Test=85  Generation=  3  Result=0.00054176  Best=0.00001925   Time=0.1  Run Time=283.7
FIRESTARTER_OPTIMIZE: Seed=0  Test=85  Generation=  4 *Result=0.00000744  Best=0.00000744   Time=0.1  Run Time=283.8
FIRESTARTER_OPTIMIZE: Seed=0  Test=85  Generation=  5  Result=0.00217675  Best=0.00000744   Time=0.1  Run Time=284.0
FIRESTARTER_OPTIMIZE: Seed=0  Test=85  Generation=  6  Result=0.00010548  Best=0.00000744   Time=0.1  Run Time=284.1
FIRESTARTER_OPTIMIZE: Seed=0  Test=85  Generation=  7  Result=0.00017261  Best=0.00000744   Time=0.1  Run Time=284.3
FIRESTARTER_OPTIMIZE: Seed=0  Test=85  Generation=  8  Result=0.00002352  Best=0.00000744   Time=0.1  Run Time=284.4
FIRESTARTER_OPTIMIZE: Seed=0  Test=85  Generation=  9 *Result=0.00000136  Best=0.00000136   Time=0.1  Run Time=284.6
FIRESTARTER_OPTIMIZE: Seed=0  Test=85  Generation= 10  Result=0.00059332  Best=0.00000136   Time=0.1  Run Time=284.7
FIRESTARTER_OPTIMIZE: Seed=0  Test=85  Generation= 11 *Result=0.00000039  Best=0.00000039   Time=0.1  Run Time=284.9
