CUDA devices = 1
Device 0: NVIDIA GeForce RTX 4090

variations = 1
samples = 15
instructions = 28
registers = 28
opcodes = 2
patternOpcodes = 4

targetMin = 0.000000f
targetMax = 6.283185f
target = 0.000001f

mode = FIRESTARTER_OPTIMIZE
evolveSeed = 0
optimizeSeed = 0
tests = 256
streams = 1
units = 1
states = 1
generations = 0
population = 65536
iterations = 64
passes = 512
candidates = 16
attempts = 0
optimize = 1

scale = 0.300000f
startScale = 2.500000f
startResult = 10.000000f

FIRESTARTER_OPTIMIZE: Seed=0  Test=116  Generation=  2 *Result=0.00042526  Best=0.00042526   Time=0.1  Run Time=428.8
FIRESTARTER_OPTIMIZE: Seed=0  Test=116  Generation=  3 *Result=0.00000129  Best=0.00000129   Time=0.1  Run Time=429.3
FIRESTARTER_OPTIMIZE: Seed=0  Test=116  Generation=  4  Result=0.00031903  Best=0.00000129   Time=0.1  Run Time=429.7
FIRESTARTER_OPTIMIZE: Seed=0  Test=116  Generation=  5  Result=0.00007288  Best=0.00000129   Time=0.1  Run Time=430.1
FIRESTARTER_OPTIMIZE: Seed=0  Test=116  Generation=  6  Result=0.00024420  Best=0.00000129   Time=0.1  Run Time=430.5
FIRESTARTER_OPTIMIZE: Seed=0  Test=116  Generation=  7  Result=0.00000194  Best=0.00000129   Time=0.1  Run Time=430.9
FIRESTARTER_OPTIMIZE: Seed=0  Test=116  Generation=  8  Result=0.00018942  Best=0.00000129   Time=0.1  Run Time=431.3
FIRESTARTER_OPTIMIZE: Seed=0  Test=116  Generation=  9  Result=0.00013605  Best=0.00000129   Time=0.1  Run Time=431.8
FIRESTARTER_OPTIMIZE: Seed=0  Test=116  Generation= 10  Result=0.00035847  Best=0.00000129   Time=0.1  Run Time=432.2
FIRESTARTER_OPTIMIZE: Seed=0  Test=116  Generation= 11  Result=0.00000191  Best=0.00000129   Time=0.1  Run Time=432.6
FIRESTARTER_OPTIMIZE: Seed=0  Test=116  Generation= 12  Result=0.00026580  Best=0.00000129   Time=0.1  Run Time=433.0
FIRESTARTER_OPTIMIZE: Seed=0  Test=116  Generation= 13  Result=0.00001339  Best=0.00000129   Time=0.1  Run Time=433.4
FIRESTARTER_OPTIMIZE: Seed=0  Test=116  Generation= 14 *Result=0.00000021  Best=0.00000021   Time=0.1  Run Time=433.9
