CUDA devices = 1
Device 0: NVIDIA GeForce RTX 4090

variations = 1
instructions = 32
registers = 30
opcodes = 2
patternOpcodes = 4

targetMin = 0.000000f
targetMax = 6.283185f
target = 0.000001f

mode = FIRESTARTER_OPTIMIZE
evolveSeed = 0
optimizeSeed = 0
tests = 256
streams = 1
units = 1
states = 1
generations = 0
population = 65536
passes = 512
attempts = 0
optimize = 1

scale = 0.300000f
startScale = 2.500000f
startResult = 10.000000f

FIRESTARTER_OPTIMIZE: Seed=0  Test=228  Generation=  2 *Result=0.00044725  Best=0.00044725   Time=0.1  Run Time=646.4
FIRESTARTER_OPTIMIZE: Seed=0  Test=228  Generation=  3 *Result=0.00012302  Best=0.00012302   Time=0.1  Run Time=646.8
FIRESTARTER_OPTIMIZE: Seed=0  Test=228  Generation=  4 *Result=0.00012091  Best=0.00012091   Time=0.1  Run Time=647.1
FIRESTARTER_OPTIMIZE: Seed=0  Test=228  Generation=  5 *Result=0.00008529  Best=0.00008529   Time=0.1  Run Time=647.5
FIRESTARTER_OPTIMIZE: Seed=0  Test=228  Generation=  6 *Result=0.00003839  Best=0.00003839   Time=0.1  Run Time=647.9
FIRESTARTER_OPTIMIZE: Seed=0  Test=228  Generation=  7  Result=0.00027628  Best=0.00003839   Time=0.1  Run Time=648.2
FIRESTARTER_OPTIMIZE: Seed=0  Test=228  Generation=  8  Result=0.00008353  Best=0.00003839   Time=0.1  Run Time=648.6
FIRESTARTER_OPTIMIZE: Seed=0  Test=228  Generation=  9 *Result=0.00000006  Best=0.00000006   Time=0.1  Run Time=649.0
