CUDA devices = 1
Device 0: NVIDIA GeForce RTX 4090

variations = 1
samples = 15
instructions = 32
registers = 30
opcodes = 2
patternOpcodes = 4

targetMin = 0.000000f
targetMax = 6.283185f
target = 0.000001f

mode = FIRESTARTER_OPTIMIZE
evolveSeed = 0
optimizeSeed = 0
tests = 256
streams = 1
units = 1
states = 1
generations = 0
population = 65536
iterations = 64
passes = 512
candidates = 16
attempts = 0
optimize = 1

scale = 0.100000f
startScale = 4.000000f
startResult = 10.000000f

FIRESTARTER_OPTIMIZE: Seed=0  Test=111  Generation=  2 *Result=0.00069228  Best=0.00069228   Time=0.1  Run Time=827.3
FIRESTARTER_OPTIMIZE: Seed=0  Test=111  Generation=  3 *Result=0.00024824  Best=0.00024824   Time=0.1  Run Time=827.7
FIRESTARTER_OPTIMIZE: Seed=0  Test=111  Generation=  4  Result=0.00089645  Best=0.00024824   Time=0.1  Run Time=828.2
FIRESTARTER_OPTIMIZE: Seed=0  Test=111  Generation=  5  Result=0.00025907  Best=0.00024824   Time=0.1  Run Time=828.7
FIRESTARTER_OPTIMIZE: Seed=0  Test=111  Generation=  6  Result=0.00630713  Best=0.00024824   Time=0.1  Run Time=829.2
FIRESTARTER_OPTIMIZE: Seed=0  Test=111  Generation=  7 *Result=0.00000629  Best=0.00000629   Time=0.1  Run Time=829.6
FIRESTARTER_OPTIMIZE: Seed=0  Test=111  Generation=  8  Result=0.00614262  Best=0.00000629   Time=0.1  Run Time=830.1
FIRESTARTER_OPTIMIZE: Seed=0  Test=111  Generation=  9 *Result=0.00000008  Best=0.00000008   Time=0.1  Run Time=830.6
