CUDA devices = 1
Device 0: NVIDIA GeForce RTX 4090

variations = 1
instructions = 32
registers = 30
opcodes = 2
patternOpcodes = 4

targetMin = 0.000000f
targetMax = 6.283185f
target = 0.000001f

mode = FIRESTARTER_OPTIMIZE
evolveSeed = 0
optimizeSeed = 0
tests = 256
streams = 1
units = 1
states = 1
generations = 0
population = 65536
passes = 512
attempts = 0
optimize = 1

scale = 0.300000f
startScale = 2.500000f
startResult = 10.000000f

FIRESTARTER_OPTIMIZE: Seed=0  Test=133  Generation=  2 *Result=0.00031674  Best=0.00031674   Time=0.1  Run Time=381.6
FIRESTARTER_OPTIMIZE: Seed=0  Test=133  Generation=  3  Result=0.00614395  Best=0.00031674   Time=0.1  Run Time=382.0
FIRESTARTER_OPTIMIZE: Seed=0  Test=133  Generation=  4 *Result=0.00001466  Best=0.00001466   Time=0.1  Run Time=382.4
FIRESTARTER_OPTIMIZE: Seed=0  Test=133  Generation=  5  Result=0.00005150  Best=0.00001466   Time=0.1  Run Time=382.7
FIRESTARTER_OPTIMIZE: Seed=0  Test=133  Generation=  6  Result=0.00009452  Best=0.00001466   Time=0.1  Run Time=383.1
FIRESTARTER_OPTIMIZE: Seed=0  Test=133  Generation=  7  Result=0.00007828  Best=0.00001466   Time=0.1  Run Time=383.5
FIRESTARTER_OPTIMIZE: Seed=0  Test=133  Generation=  8  Result=0.00022808  Best=0.00001466   Time=0.1  Run Time=383.8
FIRESTARTER_OPTIMIZE: Seed=0  Test=133  Generation=  9  Result=0.00004783  Best=0.00001466   Time=0.1  Run Time=384.2
FIRESTARTER_OPTIMIZE: Seed=0  Test=133  Generation= 10  Result=0.00015432  Best=0.00001466   Time=0.1  Run Time=384.6
FIRESTARTER_OPTIMIZE: Seed=0  Test=133  Generation= 11 *Result=0.00000012  Best=0.00000012   Time=0.1  Run Time=385.1
