CUDA devices = 1
Device 0: NVIDIA GeForce RTX 4090

variations = 1
samples = 15
instructions = 32
registers = 30
opcodes = 2
patternOpcodes = 4

targetMin = 0.000000f
targetMax = 6.283185f
target = 0.000001f

mode = FIRESTARTER_OPTIMIZE
evolveSeed = 0
optimizeSeed = 0
tests = 256
streams = 1
units = 1
states = 1
generations = 0
population = 65536
iterations = 64
passes = 512
candidates = 16
attempts = 0
optimize = 1

scale = 0.300000f
startScale = 2.500000f
startResult = 10.000000f

FIRESTARTER_OPTIMIZE: Seed=0  Test= 4  Generation=  2 *Result=0.00006685  Best=0.00006685   Time=0.1  Run Time=12.1
FIRESTARTER_OPTIMIZE: Seed=0  Test= 4  Generation=  3 *Result=0.00004472  Best=0.00004472   Time=0.1  Run Time=12.5
FIRESTARTER_OPTIMIZE: Seed=0  Test= 4  Generation=  4  Result=0.00062086  Best=0.00004472   Time=0.1  Run Time=12.9
FIRESTARTER_OPTIMIZE: Seed=0  Test= 4  Generation=  5 *Result=0.00000190  Best=0.00000190   Time=0.1  Run Time=13.3
FIRESTARTER_OPTIMIZE: Seed=0  Test= 4  Generation=  6  Result=0.00043825  Best=0.00000190   Time=0.1  Run Time=13.7
FIRESTARTER_OPTIMIZE: Seed=0  Test= 4  Generation=  7  Result=0.00066346  Best=0.00000190   Time=0.1  Run Time=14.2
FIRESTARTER_OPTIMIZE: Seed=0  Test= 4  Generation=  8 *Result=0.00000166  Best=0.00000166   Time=0.1  Run Time=14.6
FIRESTARTER_OPTIMIZE: Seed=0  Test= 4  Generation=  9  Result=0.00003724  Best=0.00000166   Time=0.1  Run Time=15.1
FIRESTARTER_OPTIMIZE: Seed=0  Test= 4  Generation= 10  Result=0.00001543  Best=0.00000166   Time=0.1  Run Time=15.5
FIRESTARTER_OPTIMIZE: Seed=0  Test= 4  Generation= 11  Result=0.00029486  Best=0.00000166   Time=0.1  Run Time=16.0
FIRESTARTER_OPTIMIZE: Seed=0  Test= 4  Generation= 12 *Result=0.00000015  Best=0.00000015   Time=0.1  Run Time=16.4
