CUDA devices = 1
Device 0: NVIDIA GeForce RTX 4090

variations = 1
samples = 15
instructions = 32
registers = 30
opcodes = 2
patternOpcodes = 4

targetMin = 0.000000f
targetMax = 6.283185f
target = 0.000001f

mode = FIRESTARTER_OPTIMIZE
evolveSeed = 123
optimizeSeed = 123
tests = 256
streams = 1
units = 1
states = 1
generations = 0
population = 65536
iterations = 64
passes = 512
candidates = 16
attempts = 0
optimize = 1

scale = 0.300000f
startScale = 2.500000f
startResult = 10.000000f

FIRESTARTER_OPTIMIZE: Seed=123  Test=137  Generation=  2 *Result=0.00228909  Best=0.00228909   Time=0.1  Run Time=438.6
FIRESTARTER_OPTIMIZE: Seed=123  Test=137  Generation=  3 *Result=0.00070722  Best=0.00070722   Time=0.1  Run Time=438.9
FIRESTARTER_OPTIMIZE: Seed=123  Test=137  Generation=  4  Result=0.00197643  Best=0.00070722   Time=0.1  Run Time=439.3
FIRESTARTER_OPTIMIZE: Seed=123  Test=137  Generation=  5 *Result=0.00035825  Best=0.00035825   Time=0.1  Run Time=439.7
FIRESTARTER_OPTIMIZE: Seed=123  Test=137  Generation=  6 *Result=0.00002131  Best=0.00002131   Time=0.1  Run Time=440.1
FIRESTARTER_OPTIMIZE: Seed=123  Test=137  Generation=  7  Result=0.00018418  Best=0.00002131   Time=0.1  Run Time=440.5
FIRESTARTER_OPTIMIZE: Seed=123  Test=137  Generation=  8 *Result=0.00000054  Best=0.00000054   Time=0.1  Run Time=440.9
