CUDA devices = 1
Device 0: NVIDIA GeForce RTX 4090

variations = 1
instructions = 32
registers = 30
opcodes = 2
patternOpcodes = 4

targetMin = 0.000000f
targetMax = 6.283185f
target = 0.000001f

mode = FIRESTARTER_OPTIMIZE
evolveSeed = 1
optimizeSeed = 1
tests = 256
streams = 1
units = 1
states = 1
generations = 0
population = 49152
passes = 384
attempts = 0
optimize = 1

scale = 0.300000f
startScale = 2.500000f
startResult = 10.000000f

FIRESTARTER_OPTIMIZE: Seed=1  Test=250  Generation=  2 *Result=0.00000465  Best=0.00000465   Time=0.1  Run Time=729.7
FIRESTARTER_OPTIMIZE: Seed=1  Test=250  Generation=  3 *Result=0.00000237  Best=0.00000237   Time=0.1  Run Time=730.0
FIRESTARTER_OPTIMIZE: Seed=1  Test=250  Generation=  4  Result=0.00012396  Best=0.00000237   Time=0.1  Run Time=730.3
FIRESTARTER_OPTIMIZE: Seed=1  Test=250  Generation=  5  Result=0.00013773  Best=0.00000237   Time=0.1  Run Time=730.6
FIRESTARTER_OPTIMIZE: Seed=1  Test=250  Generation=  6  Result=0.00018296  Best=0.00000237   Time=0.1  Run Time=730.9
FIRESTARTER_OPTIMIZE: Seed=1  Test=250  Generation=  7  Result=0.00022221  Best=0.00000237   Time=0.1  Run Time=731.2
FIRESTARTER_OPTIMIZE: Seed=1  Test=250  Generation=  8  Result=0.00070828  Best=0.00000237   Time=0.1  Run Time=731.6
FIRESTARTER_OPTIMIZE: Seed=1  Test=250  Generation=  9  Result=0.00001394  Best=0.00000237   Time=0.1  Run Time=731.9
FIRESTARTER_OPTIMIZE: Seed=1  Test=250  Generation= 10  Result=0.00003206  Best=0.00000237   Time=0.1  Run Time=732.2
FIRESTARTER_OPTIMIZE: Seed=1  Test=250  Generation= 11  Result=0.00130215  Best=0.00000237   Time=0.1  Run Time=732.5
FIRESTARTER_OPTIMIZE: Seed=1  Test=250  Generation= 12 *Result=0.00000040  Best=0.00000040   Time=0.1  Run Time=732.8
