CUDA devices = 1
Device 0: NVIDIA GeForce RTX 4090

variations = 1
instructions = 32
registers = 30
opcodes = 2
patternOpcodes = 4

targetMin = 0.000000f
targetMax = 6.283185f
target = 0.000001f

mode = FIRESTARTER_OPTIMIZE
evolveSeed = 1
optimizeSeed = 1
tests = 256
streams = 1
units = 1
states = 1
generations = 0
population = 49152
passes = 384
attempts = 0
optimize = 1

scale = 0.300000f
startScale = 2.500000f
startResult = 10.000000f

FIRESTARTER_OPTIMIZE: Seed=1  Test=100  Generation=  2 *Result=0.00023440  Best=0.00023440   Time=0.1  Run Time=280.4
FIRESTARTER_OPTIMIZE: Seed=1  Test=100  Generation=  3  Result=0.00030038  Best=0.00023440   Time=0.1  Run Time=280.7
FIRESTARTER_OPTIMIZE: Seed=1  Test=100  Generation=  4 *Result=0.00000390  Best=0.00000390   Time=0.1  Run Time=281.0
FIRESTARTER_OPTIMIZE: Seed=1  Test=100  Generation=  5  Result=0.00039017  Best=0.00000390   Time=0.1  Run Time=281.4
FIRESTARTER_OPTIMIZE: Seed=1  Test=100  Generation=  6  Result=0.00005447  Best=0.00000390   Time=0.1  Run Time=281.7
FIRESTARTER_OPTIMIZE: Seed=1  Test=100  Generation=  7 *Result=0.00000030  Best=0.00000030   Time=0.1  Run Time=282.0
