Test: 0  Generation=17  Evolve Result=0.00085554  Optimize Result=0.00000018  Duration: 51.6 *******
Test: 1  Generation=38  Evolve Result=0.00073791  Optimize Result=0.00000089  Duration: 122.1
Test: 2  Generation=8  Evolve Result=0.00057411  Optimize Result=0.00000010  Duration: 29.0 *******
