CUDA devices = 1
Device 0: NVIDIA GeForce RTX 4090

variations = 1
samples = 15
instructions = 32
registers = 30
opcodes = 2
patternOpcodes = 4

targetMin = 0.000000f
targetMax = 6.283185f
target = 0.000001f

mode = FIRESTARTER_OPTIMIZE
evolveSeed = 0
optimizeSeed = 0
tests = 256
streams = 1
units = 1
states = 1
generations = 0
population = 65536
iterations = 64
passes = 512
candidates = 16
attempts = 0
optimize = 1

scale = 0.100000f
startScale = 2.500000f
startResult = 10.000000f

FIRESTARTER_OPTIMIZE: Seed=0  Test= 2  Generation=  2 *Result=0.00057715  Best=0.00057715   Time=0.1  Run Time=10.5
FIRESTARTER_OPTIMIZE: Seed=0  Test= 2  Generation=  3  Result=0.00067204  Best=0.00057715   Time=0.1  Run Time=11.0
FIRESTARTER_OPTIMIZE: Seed=0  Test= 2  Generation=  4 *Result=0.00008209  Best=0.00008209   Time=0.1  Run Time=11.5
FIRESTARTER_OPTIMIZE: Seed=0  Test= 2  Generation=  5  Result=0.00239840  Best=0.00008209   Time=0.1  Run Time=11.9
FIRESTARTER_OPTIMIZE: Seed=0  Test= 2  Generation=  6  Result=0.00179928  Best=0.00008209   Time=0.1  Run Time=12.4
FIRESTARTER_OPTIMIZE: Seed=0  Test= 2  Generation=  7  Result=0.00018251  Best=0.00008209   Time=0.1  Run Time=12.9
FIRESTARTER_OPTIMIZE: Seed=0  Test= 2  Generation=  8  Result=0.00018727  Best=0.00008209   Time=0.1  Run Time=13.3
FIRESTARTER_OPTIMIZE: Seed=0  Test= 2  Generation=  9  Result=0.00018966  Best=0.00008209   Time=0.1  Run Time=13.8
FIRESTARTER_OPTIMIZE: Seed=0  Test= 2  Generation= 10  Result=0.00120425  Best=0.00008209   Time=0.1  Run Time=14.3
FIRESTARTER_OPTIMIZE: Seed=0  Test= 2  Generation= 11  Result=0.00057500  Best=0.00008209   Time=0.1  Run Time=14.8
FIRESTARTER_OPTIMIZE: Seed=0  Test= 2  Generation= 12  Result=0.00008804  Best=0.00008209   Time=0.1  Run Time=15.2
FIRESTARTER_OPTIMIZE: Seed=0  Test= 2  Generation= 13 *Result=0.00000037  Best=0.00000037   Time=0.1  Run Time=15.7
