CUDA devices = 1
Device 0: NVIDIA GeForce RTX 4090

variations = 1
instructions = 32
registers = 30
opcodes = 2
patternOpcodes = 4

targetMin = 0.000000f
targetMax = 6.283185f
target = 0.000001f

mode = FIRESTARTER_OPTIMIZE
evolveSeed = 0
optimizeSeed = 0
tests = 256
streams = 1
units = 1
states = 1
generations = 0
population = 65536
passes = 384
attempts = 0
optimize = 1

scale = 0.300000f
startScale = 2.500000f
startResult = 10.000000f

FIRESTARTER_OPTIMIZE: Seed=0  Test=189  Generation=  2 *Result=0.00004330  Best=0.00004330   Time=0.1  Run Time=492.0
FIRESTARTER_OPTIMIZE: Seed=0  Test=189  Generation=  3  Result=0.00028428  Best=0.00004330   Time=0.1  Run Time=492.3
FIRESTARTER_OPTIMIZE: Seed=0  Test=189  Generation=  4  Result=0.00025045  Best=0.00004330   Time=0.1  Run Time=492.7
FIRESTARTER_OPTIMIZE: Seed=0  Test=189  Generation=  5  Result=0.00071702  Best=0.00004330   Time=0.1  Run Time=493.1
FIRESTARTER_OPTIMIZE: Seed=0  Test=189  Generation=  6  Result=0.00075661  Best=0.00004330   Time=0.1  Run Time=493.4
FIRESTARTER_OPTIMIZE: Seed=0  Test=189  Generation=  7 *Result=0.00000013  Best=0.00000013   Time=0.1  Run Time=493.7
