CUDA devices = 1
Device 0: NVIDIA GeForce RTX 4090

variations = 1
samples = 15
instructions = 32
registers = 30
opcodes = 2
patternOpcodes = 4

targetMin = 0.000000f
targetMax = 6.283185f
target = 0.000001f

mode = FIRESTARTER_OPTIMIZE
evolveSeed = 0
optimizeSeed = 0
tests = 256
streams = 1
units = 1
states = 1
generations = 0
population = 65536
iterations = 64
passes = 512
candidates = 16
attempts = 0
optimize = 1

scale = 0.100000f
startScale = 2.500000f
startResult = 10.000000f

FIRESTARTER_OPTIMIZE: Seed=0  Test=114  Generation=  2 *Result=0.00226582  Best=0.00226582   Time=0.1  Run Time=681.3
FIRESTARTER_OPTIMIZE: Seed=0  Test=114  Generation=  3 *Result=0.00004931  Best=0.00004931   Time=0.1  Run Time=681.7
FIRESTARTER_OPTIMIZE: Seed=0  Test=114  Generation=  4 *Result=0.00001345  Best=0.00001345   Time=0.1  Run Time=682.2
FIRESTARTER_OPTIMIZE: Seed=0  Test=114  Generation=  5  Result=0.00018258  Best=0.00001345   Time=0.1  Run Time=682.7
FIRESTARTER_OPTIMIZE: Seed=0  Test=114  Generation=  6  Result=0.00001478  Best=0.00001345   Time=0.1  Run Time=683.1
FIRESTARTER_OPTIMIZE: Seed=0  Test=114  Generation=  7  Result=0.00029714  Best=0.00001345   Time=0.1  Run Time=683.5
FIRESTARTER_OPTIMIZE: Seed=0  Test=114  Generation=  8  Result=0.00025555  Best=0.00001345   Time=0.1  Run Time=684.0
FIRESTARTER_OPTIMIZE: Seed=0  Test=114  Generation=  9  Result=0.00010352  Best=0.00001345   Time=0.1  Run Time=684.4
FIRESTARTER_OPTIMIZE: Seed=0  Test=114  Generation= 10  Result=0.00062944  Best=0.00001345   Time=0.1  Run Time=684.8
FIRESTARTER_OPTIMIZE: Seed=0  Test=114  Generation= 11  Result=0.00003901  Best=0.00001345   Time=0.1  Run Time=685.3
FIRESTARTER_OPTIMIZE: Seed=0  Test=114  Generation= 12 *Result=0.00000013  Best=0.00000013   Time=0.1  Run Time=685.7
