CUDA devices = 1
Device 0: NVIDIA GeForce RTX 4090

variations = 1
instructions = 32
registers = 30
opcodes = 2
patternOpcodes = 4

targetMin = 0.000000f
targetMax = 6.283185f
target = 0.000001f

mode = FIRESTARTER_OPTIMIZE
evolveSeed = 2
optimizeSeed = 2
tests = 256
streams = 1
units = 1
states = 1
generations = 0
population = 65536
passes = 384
attempts = 0
optimize = 1

scale = 0.300000f
startScale = 2.500000f
startResult = 10.000000f

FIRESTARTER_OPTIMIZE: Seed=2  Test=93  Generation=  2 *Result=0.00006954  Best=0.00006954   Time=0.1  Run Time=216.6
FIRESTARTER_OPTIMIZE: Seed=2  Test=93  Generation=  3  Result=0.00019083  Best=0.00006954   Time=0.1  Run Time=216.8
FIRESTARTER_OPTIMIZE: Seed=2  Test=93  Generation=  4  Result=0.00011438  Best=0.00006954   Time=0.1  Run Time=217.1
FIRESTARTER_OPTIMIZE: Seed=2  Test=93  Generation=  5  Result=0.00007084  Best=0.00006954   Time=0.1  Run Time=217.4
FIRESTARTER_OPTIMIZE: Seed=2  Test=93  Generation=  6  Result=0.00008099  Best=0.00006954   Time=0.1  Run Time=217.7
FIRESTARTER_OPTIMIZE: Seed=2  Test=93  Generation=  7  Result=0.00010366  Best=0.00006954   Time=0.1  Run Time=218.0
FIRESTARTER_OPTIMIZE: Seed=2  Test=93  Generation=  8  Result=0.00016007  Best=0.00006954   Time=0.1  Run Time=218.4
FIRESTARTER_OPTIMIZE: Seed=2  Test=93  Generation=  9 *Result=0.00001105  Best=0.00001105   Time=0.1  Run Time=218.7
FIRESTARTER_OPTIMIZE: Seed=2  Test=93  Generation= 10  Result=0.00004185  Best=0.00001105   Time=0.1  Run Time=219.0
FIRESTARTER_OPTIMIZE: Seed=2  Test=93  Generation= 11 *Result=0.00000024  Best=0.00000024   Time=0.1  Run Time=219.3
