CUDA devices = 1
Device 0: NVIDIA GeForce RTX 4090

variations = 1
instructions = 32
registers = 30
opcodes = 2
patternOpcodes = 4

targetMin = 0.000000f
targetMax = 6.283185f
target = 0.000001f

mode = FIRESTARTER_OPTIMIZE
evolveSeed = 2
optimizeSeed = 2
tests = 256
streams = 1
units = 1
states = 1
generations = 0
population = 65536
passes = 384
attempts = 0
optimize = 1

scale = 0.300000f
startScale = 2.500000f
startResult = 10.000000f

FIRESTARTER_OPTIMIZE: Seed=2  Test=240  Generation=  2 *Result=0.00061107  Best=0.00061107   Time=0.1  Run Time=602.1
FIRESTARTER_OPTIMIZE: Seed=2  Test=240  Generation=  3  Result=0.00159910  Best=0.00061107   Time=0.1  Run Time=602.4
FIRESTARTER_OPTIMIZE: Seed=2  Test=240  Generation=  4 *Result=0.00005335  Best=0.00005335   Time=0.1  Run Time=602.7
FIRESTARTER_OPTIMIZE: Seed=2  Test=240  Generation=  5  Result=0.00020954  Best=0.00005335   Time=0.1  Run Time=603.0
FIRESTARTER_OPTIMIZE: Seed=2  Test=240  Generation=  6 *Result=0.00001050  Best=0.00001050   Time=0.1  Run Time=603.3
FIRESTARTER_OPTIMIZE: Seed=2  Test=240  Generation=  7  Result=0.00018274  Best=0.00001050   Time=0.1  Run Time=603.6
FIRESTARTER_OPTIMIZE: Seed=2  Test=240  Generation=  8  Result=0.00002028  Best=0.00001050   Time=0.1  Run Time=603.9
FIRESTARTER_OPTIMIZE: Seed=2  Test=240  Generation=  9  Result=0.00026879  Best=0.00001050   Time=0.1  Run Time=604.2
FIRESTARTER_OPTIMIZE: Seed=2  Test=240  Generation= 10 *Result=0.00000084  Best=0.00000084   Time=0.1  Run Time=604.5
