CUDA devices = 1
Device 0: NVIDIA GeForce RTX 4090

variations = 1
instructions = 32
registers = 30
opcodes = 2
patternOpcodes = 4

targetMin = 0.000000f
targetMax = 6.283185f
target = 0.000001f

mode = FIRESTARTER_OPTIMIZE
evolveSeed = 1
optimizeSeed = 1
tests = 256
streams = 1
units = 1
states = 1
generations = 0
population = 49152
passes = 384
attempts = 0
optimize = 1

scale = 0.300000f
startScale = 2.500000f
startResult = 10.000000f

FIRESTARTER_OPTIMIZE: Seed=1  Test=73  Generation=  2 *Result=0.00000222  Best=0.00000222   Time=0.1  Run Time=199.4
FIRESTARTER_OPTIMIZE: Seed=1  Test=73  Generation=  3  Result=0.00000897  Best=0.00000222   Time=0.1  Run Time=199.8
FIRESTARTER_OPTIMIZE: Seed=1  Test=73  Generation=  4  Result=0.00001043  Best=0.00000222   Time=0.1  Run Time=200.1
FIRESTARTER_OPTIMIZE: Seed=1  Test=73  Generation=  5  Result=0.00000435  Best=0.00000222   Time=0.1  Run Time=200.5
FIRESTARTER_OPTIMIZE: Seed=1  Test=73  Generation=  6  Result=0.00019311  Best=0.00000222   Time=0.1  Run Time=200.8
FIRESTARTER_OPTIMIZE: Seed=1  Test=73  Generation=  7  Result=0.00012969  Best=0.00000222   Time=0.1  Run Time=201.1
FIRESTARTER_OPTIMIZE: Seed=1  Test=73  Generation=  8  Result=0.00020566  Best=0.00000222   Time=0.1  Run Time=201.5
FIRESTARTER_OPTIMIZE: Seed=1  Test=73  Generation=  9  Result=0.00003582  Best=0.00000222   Time=0.1  Run Time=201.8
FIRESTARTER_OPTIMIZE: Seed=1  Test=73  Generation= 10  Result=0.00150058  Best=0.00000222   Time=0.1  Run Time=202.1
FIRESTARTER_OPTIMIZE: Seed=1  Test=73  Generation= 11  Result=0.00001746  Best=0.00000222   Time=0.1  Run Time=202.5
FIRESTARTER_OPTIMIZE: Seed=1  Test=73  Generation= 12 *Result=0.00000031  Best=0.00000031   Time=0.1  Run Time=202.8
