CUDA devices = 1
Device 0: NVIDIA GeForce RTX 4090

variations = 1
instructions = 32
registers = 30
opcodes = 2
patternOpcodes = 4

targetMin = 0.000000f
targetMax = 6.283185f
target = 0.000001f

mode = FIRESTARTER_OPTIMIZE
evolveSeed = 0
optimizeSeed = 0
tests = 256
streams = 1
units = 1
states = 1
generations = 0
population = 65536
passes = 512
attempts = 0
optimize = 1

scale = 0.300000f
startScale = 2.500000f
startResult = 10.000000f

FIRESTARTER_OPTIMIZE: Seed=0  Test=20  Generation=  2 *Result=0.00009321  Best=0.00009321   Time=0.1  Run Time=52.6
FIRESTARTER_OPTIMIZE: Seed=0  Test=20  Generation=  3  Result=0.00082469  Best=0.00009321   Time=0.1  Run Time=53.0
FIRESTARTER_OPTIMIZE: Seed=0  Test=20  Generation=  4  Result=0.00015688  Best=0.00009321   Time=0.1  Run Time=53.3
FIRESTARTER_OPTIMIZE: Seed=0  Test=20  Generation=  5  Result=0.00093776  Best=0.00009321   Time=0.1  Run Time=53.7
FIRESTARTER_OPTIMIZE: Seed=0  Test=20  Generation=  6 *Result=0.00005251  Best=0.00005251   Time=0.1  Run Time=54.1
FIRESTARTER_OPTIMIZE: Seed=0  Test=20  Generation=  7 *Result=0.00001555  Best=0.00001555   Time=0.1  Run Time=54.4
FIRESTARTER_OPTIMIZE: Seed=0  Test=20  Generation=  8  Result=0.00001693  Best=0.00001555   Time=0.1  Run Time=54.8
FIRESTARTER_OPTIMIZE: Seed=0  Test=20  Generation=  9 *Result=0.00000021  Best=0.00000021   Time=0.1  Run Time=55.2
