CUDA devices = 1
Device 0: NVIDIA GeForce RTX 4090

variations = 1
instructions = 32
registers = 30
opcodes = 2
patternOpcodes = 4

targetMin = 0.000000f
targetMax = 6.283185f
target = 0.000001f

mode = FIRESTARTER_OPTIMIZE
evolveSeed = 1
optimizeSeed = 1
tests = 256
streams = 1
units = 1
states = 1
generations = 0
population = 65536
passes = 512
attempts = 0
optimize = 1

scale = 0.300000f
startScale = 2.500000f
startResult = 10.000000f

FIRESTARTER_OPTIMIZE: Seed=1  Test=38  Generation=  2 *Result=0.00143408  Best=0.00143408   Time=0.1  Run Time=102.8
FIRESTARTER_OPTIMIZE: Seed=1  Test=38  Generation=  3 *Result=0.00008348  Best=0.00008348   Time=0.1  Run Time=103.3
FIRESTARTER_OPTIMIZE: Seed=1  Test=38  Generation=  4  Result=0.00143439  Best=0.00008348   Time=0.1  Run Time=103.7
FIRESTARTER_OPTIMIZE: Seed=1  Test=38  Generation=  5  Result=0.00259263  Best=0.00008348   Time=0.1  Run Time=104.2
FIRESTARTER_OPTIMIZE: Seed=1  Test=38  Generation=  6 *Result=0.00003982  Best=0.00003982   Time=0.1  Run Time=104.6
FIRESTARTER_OPTIMIZE: Seed=1  Test=38  Generation=  7  Result=0.00320357  Best=0.00003982   Time=0.1  Run Time=105.0
FIRESTARTER_OPTIMIZE: Seed=1  Test=38  Generation=  8  Result=0.00042659  Best=0.00003982   Time=0.1  Run Time=105.5
FIRESTARTER_OPTIMIZE: Seed=1  Test=38  Generation=  9  Result=0.00013310  Best=0.00003982   Time=0.1  Run Time=105.9
FIRESTARTER_OPTIMIZE: Seed=1  Test=38  Generation= 10 *Result=0.00001002  Best=0.00001002   Time=0.1  Run Time=106.3
FIRESTARTER_OPTIMIZE: Seed=1  Test=38  Generation= 11 *Result=0.00000018  Best=0.00000018   Time=0.1  Run Time=106.8
