CUDA devices = 1
Device 0: NVIDIA GeForce RTX 4090

variations = 1
samples = 15
instructions = 30
registers = 30
opcodes = 2
patternOpcodes = 4

targetMin = 0.000000f
targetMax = 6.283185f
target = 0.000001f

mode = FIRESTARTER_OPTIMIZE
evolveSeed = 0
optimizeSeed = 0
tests = 256
streams = 1
units = 1
states = 1
generations = 0
population = 65536
iterations = 64
passes = 512
candidates = 16
attempts = 0
optimize = 1

scale = 0.300000f
startScale = 2.500000f
startResult = 10.000000f

FIRESTARTER_OPTIMIZE: Seed=0  Test=233  Generation=  2 *Result=0.00000215  Best=0.00000215   Time=0.1  Run Time=823.5
FIRESTARTER_OPTIMIZE: Seed=0  Test=233  Generation=  3  Result=0.00000817  Best=0.00000215   Time=0.1  Run Time=823.9
FIRESTARTER_OPTIMIZE: Seed=0  Test=233  Generation=  4  Result=0.00082962  Best=0.00000215   Time=0.1  Run Time=824.3
FIRESTARTER_OPTIMIZE: Seed=0  Test=233  Generation=  5  Result=0.00022247  Best=0.00000215   Time=0.1  Run Time=824.8
FIRESTARTER_OPTIMIZE: Seed=0  Test=233  Generation=  6 *Result=0.00000041  Best=0.00000041   Time=0.1  Run Time=825.2
