CUDA devices = 1
Device 0: NVIDIA GeForce RTX 4090

variations = 1
samples = 15
instructions = 32
registers = 30
opcodes = 2
patternOpcodes = 4

targetMin = 0.000000f
targetMax = 6.283185f
target = 0.000001f

mode = FIRESTARTER_OPTIMIZE
evolveSeed = 0
optimizeSeed = 0
tests = 256
streams = 1
units = 1
states = 1
generations = 0
population = 65536
iterations = 64
passes = 512
candidates = 16
attempts = 0
optimize = 1

scale = 0.100000f
startScale = 4.000000f
startResult = 10.000000f

FIRESTARTER_OPTIMIZE: Seed=0  Test=30  Generation=  2 *Result=0.00154190  Best=0.00154190   Time=0.1  Run Time=261.4
FIRESTARTER_OPTIMIZE: Seed=0  Test=30  Generation=  3  Result=0.00278650  Best=0.00154190   Time=0.1  Run Time=261.9
FIRESTARTER_OPTIMIZE: Seed=0  Test=30  Generation=  4 *Result=0.00003037  Best=0.00003037   Time=0.1  Run Time=262.3
FIRESTARTER_OPTIMIZE: Seed=0  Test=30  Generation=  5  Result=0.00045539  Best=0.00003037   Time=0.1  Run Time=262.8
FIRESTARTER_OPTIMIZE: Seed=0  Test=30  Generation=  6  Result=0.00011677  Best=0.00003037   Time=0.1  Run Time=263.3
FIRESTARTER_OPTIMIZE: Seed=0  Test=30  Generation=  7  Result=0.00005894  Best=0.00003037   Time=0.1  Run Time=263.7
FIRESTARTER_OPTIMIZE: Seed=0  Test=30  Generation=  8  Result=0.00009308  Best=0.00003037   Time=0.1  Run Time=264.2
FIRESTARTER_OPTIMIZE: Seed=0  Test=30  Generation=  9  Result=0.00614029  Best=0.00003037   Time=0.1  Run Time=264.7
FIRESTARTER_OPTIMIZE: Seed=0  Test=30  Generation= 10 *Result=0.00001618  Best=0.00001618   Time=0.1  Run Time=265.2
FIRESTARTER_OPTIMIZE: Seed=0  Test=30  Generation= 11 *Result=0.00000099  Best=0.00000099   Time=0.1  Run Time=265.6
