CUDA devices = 1
Device 0: NVIDIA GeForce RTX 4090

variations = 1
instructions = 32
registers = 30
opcodes = 2
patternOpcodes = 4

targetMin = 0.000000f
targetMax = 6.283185f
target = 0.000001f

mode = FIRESTARTER_OPTIMIZE
evolveSeed = 1
optimizeSeed = 1
tests = 256
streams = 1
units = 1
states = 1
generations = 0
population = 65536
passes = 512
attempts = 0
optimize = 1

scale = 0.300000f
startScale = 2.500000f
startResult = 10.000000f

FIRESTARTER_OPTIMIZE: Seed=1  Test=141  Generation=  2 *Result=0.00036800  Best=0.00036800   Time=0.1  Run Time=489.8
FIRESTARTER_OPTIMIZE: Seed=1  Test=141  Generation=  3 *Result=0.00011237  Best=0.00011237   Time=0.1  Run Time=490.2
FIRESTARTER_OPTIMIZE: Seed=1  Test=141  Generation=  4 *Result=0.00000320  Best=0.00000320   Time=0.1  Run Time=490.6
FIRESTARTER_OPTIMIZE: Seed=1  Test=141  Generation=  5  Result=0.00006024  Best=0.00000320   Time=0.1  Run Time=491.0
FIRESTARTER_OPTIMIZE: Seed=1  Test=141  Generation=  6  Result=0.00221703  Best=0.00000320   Time=0.1  Run Time=491.4
FIRESTARTER_OPTIMIZE: Seed=1  Test=141  Generation=  7  Result=0.00003588  Best=0.00000320   Time=0.1  Run Time=491.7
FIRESTARTER_OPTIMIZE: Seed=1  Test=141  Generation=  8  Result=0.00005477  Best=0.00000320   Time=0.1  Run Time=492.1
FIRESTARTER_OPTIMIZE: Seed=1  Test=141  Generation=  9  Result=0.00002879  Best=0.00000320   Time=0.1  Run Time=492.5
FIRESTARTER_OPTIMIZE: Seed=1  Test=141  Generation= 10  Result=0.00020485  Best=0.00000320   Time=0.1  Run Time=492.9
FIRESTARTER_OPTIMIZE: Seed=1  Test=141  Generation= 11 *Result=0.00000028  Best=0.00000028   Time=0.1  Run Time=493.3
