CUDA devices = 1
Device 0: NVIDIA GeForce RTX 4090

variations = 1
instructions = 32
registers = 30
opcodes = 2
patternOpcodes = 4

targetMin = 0.000000f
targetMax = 6.283185f
target = 0.000001f

mode = FIRESTARTER_OPTIMIZE
evolveSeed = 0
optimizeSeed = 0
tests = 256
streams = 1
units = 1
states = 1
generations = 0
population = 65536
passes = 512
attempts = 0
optimize = 1

scale = 0.300000f
startScale = 2.500000f
startResult = 10.000000f

FIRESTARTER_OPTIMIZE: Seed=0  Test=36  Generation=  2 *Result=0.00004363  Best=0.00004363   Time=0.1  Run Time=78.7
FIRESTARTER_OPTIMIZE: Seed=0  Test=36  Generation=  3  Result=0.00014877  Best=0.00004363   Time=0.1  Run Time=79.0
FIRESTARTER_OPTIMIZE: Seed=0  Test=36  Generation=  4  Result=0.00030714  Best=0.00004363   Time=0.1  Run Time=79.5
FIRESTARTER_OPTIMIZE: Seed=0  Test=36  Generation=  5 *Result=0.00000462  Best=0.00000462   Time=0.1  Run Time=79.8
FIRESTARTER_OPTIMIZE: Seed=0  Test=36  Generation=  6  Result=0.00221297  Best=0.00000462   Time=0.1  Run Time=80.2
FIRESTARTER_OPTIMIZE: Seed=0  Test=36  Generation=  7  Result=0.00018228  Best=0.00000462   Time=0.1  Run Time=80.6
FIRESTARTER_OPTIMIZE: Seed=0  Test=36  Generation=  8  Result=0.00005472  Best=0.00000462   Time=0.1  Run Time=81.0
FIRESTARTER_OPTIMIZE: Seed=0  Test=36  Generation=  9 *Result=0.00000019  Best=0.00000019   Time=0.1  Run Time=81.3
