CUDA devices = 1
Device 0: NVIDIA GeForce RTX 4090

variations = 1
samples = 15
instructions = 32
registers = 30
opcodes = 2
patternOpcodes = 4

targetMin = 0.000000f
targetMax = 6.283185f
target = 0.000001f

mode = FIRESTARTER_OPTIMIZE
evolveSeed = 0
optimizeSeed = 0
tests = 256
streams = 1
units = 1
states = 1
generations = 0
population = 65536
iterations = 64
passes = 512
candidates = 16
attempts = 0
optimize = 1

scale = 0.100000f
startScale = 2.500000f
startResult = 10.000000f

FIRESTARTER_OPTIMIZE: Seed=0  Test= 5  Generation=  2 *Result=0.00005299  Best=0.00005299   Time=0.1  Run Time=23.3
FIRESTARTER_OPTIMIZE: Seed=0  Test= 5  Generation=  3 *Result=0.00000451  Best=0.00000451   Time=0.1  Run Time=23.8
FIRESTARTER_OPTIMIZE: Seed=0  Test= 5  Generation=  4  Result=0.00004236  Best=0.00000451   Time=0.1  Run Time=24.2
FIRESTARTER_OPTIMIZE: Seed=0  Test= 5  Generation=  5  Result=0.00077653  Best=0.00000451   Time=0.1  Run Time=24.7
FIRESTARTER_OPTIMIZE: Seed=0  Test= 5  Generation=  6  Result=0.00084424  Best=0.00000451   Time=0.1  Run Time=25.2
FIRESTARTER_OPTIMIZE: Seed=0  Test= 5  Generation=  7 *Result=0.00000232  Best=0.00000232   Time=0.1  Run Time=25.7
FIRESTARTER_OPTIMIZE: Seed=0  Test= 5  Generation=  8  Result=0.00008258  Best=0.00000232   Time=0.1  Run Time=26.2
FIRESTARTER_OPTIMIZE: Seed=0  Test= 5  Generation=  9  Result=0.00001327  Best=0.00000232   Time=0.1  Run Time=26.6
FIRESTARTER_OPTIMIZE: Seed=0  Test= 5  Generation= 10  Result=0.00614750  Best=0.00000232   Time=0.1  Run Time=27.1
FIRESTARTER_OPTIMIZE: Seed=0  Test= 5  Generation= 11  Result=0.00002849  Best=0.00000232   Time=0.1  Run Time=27.6
FIRESTARTER_OPTIMIZE: Seed=0  Test= 5  Generation= 12 *Result=0.00000016  Best=0.00000016   Time=0.1  Run Time=28.1
