CUDA devices = 1
Device 0: NVIDIA GeForce RTX 4090

variations = 1
instructions = 32
registers = 30
opcodes = 2
patternOpcodes = 4

targetMin = 0.000000f
targetMax = 6.283185f
target = 0.000001f

mode = FIRESTARTER_OPTIMIZE
evolveSeed = 0
optimizeSeed = 0
tests = 256
streams = 1
units = 1
states = 1
generations = 0
population = 65536
passes = 384
attempts = 0
optimize = 1

scale = 0.300000f
startScale = 2.500000f
startResult = 10.000000f

FIRESTARTER_OPTIMIZE: Seed=0  Test=234  Generation=  2 *Result=0.00002868  Best=0.00002868   Time=0.1  Run Time=585.2
FIRESTARTER_OPTIMIZE: Seed=0  Test=234  Generation=  3  Result=0.00614062  Best=0.00002868   Time=0.1  Run Time=585.5
FIRESTARTER_OPTIMIZE: Seed=0  Test=234  Generation=  4  Result=0.00010459  Best=0.00002868   Time=0.1  Run Time=585.8
FIRESTARTER_OPTIMIZE: Seed=0  Test=234  Generation=  5  Result=0.00024587  Best=0.00002868   Time=0.1  Run Time=586.2
FIRESTARTER_OPTIMIZE: Seed=0  Test=234  Generation=  6  Result=0.00028088  Best=0.00002868   Time=0.1  Run Time=586.5
FIRESTARTER_OPTIMIZE: Seed=0  Test=234  Generation=  7  Result=0.00039381  Best=0.00002868   Time=0.1  Run Time=586.8
FIRESTARTER_OPTIMIZE: Seed=0  Test=234  Generation=  8  Result=0.00027169  Best=0.00002868   Time=0.1  Run Time=587.1
FIRESTARTER_OPTIMIZE: Seed=0  Test=234  Generation=  9 *Result=0.00001912  Best=0.00001912   Time=0.1  Run Time=587.4
FIRESTARTER_OPTIMIZE: Seed=0  Test=234  Generation= 10 *Result=0.00000085  Best=0.00000085   Time=0.1  Run Time=587.7
