CUDA devices = 1
Device 0: NVIDIA GeForce RTX 4090

variations = 1
samples = 15
instructions = 32
registers = 30
opcodes = 2
patternOpcodes = 4

targetMin = 0.000000f
targetMax = 6.283185f
evolveTarget = 0.000001f

mode = FIRESTARTER_EVOLVE_GPU
evolveSeed = 0
optimizeSeed = 0
tests = 16
streams = 1
units = 1
states = 1
generations = 0
population = 8192
iterations = 64
passes = 500
candidates = 16
attempts = 0
optimize = 1

scale = 0.100000f
startScale = 2.000000f
startResult = 10.000000f

FIRESTARTER_EVOLVE_GPU: Seed=0  Test= 8  Generation=  0  Age=  1  Evolution= 0  Weight=0.00000000  Old Result=10.00000000 *New Result=0.00344223  Index=632  EvolveAge1=276  EvolveAge2=108  Best=0.00344223   BestAge=1  Time=1.5 Seconds  Run Time=909.5 Seconds
FIRESTARTER_EVOLVE_GPU: Seed=0  Test= 8  Generation=  1  Age=  1  Evolution= 0  Weight=0.00000000  Old Result=0.00344223  Bad Result=0.00344223  Index=632  EvolveAge1=776  EvolveAge2=108  Best=0.00344223   BestAge=2  Time=0.9 Seconds  Run Time=910.4 Seconds
FIRESTARTER_OPTIMIZE_GPU: Seed=0  Test= 8  Optimize=0  Generation=  0 *Result=0.00043866  Best=0.00043866   Time=2.4 Seconds  Run Time=912.8 Seconds
FIRESTARTER_EVOLVE_GPU: Seed=0  Test= 8  Generation=  2  Age=  1  Evolution= 0  Weight=0.00000000  Old Result=0.00344223 *New Result=0.00337040  Index=2454  EvolveAge1=430  EvolveAge2=12  Best=0.00337040   BestAge=1  Time=1.2 Seconds  Run Time=913.9 Seconds
FIRESTARTER_EVOLVE_GPU: Seed=0  Test= 8  Generation=  3  Age=  1  Evolution= 0  Weight=0.00000000  Old Result=0.00337040  Bad Result=0.00337040  Index=2454  EvolveAge1=930  EvolveAge2=12  Best=0.00337040   BestAge=2  Time=1.1 Seconds  Run Time=915.0 Seconds
FIRESTARTER_OPTIMIZE_GPU: Seed=0  Test= 8  Optimize=0  Generation=  2 *Result=0.00115454  Best=0.00115454   Time=2.4 Seconds  Run Time=917.4 Seconds
FIRESTARTER_EVOLVE_GPU: Seed=0  Test= 8  Generation=  4  Age=  1  Evolution= 0  Weight=0.00000000  Old Result=0.00337040 *New Result=0.00305200  Index=7238  EvolveAge1=0  EvolveAge2=816  Best=0.00305200   BestAge=1  Time=1.1 Seconds  Run Time=918.5 Seconds
FIRESTARTER_EVOLVE_GPU: Seed=0  Test= 8  Generation=  5  Age=  1  Evolution= 0  Weight=0.00000000  Old Result=0.00305200 *New Result=0.00186571  Index=7238  EvolveAge1=94  EvolveAge2=914  Best=0.00186571   BestAge=1  Time=1.1 Seconds  Run Time=919.6 Seconds
FIRESTARTER_EVOLVE_GPU: Seed=0  Test= 8  Generation=  6  Age=  1  Evolution= 0  Weight=0.00000000  Old Result=0.00186571  Bad Result=0.00186571  Index=7238  EvolveAge1=594  EvolveAge2=914  Best=0.00186571   BestAge=2  Time=1.1 Seconds  Run Time=920.7 Seconds
FIRESTARTER_OPTIMIZE_GPU: Seed=0  Test= 8  Optimize=0  Generation=  5 *Result=0.00024039  Best=0.00024039   Time=2.4 Seconds  Run Time=923.0 Seconds
FIRESTARTER_EVOLVE_GPU: Seed=0  Test= 8  Generation=  7  Age=  1  Evolution= 0  Weight=0.00000000  Old Result=0.00186571  Bad Result=0.00218001  Index=5401  EvolveAge1=0  EvolveAge2=908  Best=0.00186571   BestAge=3  Time=1.1 Seconds  Run Time=924.1 Seconds
FIRESTARTER_EVOLVE_GPU: Seed=0  Test= 8  Generation=  8  Age=  1  Evolution= 0  Weight=0.00000000  Old Result=0.00218001 *New Result=0.00031065  Index=3838  EvolveAge1=12  EvolveAge2=135  Best=0.00031065   BestAge=1  Time=1.1 Seconds  Run Time=925.2 Seconds
FIRESTARTER_EVOLVE_GPU: Seed=0  Test= 8  Generation=  9  Age=  1  Evolution= 0  Weight=0.00000000  Old Result=0.00031065  Bad Result=0.00031065  Index=3838  EvolveAge1=512  EvolveAge2=135  Best=0.00031065   BestAge=2  Time=1.1 Seconds  Run Time=926.3 Seconds
FIRESTARTER_OPTIMIZE_GPU: Seed=0  Test= 8  Optimize=0  Generation=  8 *Result=0.00000075  Best=0.00000075   Time=2.2 Seconds  Run Time=928.6 Seconds
