CUDA devices = 1
Device 0: NVIDIA GeForce RTX 4090

variations = 1
instructions = 32
registers = 30
opcodes = 2
patternOpcodes = 4

targetMin = 0.000000f
targetMax = 6.283185f
target = 0.000001f

mode = FIRESTARTER_OPTIMIZE
evolveSeed = 0
optimizeSeed = 0
tests = 256
streams = 1
units = 1
states = 1
generations = 0
population = 65536
passes = 512
attempts = 0
optimize = 1

scale = 0.300000f
startScale = 2.500000f
startResult = 10.000000f

FIRESTARTER_OPTIMIZE: Seed=0  Test=24  Generation=  2 *Result=0.00018214  Best=0.00018214   Time=0.1  Run Time=57.6
FIRESTARTER_OPTIMIZE: Seed=0  Test=24  Generation=  3 *Result=0.00001758  Best=0.00001758   Time=0.1  Run Time=57.9
FIRESTARTER_OPTIMIZE: Seed=0  Test=24  Generation=  4 *Result=0.00000303  Best=0.00000303   Time=0.1  Run Time=58.3
FIRESTARTER_OPTIMIZE: Seed=0  Test=24  Generation=  5  Result=0.00000746  Best=0.00000303   Time=0.1  Run Time=58.7
FIRESTARTER_OPTIMIZE: Seed=0  Test=24  Generation=  6  Result=0.00018236  Best=0.00000303   Time=0.1  Run Time=59.0
FIRESTARTER_OPTIMIZE: Seed=0  Test=24  Generation=  7  Result=0.00025824  Best=0.00000303   Time=0.1  Run Time=59.4
FIRESTARTER_OPTIMIZE: Seed=0  Test=24  Generation=  8  Result=0.00136959  Best=0.00000303   Time=0.1  Run Time=59.8
FIRESTARTER_OPTIMIZE: Seed=0  Test=24  Generation=  9 *Result=0.00000019  Best=0.00000019   Time=0.1  Run Time=60.1
