CUDA devices = 1
Device 0: NVIDIA GeForce RTX 4090

variations = 1
instructions = 32
registers = 30
opcodes = 2
patternOpcodes = 4

targetMin = 0.000000f
targetMax = 6.283185f
target = 0.000001f

mode = FIRESTARTER_OPTIMIZE
evolveSeed = 0
optimizeSeed = 0
tests = 256
streams = 1
units = 1
states = 1
generations = 0
population = 65536
passes = 512
attempts = 0
optimize = 1

scale = 0.300000f
startScale = 2.500000f
startResult = 10.000000f

FIRESTARTER_OPTIMIZE: Seed=0  Test=239  Generation=  2 *Result=0.00001150  Best=0.00001150   Time=0.1  Run Time=662.4
FIRESTARTER_OPTIMIZE: Seed=0  Test=239  Generation=  3  Result=0.00045007  Best=0.00001150   Time=0.1  Run Time=662.8
FIRESTARTER_OPTIMIZE: Seed=0  Test=239  Generation=  4  Result=0.00003104  Best=0.00001150   Time=0.1  Run Time=663.2
FIRESTARTER_OPTIMIZE: Seed=0  Test=239  Generation=  5  Result=0.00018355  Best=0.00001150   Time=0.1  Run Time=663.6
FIRESTARTER_OPTIMIZE: Seed=0  Test=239  Generation=  6 *Result=0.00000107  Best=0.00000107   Time=0.1  Run Time=663.9
FIRESTARTER_OPTIMIZE: Seed=0  Test=239  Generation=  7  Result=0.00000224  Best=0.00000107   Time=0.1  Run Time=664.3
FIRESTARTER_OPTIMIZE: Seed=0  Test=239  Generation=  8  Result=0.00001601  Best=0.00000107   Time=0.1  Run Time=664.7
FIRESTARTER_OPTIMIZE: Seed=0  Test=239  Generation=  9  Result=0.00310886  Best=0.00000107   Time=0.1  Run Time=665.1
FIRESTARTER_OPTIMIZE: Seed=0  Test=239  Generation= 10 *Result=0.00000024  Best=0.00000024   Time=0.1  Run Time=665.4
