CUDA devices = 1
Device 0: NVIDIA GeForce RTX 4090

variations = 1
samples = 15
instructions = 32
registers = 30
opcodes = 2
patternOpcodes = 4

targetMin = 0.000000f
targetMax = 6.283185f
target = 0.000001f

mode = FIRESTARTER_OPTIMIZE
evolveSeed = 123
optimizeSeed = 123
tests = 256
streams = 1
units = 1
states = 1
generations = 0
population = 65536
iterations = 64
passes = 512
candidates = 16
attempts = 0
optimize = 1

scale = 0.300000f
startScale = 2.500000f
startResult = 10.000000f

FIRESTARTER_OPTIMIZE: Seed=123  Test=247  Generation=  2 *Result=0.00028604  Best=0.00028604   Time=0.1  Run Time=744.4
FIRESTARTER_OPTIMIZE: Seed=123  Test=247  Generation=  3 *Result=0.00008381  Best=0.00008381   Time=0.1  Run Time=744.9
FIRESTARTER_OPTIMIZE: Seed=123  Test=247  Generation=  4 *Result=0.00002360  Best=0.00002360   Time=0.1  Run Time=745.3
FIRESTARTER_OPTIMIZE: Seed=123  Test=247  Generation=  5  Result=0.00106604  Best=0.00002360   Time=0.1  Run Time=745.7
FIRESTARTER_OPTIMIZE: Seed=123  Test=247  Generation=  6  Result=0.00114822  Best=0.00002360   Time=0.1  Run Time=746.2
FIRESTARTER_OPTIMIZE: Seed=123  Test=247  Generation=  7 *Result=0.00000011  Best=0.00000011   Time=0.1  Run Time=746.6
