CUDA devices = 1
Device 0: NVIDIA GeForce RTX 4090

variations = 1
samples = 15
instructions = 32
registers = 30
opcodes = 2
patternOpcodes = 4

targetMin = 0.000000f
targetMax = 6.283185f
target = 0.000001f

mode = FIRESTARTER_OPTIMIZE
evolveSeed = 0
optimizeSeed = 0
tests = 256
streams = 1
units = 1
states = 1
generations = 0
population = 65536
iterations = 64
passes = 512
candidates = 16
attempts = 0
optimize = 1

scale = 0.150000f
startScale = 2.500000f
startResult = 10.000000f

FIRESTARTER_OPTIMIZE: Seed=0  Test=101  Generation=  2 *Result=0.00006267  Best=0.00006267   Time=0.1  Run Time=461.4
FIRESTARTER_OPTIMIZE: Seed=0  Test=101  Generation=  3 *Result=0.00000186  Best=0.00000186   Time=0.1  Run Time=461.9
FIRESTARTER_OPTIMIZE: Seed=0  Test=101  Generation=  4  Result=0.00011941  Best=0.00000186   Time=0.1  Run Time=462.3
FIRESTARTER_OPTIMIZE: Seed=0  Test=101  Generation=  5  Result=0.00021398  Best=0.00000186   Time=0.1  Run Time=462.8
FIRESTARTER_OPTIMIZE: Seed=0  Test=101  Generation=  6  Result=0.00000621  Best=0.00000186   Time=0.1  Run Time=463.3
FIRESTARTER_OPTIMIZE: Seed=0  Test=101  Generation=  7  Result=0.00021648  Best=0.00000186   Time=0.1  Run Time=463.8
FIRESTARTER_OPTIMIZE: Seed=0  Test=101  Generation=  8  Result=0.00013199  Best=0.00000186   Time=0.1  Run Time=464.2
FIRESTARTER_OPTIMIZE: Seed=0  Test=101  Generation=  9  Result=0.00084576  Best=0.00000186   Time=0.1  Run Time=464.7
FIRESTARTER_OPTIMIZE: Seed=0  Test=101  Generation= 10  Result=0.00024004  Best=0.00000186   Time=0.1  Run Time=465.2
FIRESTARTER_OPTIMIZE: Seed=0  Test=101  Generation= 11 *Result=0.00000012  Best=0.00000012   Time=0.1  Run Time=465.6
