CUDA devices = 1
Device 0: NVIDIA GeForce RTX 4090

variations = 1
instructions = 32
registers = 30
opcodes = 2
patternOpcodes = 4

targetMin = 0.000000f
targetMax = 6.283185f
target = 0.000001f

mode = FIRESTARTER_OPTIMIZE
evolveSeed = 0
optimizeSeed = 0
tests = 256
streams = 1
units = 1
states = 1
generations = 0
population = 32768
passes = 512
attempts = 0
optimize = 1

scale = 0.300000f
startScale = 2.500000f
startResult = 10.000000f

FIRESTARTER_OPTIMIZE: Seed=0  Test=75  Generation=  2 *Result=0.00000383  Best=0.00000383   Time=0.1  Run Time=212.8
FIRESTARTER_OPTIMIZE: Seed=0  Test=75  Generation=  3  Result=0.00001177  Best=0.00000383   Time=0.1  Run Time=213.1
FIRESTARTER_OPTIMIZE: Seed=0  Test=75  Generation=  4  Result=0.00018767  Best=0.00000383   Time=0.1  Run Time=213.4
FIRESTARTER_OPTIMIZE: Seed=0  Test=75  Generation=  5  Result=0.00000477  Best=0.00000383   Time=0.1  Run Time=213.8
FIRESTARTER_OPTIMIZE: Seed=0  Test=75  Generation=  6  Result=0.00012326  Best=0.00000383   Time=0.1  Run Time=214.1
FIRESTARTER_OPTIMIZE: Seed=0  Test=75  Generation=  7  Result=0.00002385  Best=0.00000383   Time=0.1  Run Time=214.5
FIRESTARTER_OPTIMIZE: Seed=0  Test=75  Generation=  8  Result=0.00014847  Best=0.00000383   Time=0.1  Run Time=214.8
FIRESTARTER_OPTIMIZE: Seed=0  Test=75  Generation=  9  Result=0.00031250  Best=0.00000383   Time=0.1  Run Time=215.2
FIRESTARTER_OPTIMIZE: Seed=0  Test=75  Generation= 10 *Result=0.00000056  Best=0.00000056   Time=0.1  Run Time=215.5
