CUDA devices = 1
Device 0: NVIDIA GeForce RTX 4090

variations = 1
instructions = 32
registers = 30
opcodes = 2
patternOpcodes = 4

targetMin = 0.000000f
targetMax = 6.283185f
target = 0.000001f

mode = FIRESTARTER_OPTIMIZE
evolveSeed = 0
optimizeSeed = 0
tests = 256
streams = 1
units = 1
states = 1
generations = 0
population = 49152
passes = 384
attempts = 0
optimize = 1

scale = 0.300000f
startScale = 2.500000f
startResult = 10.000000f

FIRESTARTER_OPTIMIZE: Seed=0  Test=109  Generation=  2 *Result=0.00000224  Best=0.00000224   Time=0.1  Run Time=281.9
FIRESTARTER_OPTIMIZE: Seed=0  Test=109  Generation=  3  Result=0.00094540  Best=0.00000224   Time=0.1  Run Time=282.2
FIRESTARTER_OPTIMIZE: Seed=0  Test=109  Generation=  4  Result=0.00002274  Best=0.00000224   Time=0.1  Run Time=282.5
FIRESTARTER_OPTIMIZE: Seed=0  Test=109  Generation=  5  Result=0.00011562  Best=0.00000224   Time=0.1  Run Time=282.8
FIRESTARTER_OPTIMIZE: Seed=0  Test=109  Generation=  6  Result=0.00004095  Best=0.00000224   Time=0.1  Run Time=283.2
FIRESTARTER_OPTIMIZE: Seed=0  Test=109  Generation=  7  Result=0.00038133  Best=0.00000224   Time=0.1  Run Time=283.4
FIRESTARTER_OPTIMIZE: Seed=0  Test=109  Generation=  8  Result=0.00018751  Best=0.00000224   Time=0.1  Run Time=283.8
FIRESTARTER_OPTIMIZE: Seed=0  Test=109  Generation=  9 *Result=0.00000041  Best=0.00000041   Time=0.1  Run Time=284.1
