CUDA devices = 1
Device 0: NVIDIA GeForce RTX 4090

variations = 1
samples = 15
instructions = 32
registers = 30
opcodes = 2
patternOpcodes = 4

targetMin = 0.000000f
targetMax = 6.283185f
target = 0.000001f

mode = FIRESTARTER_OPTIMIZE
evolveSeed = 123
optimizeSeed = 123
tests = 256
streams = 1
units = 1
states = 1
generations = 0
population = 65536
iterations = 64
passes = 512
candidates = 16
attempts = 0
optimize = 1

scale = 0.300000f
startScale = 2.500000f
startResult = 10.000000f

FIRESTARTER_OPTIMIZE: Seed=123  Test=231  Generation=  2 *Result=0.00007784  Best=0.00007784   Time=0.1  Run Time=701.8
FIRESTARTER_OPTIMIZE: Seed=123  Test=231  Generation=  3  Result=0.00078017  Best=0.00007784   Time=0.1  Run Time=702.2
FIRESTARTER_OPTIMIZE: Seed=123  Test=231  Generation=  4  Result=0.00036341  Best=0.00007784   Time=0.1  Run Time=702.6
FIRESTARTER_OPTIMIZE: Seed=123  Test=231  Generation=  5  Result=0.00010762  Best=0.00007784   Time=0.1  Run Time=703.1
FIRESTARTER_OPTIMIZE: Seed=123  Test=231  Generation=  6  Result=0.00034022  Best=0.00007784   Time=0.1  Run Time=703.5
FIRESTARTER_OPTIMIZE: Seed=123  Test=231  Generation=  7 *Result=0.00000685  Best=0.00000685   Time=0.1  Run Time=704.0
FIRESTARTER_OPTIMIZE: Seed=123  Test=231  Generation=  8  Result=0.00007910  Best=0.00000685   Time=0.1  Run Time=704.4
FIRESTARTER_OPTIMIZE: Seed=123  Test=231  Generation=  9  Result=0.00009068  Best=0.00000685   Time=0.1  Run Time=704.8
FIRESTARTER_OPTIMIZE: Seed=123  Test=231  Generation= 10 *Result=0.00000041  Best=0.00000041   Time=0.1  Run Time=705.3
