CUDA devices = 1
Device 0: NVIDIA GeForce RTX 4090

variations = 1
instructions = 32
registers = 30
opcodes = 2
patternOpcodes = 4

targetMin = 0.000000f
targetMax = 6.283185f
target = 0.000001f

mode = FIRESTARTER_OPTIMIZE
evolveSeed = 1
optimizeSeed = 1
tests = 256
streams = 1
units = 1
states = 1
generations = 0
population = 65536
passes = 512
attempts = 0
optimize = 1

scale = 0.300000f
startScale = 2.500000f
startResult = 10.000000f

FIRESTARTER_OPTIMIZE: Seed=1  Test=37  Generation=  2 *Result=0.00018585  Best=0.00018585   Time=0.1  Run Time=84.3
FIRESTARTER_OPTIMIZE: Seed=1  Test=37  Generation=  3  Result=0.00026584  Best=0.00018585   Time=0.1  Run Time=84.6
FIRESTARTER_OPTIMIZE: Seed=1  Test=37  Generation=  4  Result=0.00023460  Best=0.00018585   Time=0.1  Run Time=85.0
FIRESTARTER_OPTIMIZE: Seed=1  Test=37  Generation=  5 *Result=0.00006613  Best=0.00006613   Time=0.1  Run Time=85.4
FIRESTARTER_OPTIMIZE: Seed=1  Test=37  Generation=  6 *Result=0.00005063  Best=0.00005063   Time=0.1  Run Time=85.7
FIRESTARTER_OPTIMIZE: Seed=1  Test=37  Generation=  7  Result=0.00007110  Best=0.00005063   Time=0.1  Run Time=86.1
FIRESTARTER_OPTIMIZE: Seed=1  Test=37  Generation=  8 *Result=0.00001717  Best=0.00001717   Time=0.1  Run Time=86.5
FIRESTARTER_OPTIMIZE: Seed=1  Test=37  Generation=  9  Result=0.00016824  Best=0.00001717   Time=0.1  Run Time=86.9
FIRESTARTER_OPTIMIZE: Seed=1  Test=37  Generation= 10 *Result=0.00000362  Best=0.00000362   Time=0.1  Run Time=87.3
FIRESTARTER_OPTIMIZE: Seed=1  Test=37  Generation= 11  Result=0.00018317  Best=0.00000362   Time=0.1  Run Time=87.6
FIRESTARTER_OPTIMIZE: Seed=1  Test=37  Generation= 12 *Result=0.00000016  Best=0.00000016   Time=0.1  Run Time=88.0
