CUDA devices = 1
Device 0: NVIDIA GeForce RTX 4090

variations = 1
samples = 15
instructions = 32
registers = 30
opcodes = 2
patternOpcodes = 4

targetMin = 0.000000f
targetMax = 6.283185f
target = 0.000001f

mode = FIRESTARTER_OPTIMIZE
evolveSeed = 123
optimizeSeed = 123
tests = 256
streams = 1
units = 1
states = 1
generations = 0
population = 65536
iterations = 64
passes = 512
candidates = 16
attempts = 0
optimize = 1

scale = 0.300000f
startScale = 2.500000f
startResult = 10.000000f

FIRESTARTER_OPTIMIZE: Seed=123  Test=131  Generation=  2 *Result=0.00001972  Best=0.00001972   Time=0.1  Run Time=425.7
FIRESTARTER_OPTIMIZE: Seed=123  Test=131  Generation=  3 *Result=0.00001318  Best=0.00001318   Time=0.1  Run Time=426.1
FIRESTARTER_OPTIMIZE: Seed=123  Test=131  Generation=  4  Result=0.00221133  Best=0.00001318   Time=0.1  Run Time=426.5
FIRESTARTER_OPTIMIZE: Seed=123  Test=131  Generation=  5  Result=0.00023081  Best=0.00001318   Time=0.1  Run Time=426.9
FIRESTARTER_OPTIMIZE: Seed=123  Test=131  Generation=  6  Result=0.00005534  Best=0.00001318   Time=0.1  Run Time=427.2
FIRESTARTER_OPTIMIZE: Seed=123  Test=131  Generation=  7  Result=0.00014874  Best=0.00001318   Time=0.1  Run Time=427.6
FIRESTARTER_OPTIMIZE: Seed=123  Test=131  Generation=  8  Result=0.00018236  Best=0.00001318   Time=0.1  Run Time=428.0
FIRESTARTER_OPTIMIZE: Seed=123  Test=131  Generation=  9  Result=0.00221605  Best=0.00001318   Time=0.1  Run Time=428.4
FIRESTARTER_OPTIMIZE: Seed=123  Test=131  Generation= 10 *Result=0.00000019  Best=0.00000019   Time=0.1  Run Time=428.8
