CUDA devices = 1
Device 0: NVIDIA GeForce RTX 4090

variations = 1
samples = 15
instructions = 32
registers = 30
opcodes = 2
patternOpcodes = 4

targetMin = 0.000000f
targetMax = 6.283185f
target = 0.000001f

mode = FIRESTARTER_OPTIMIZE
evolveSeed = 0
optimizeSeed = 0
tests = 256
streams = 1
units = 1
states = 1
generations = 0
population = 65536
iterations = 64
passes = 512
candidates = 16
attempts = 0
optimize = 1

scale = 0.100000f
startScale = 3.000000f
startResult = 10.000000f

FIRESTARTER_OPTIMIZE: Seed=0  Test=123  Generation=  2 *Result=0.00024215  Best=0.00024215   Time=0.1  Run Time=767.9
FIRESTARTER_OPTIMIZE: Seed=0  Test=123  Generation=  3 *Result=0.00003052  Best=0.00003052   Time=0.1  Run Time=768.3
FIRESTARTER_OPTIMIZE: Seed=0  Test=123  Generation=  4  Result=0.00060868  Best=0.00003052   Time=0.1  Run Time=768.8
FIRESTARTER_OPTIMIZE: Seed=0  Test=123  Generation=  5  Result=0.00043463  Best=0.00003052   Time=0.1  Run Time=769.2
FIRESTARTER_OPTIMIZE: Seed=0  Test=123  Generation=  6 *Result=0.00001365  Best=0.00001365   Time=0.1  Run Time=769.7
FIRESTARTER_OPTIMIZE: Seed=0  Test=123  Generation=  7 *Result=0.00000041  Best=0.00000041   Time=0.1  Run Time=770.1
