CUDA devices = 1
Device 0: NVIDIA GeForce RTX 4090

variations = 1
samples = 15
instructions = 32
registers = 30
opcodes = 2
patternOpcodes = 4

targetMin = 0.000000f
targetMax = 6.283185f
target = 0.000001f

mode = FIRESTARTER_OPTIMIZE
evolveSeed = 0
optimizeSeed = 0
tests = 256
streams = 1
units = 1
states = 1
generations = 0
population = 65536
iterations = 64
passes = 512
candidates = 16
attempts = 0
optimize = 1

scale = 0.100000f
startScale = 2.500000f
startResult = 10.000000f

FIRESTARTER_OPTIMIZE: Seed=0  Test=66  Generation=  2 *Result=0.00110043  Best=0.00110043   Time=0.1  Run Time=411.8
FIRESTARTER_OPTIMIZE: Seed=0  Test=66  Generation=  3 *Result=0.00000190  Best=0.00000190   Time=0.1  Run Time=412.2
FIRESTARTER_OPTIMIZE: Seed=0  Test=66  Generation=  4  Result=0.00061699  Best=0.00000190   Time=0.1  Run Time=412.6
FIRESTARTER_OPTIMIZE: Seed=0  Test=66  Generation=  5  Result=0.00198113  Best=0.00000190   Time=0.1  Run Time=413.1
FIRESTARTER_OPTIMIZE: Seed=0  Test=66  Generation=  6  Result=0.00005760  Best=0.00000190   Time=0.1  Run Time=413.5
FIRESTARTER_OPTIMIZE: Seed=0  Test=66  Generation=  7  Result=0.00009018  Best=0.00000190   Time=0.1  Run Time=414.0
FIRESTARTER_OPTIMIZE: Seed=0  Test=66  Generation=  8  Result=0.00021561  Best=0.00000190   Time=0.1  Run Time=414.4
FIRESTARTER_OPTIMIZE: Seed=0  Test=66  Generation=  9  Result=0.00079805  Best=0.00000190   Time=0.1  Run Time=414.9
FIRESTARTER_OPTIMIZE: Seed=0  Test=66  Generation= 10 *Result=0.00000066  Best=0.00000066   Time=0.1  Run Time=415.3
