CUDA devices = 1
Device 0: NVIDIA GeForce RTX 4090

variations = 1
samples = 15
instructions = 32
registers = 30
opcodes = 2
patternOpcodes = 4

targetMin = 0.000000f
targetMax = 6.283185f
target = 0.000001f

mode = FIRESTARTER_OPTIMIZE
evolveSeed = 0
optimizeSeed = 0
tests = 256
streams = 1
units = 1
states = 1
generations = 0
population = 65536
iterations = 64
passes = 512
candidates = 16
attempts = 0
optimize = 1

scale = 0.200000f
startScale = 2.500000f
startResult = 10.000000f

FIRESTARTER_OPTIMIZE: Seed=0  Test=77  Generation=  2 *Result=0.00000843  Best=0.00000843   Time=0.1  Run Time=341.0
FIRESTARTER_OPTIMIZE: Seed=0  Test=77  Generation=  3  Result=0.00259465  Best=0.00000843   Time=0.1  Run Time=341.5
FIRESTARTER_OPTIMIZE: Seed=0  Test=77  Generation=  4  Result=0.00005273  Best=0.00000843   Time=0.1  Run Time=341.9
FIRESTARTER_OPTIMIZE: Seed=0  Test=77  Generation=  5  Result=0.00023162  Best=0.00000843   Time=0.1  Run Time=342.4
FIRESTARTER_OPTIMIZE: Seed=0  Test=77  Generation=  6  Result=0.00017142  Best=0.00000843   Time=0.1  Run Time=342.8
FIRESTARTER_OPTIMIZE: Seed=0  Test=77  Generation=  7  Result=0.00001895  Best=0.00000843   Time=0.1  Run Time=343.3
FIRESTARTER_OPTIMIZE: Seed=0  Test=77  Generation=  8 *Result=0.00000010  Best=0.00000010   Time=0.1  Run Time=343.7
