CUDA devices = 1
Device 0: NVIDIA GeForce RTX 4090

variations = 1
samples = 15
instructions = 28
registers = 28
opcodes = 2
patternOpcodes = 4

targetMin = 0.000000f
targetMax = 6.283185f
target = 0.000001f

mode = FIRESTARTER_OPTIMIZE
evolveSeed = 0
optimizeSeed = 0
tests = 256
streams = 1
units = 1
states = 1
generations = 0
population = 65536
iterations = 64
passes = 512
candidates = 16
attempts = 0
optimize = 1

scale = 0.300000f
startScale = 2.500000f
startResult = 10.000000f

FIRESTARTER_OPTIMIZE: Seed=0  Test=176  Generation=  2 *Result=0.00018229  Best=0.00018229   Time=0.1  Run Time=650.0
FIRESTARTER_OPTIMIZE: Seed=0  Test=176  Generation=  3 *Result=0.00001326  Best=0.00001326   Time=0.1  Run Time=650.4
FIRESTARTER_OPTIMIZE: Seed=0  Test=176  Generation=  4  Result=0.00018228  Best=0.00001326   Time=0.1  Run Time=650.8
FIRESTARTER_OPTIMIZE: Seed=0  Test=176  Generation=  5  Result=0.00002100  Best=0.00001326   Time=0.1  Run Time=651.3
FIRESTARTER_OPTIMIZE: Seed=0  Test=176  Generation=  6  Result=0.00018227  Best=0.00001326   Time=0.1  Run Time=651.7
FIRESTARTER_OPTIMIZE: Seed=0  Test=176  Generation=  7  Result=0.00024090  Best=0.00001326   Time=0.1  Run Time=652.1
FIRESTARTER_OPTIMIZE: Seed=0  Test=176  Generation=  8  Result=0.00018236  Best=0.00001326   Time=0.1  Run Time=652.5
FIRESTARTER_OPTIMIZE: Seed=0  Test=176  Generation=  9  Result=0.00002179  Best=0.00001326   Time=0.1  Run Time=653.0
FIRESTARTER_OPTIMIZE: Seed=0  Test=176  Generation= 10 *Result=0.00000085  Best=0.00000085   Time=0.1  Run Time=653.4
