CUDA devices = 1
Device 0: NVIDIA GeForce RTX 4090

variations = 1
samples = 15
instructions = 32
registers = 30
opcodes = 2
patternOpcodes = 4

targetMin = 0.000000f
targetMax = 6.283185f
target = 0.000001f

mode = FIRESTARTER_OPTIMIZE
evolveSeed = 0
optimizeSeed = 0
tests = 256
streams = 1
units = 1
states = 1
generations = 0
population = 65536
iterations = 64
passes = 512
candidates = 16
attempts = 0
optimize = 1

scale = 0.100000f
startScale = 4.000000f
startResult = 10.000000f

FIRESTARTER_OPTIMIZE: Seed=0  Test=67  Generation=  2 *Result=0.00030545  Best=0.00030545   Time=0.1  Run Time=541.9
FIRESTARTER_OPTIMIZE: Seed=0  Test=67  Generation=  3  Result=0.00099582  Best=0.00030545   Time=0.1  Run Time=542.3
FIRESTARTER_OPTIMIZE: Seed=0  Test=67  Generation=  4  Result=0.00063755  Best=0.00030545   Time=0.1  Run Time=542.8
FIRESTARTER_OPTIMIZE: Seed=0  Test=67  Generation=  5  Result=0.00133585  Best=0.00030545   Time=0.1  Run Time=543.3
FIRESTARTER_OPTIMIZE: Seed=0  Test=67  Generation=  6  Result=0.00614666  Best=0.00030545   Time=0.1  Run Time=543.7
FIRESTARTER_OPTIMIZE: Seed=0  Test=67  Generation=  7 *Result=0.00006486  Best=0.00006486   Time=0.1  Run Time=544.2
FIRESTARTER_OPTIMIZE: Seed=0  Test=67  Generation=  8  Result=0.00091171  Best=0.00006486   Time=0.1  Run Time=544.7
FIRESTARTER_OPTIMIZE: Seed=0  Test=67  Generation=  9 *Result=0.00001148  Best=0.00001148   Time=0.1  Run Time=545.1
FIRESTARTER_OPTIMIZE: Seed=0  Test=67  Generation= 10  Result=0.00177756  Best=0.00001148   Time=0.1  Run Time=545.6
FIRESTARTER_OPTIMIZE: Seed=0  Test=67  Generation= 11  Result=0.00011539  Best=0.00001148   Time=0.1  Run Time=546.1
FIRESTARTER_OPTIMIZE: Seed=0  Test=67  Generation= 12 *Result=0.00000015  Best=0.00000015   Time=0.1  Run Time=546.6
