CUDA devices = 1
Device 0: NVIDIA GeForce RTX 4090

variations = 1
samples = 15
instructions = 32
registers = 30
opcodes = 2
patternOpcodes = 4

targetMin = 0.000000f
targetMax = 6.283185f
target = 0.000001f

mode = FIRESTARTER_OPTIMIZE
evolveSeed = 123
optimizeSeed = 123
tests = 256
streams = 1
units = 1
states = 1
generations = 0
population = 65536
iterations = 64
passes = 512
candidates = 16
attempts = 0
optimize = 1

scale = 0.300000f
startScale = 2.500000f
startResult = 10.000000f

FIRESTARTER_OPTIMIZE: Seed=123  Test=15  Generation=  2 *Result=0.00032890  Best=0.00032890   Time=0.1  Run Time=46.4
FIRESTARTER_OPTIMIZE: Seed=123  Test=15  Generation=  3  Result=0.00224344  Best=0.00032890   Time=0.1  Run Time=46.8
FIRESTARTER_OPTIMIZE: Seed=123  Test=15  Generation=  4 *Result=0.00000235  Best=0.00000235   Time=0.1  Run Time=47.2
FIRESTARTER_OPTIMIZE: Seed=123  Test=15  Generation=  5  Result=0.00000360  Best=0.00000235   Time=0.1  Run Time=47.7
FIRESTARTER_OPTIMIZE: Seed=123  Test=15  Generation=  6  Result=0.00000911  Best=0.00000235   Time=0.1  Run Time=48.1
FIRESTARTER_OPTIMIZE: Seed=123  Test=15  Generation=  7  Result=0.00006229  Best=0.00000235   Time=0.1  Run Time=48.5
FIRESTARTER_OPTIMIZE: Seed=123  Test=15  Generation=  8 *Result=0.00000014  Best=0.00000014   Time=0.1  Run Time=49.0
