CUDA devices = 1
Device 0: NVIDIA GeForce RTX 4090

variations = 1
samples = 15
instructions = 32
registers = 30
opcodes = 2
patternOpcodes = 4

targetMin = 0.000000f
targetMax = 6.283185f
target = 0.000001f

mode = FIRESTARTER_OPTIMIZE
evolveSeed = 0
optimizeSeed = 0
tests = 256
streams = 1
units = 1
states = 1
generations = 0
population = 65536
iterations = 64
passes = 512
candidates = 16
attempts = 0
optimize = 1

scale = 0.150000f
startScale = 2.500000f
startResult = 10.000000f

FIRESTARTER_OPTIMIZE: Seed=0  Test=166  Generation=  2 *Result=0.00000140  Best=0.00000140   Time=0.1  Run Time=759.5
FIRESTARTER_OPTIMIZE: Seed=0  Test=166  Generation=  3  Result=0.00036200  Best=0.00000140   Time=0.1  Run Time=760.0
FIRESTARTER_OPTIMIZE: Seed=0  Test=166  Generation=  4  Result=0.00038299  Best=0.00000140   Time=0.1  Run Time=760.4
FIRESTARTER_OPTIMIZE: Seed=0  Test=166  Generation=  5  Result=0.00614643  Best=0.00000140   Time=0.1  Run Time=760.9
FIRESTARTER_OPTIMIZE: Seed=0  Test=166  Generation=  6  Result=0.00010894  Best=0.00000140   Time=0.1  Run Time=761.4
FIRESTARTER_OPTIMIZE: Seed=0  Test=166  Generation=  7  Result=0.00018213  Best=0.00000140   Time=0.1  Run Time=761.8
FIRESTARTER_OPTIMIZE: Seed=0  Test=166  Generation=  8  Result=0.00614995  Best=0.00000140   Time=0.1  Run Time=762.3
FIRESTARTER_OPTIMIZE: Seed=0  Test=166  Generation=  9  Result=0.00046936  Best=0.00000140   Time=0.1  Run Time=762.8
FIRESTARTER_OPTIMIZE: Seed=0  Test=166  Generation= 10 *Result=0.00000048  Best=0.00000048   Time=0.1  Run Time=763.3
