CUDA devices = 1
Device 0: NVIDIA GeForce RTX 4090

variations = 1
instructions = 32
registers = 30
opcodes = 2
patternOpcodes = 4

targetMin = 0.000000f
targetMax = 6.283185f
target = 0.000001f

mode = FIRESTARTER_OPTIMIZE
evolveSeed = 0
optimizeSeed = 0
tests = 256
streams = 1
units = 1
states = 1
generations = 0
population = 65536
passes = 512
attempts = 0
optimize = 1

scale = 0.300000f
startScale = 2.500000f
startResult = 10.000000f

FIRESTARTER_OPTIMIZE: Seed=0  Test=224  Generation=  2 *Result=0.00012295  Best=0.00012295   Time=0.1  Run Time=609.6
FIRESTARTER_OPTIMIZE: Seed=0  Test=224  Generation=  3 *Result=0.00003779  Best=0.00003779   Time=0.1  Run Time=609.9
FIRESTARTER_OPTIMIZE: Seed=0  Test=224  Generation=  4 *Result=0.00001631  Best=0.00001631   Time=0.1  Run Time=610.3
FIRESTARTER_OPTIMIZE: Seed=0  Test=224  Generation=  5 *Result=0.00000129  Best=0.00000129   Time=0.1  Run Time=610.7
FIRESTARTER_OPTIMIZE: Seed=0  Test=224  Generation=  6  Result=0.00000787  Best=0.00000129   Time=0.1  Run Time=611.1
FIRESTARTER_OPTIMIZE: Seed=0  Test=224  Generation=  7  Result=0.00018212  Best=0.00000129   Time=0.1  Run Time=611.4
FIRESTARTER_OPTIMIZE: Seed=0  Test=224  Generation=  8  Result=0.00012237  Best=0.00000129   Time=0.1  Run Time=611.8
FIRESTARTER_OPTIMIZE: Seed=0  Test=224  Generation=  9  Result=0.00018498  Best=0.00000129   Time=0.1  Run Time=612.2
FIRESTARTER_OPTIMIZE: Seed=0  Test=224  Generation= 10 *Result=0.00000010  Best=0.00000010   Time=0.1  Run Time=612.6
