CUDA devices = 1
Device 0: NVIDIA GeForce RTX 4090

variations = 1
instructions = 32
registers = 30
opcodes = 2
patternOpcodes = 4

targetMin = 0.000000f
targetMax = 6.283185f
target = 0.000001f

mode = FIRESTARTER_OPTIMIZE
evolveSeed = 1
optimizeSeed = 1
tests = 256
streams = 1
units = 1
states = 1
generations = 0
population = 49152
passes = 384
attempts = 0
optimize = 1

scale = 0.300000f
startScale = 2.500000f
startResult = 10.000000f

FIRESTARTER_OPTIMIZE: Seed=1  Test=251  Generation=  2 *Result=0.00143276  Best=0.00143276   Time=0.1  Run Time=733.4
FIRESTARTER_OPTIMIZE: Seed=1  Test=251  Generation=  3 *Result=0.00053820  Best=0.00053820   Time=0.1  Run Time=733.7
FIRESTARTER_OPTIMIZE: Seed=1  Test=251  Generation=  4  Result=0.00244177  Best=0.00053820   Time=0.1  Run Time=734.0
FIRESTARTER_OPTIMIZE: Seed=1  Test=251  Generation=  5 *Result=0.00018662  Best=0.00018662   Time=0.1  Run Time=734.3
FIRESTARTER_OPTIMIZE: Seed=1  Test=251  Generation=  6 *Result=0.00005162  Best=0.00005162   Time=0.1  Run Time=734.6
FIRESTARTER_OPTIMIZE: Seed=1  Test=251  Generation=  7  Result=0.00032681  Best=0.00005162   Time=0.1  Run Time=734.9
FIRESTARTER_OPTIMIZE: Seed=1  Test=251  Generation=  8 *Result=0.00000953  Best=0.00000953   Time=0.1  Run Time=735.2
FIRESTARTER_OPTIMIZE: Seed=1  Test=251  Generation=  9 *Result=0.00000009  Best=0.00000009   Time=0.1  Run Time=735.6
