CUDA devices = 1
Device 0: NVIDIA GeForce RTX 4090

variations = 1
instructions = 32
registers = 30
opcodes = 2
patternOpcodes = 4

targetMin = 0.000000f
targetMax = 6.283185f
target = 0.000001f

mode = FIRESTARTER_OPTIMIZE
evolveSeed = 0
optimizeSeed = 0
tests = 256
streams = 1
units = 1
states = 1
generations = 0
population = 65536
passes = 512
attempts = 0
optimize = 1

scale = 0.300000f
startScale = 2.500000f
startResult = 10.000000f

FIRESTARTER_OPTIMIZE: Seed=0  Test=101  Generation=  2 *Result=0.00001967  Best=0.00001967   Time=0.1  Run Time=274.8
FIRESTARTER_OPTIMIZE: Seed=0  Test=101  Generation=  3 *Result=0.00001305  Best=0.00001305   Time=0.1  Run Time=275.2
FIRESTARTER_OPTIMIZE: Seed=0  Test=101  Generation=  4 *Result=0.00000276  Best=0.00000276   Time=0.1  Run Time=275.6
FIRESTARTER_OPTIMIZE: Seed=0  Test=101  Generation=  5  Result=0.00008368  Best=0.00000276   Time=0.1  Run Time=275.9
FIRESTARTER_OPTIMIZE: Seed=0  Test=101  Generation=  6 *Result=0.00000232  Best=0.00000232   Time=0.1  Run Time=276.3
FIRESTARTER_OPTIMIZE: Seed=0  Test=101  Generation=  7 *Result=0.00000020  Best=0.00000020   Time=0.1  Run Time=276.7
