CUDA devices = 1
Device 0: NVIDIA GeForce RTX 4090

variations = 1
instructions = 32
registers = 30
opcodes = 2
patternOpcodes = 4

targetMin = 0.000000f
targetMax = 6.283185f
target = 0.000001f

mode = FIRESTARTER_OPTIMIZE
evolveSeed = 0
optimizeSeed = 0
tests = 256
streams = 1
units = 1
states = 1
generations = 0
population = 49152
passes = 512
attempts = 0
optimize = 1

scale = 0.300000f
startScale = 2.500000f
startResult = 10.000000f

FIRESTARTER_OPTIMIZE: Seed=0  Test=47  Generation=  2 *Result=0.00015585  Best=0.00015585   Time=0.1  Run Time=113.8
FIRESTARTER_OPTIMIZE: Seed=0  Test=47  Generation=  3  Result=0.00026962  Best=0.00015585   Time=0.1  Run Time=114.2
FIRESTARTER_OPTIMIZE: Seed=0  Test=47  Generation=  4  Result=0.00614017  Best=0.00015585   Time=0.1  Run Time=114.5
FIRESTARTER_OPTIMIZE: Seed=0  Test=47  Generation=  5 *Result=0.00004220  Best=0.00004220   Time=0.1  Run Time=114.8
FIRESTARTER_OPTIMIZE: Seed=0  Test=47  Generation=  6  Result=0.00020211  Best=0.00004220   Time=0.1  Run Time=115.2
FIRESTARTER_OPTIMIZE: Seed=0  Test=47  Generation=  7  Result=0.00150540  Best=0.00004220   Time=0.1  Run Time=115.5
FIRESTARTER_OPTIMIZE: Seed=0  Test=47  Generation=  8 *Result=0.00000036  Best=0.00000036   Time=0.1  Run Time=115.9
