CUDA devices = 1
Device 0: NVIDIA GeForce RTX 4090

variations = 1
instructions = 32
registers = 30
opcodes = 2
patternOpcodes = 4

targetMin = 0.000000f
targetMax = 6.283185f
target = 0.000001f

mode = FIRESTARTER_OPTIMIZE
evolveSeed = 0
optimizeSeed = 0
tests = 256
streams = 1
units = 1
states = 1
generations = 0
population = 65536
passes = 384
attempts = 0
optimize = 1

scale = 0.300000f
startScale = 2.500000f
startResult = 10.000000f

FIRESTARTER_OPTIMIZE: Seed=0  Test=80  Generation=  2 *Result=0.00118004  Best=0.00118004   Time=0.1  Run Time=206.1
FIRESTARTER_OPTIMIZE: Seed=0  Test=80  Generation=  3 *Result=0.00019276  Best=0.00019276   Time=0.1  Run Time=206.4
FIRESTARTER_OPTIMIZE: Seed=0  Test=80  Generation=  4 *Result=0.00001261  Best=0.00001261   Time=0.1  Run Time=206.7
FIRESTARTER_OPTIMIZE: Seed=0  Test=80  Generation=  5  Result=0.00018243  Best=0.00001261   Time=0.1  Run Time=207.0
FIRESTARTER_OPTIMIZE: Seed=0  Test=80  Generation=  6 *Result=0.00000103  Best=0.00000103   Time=0.1  Run Time=207.4
FIRESTARTER_OPTIMIZE: Seed=0  Test=80  Generation=  7  Result=0.00042069  Best=0.00000103   Time=0.1  Run Time=207.7
FIRESTARTER_OPTIMIZE: Seed=0  Test=80  Generation=  8  Result=0.00032346  Best=0.00000103   Time=0.1  Run Time=208.0
FIRESTARTER_OPTIMIZE: Seed=0  Test=80  Generation=  9  Result=0.00000912  Best=0.00000103   Time=0.1  Run Time=208.3
FIRESTARTER_OPTIMIZE: Seed=0  Test=80  Generation= 10 *Result=0.00000063  Best=0.00000063   Time=0.1  Run Time=208.6
