CUDA devices = 1
Device 0: NVIDIA GeForce RTX 4090

variations = 1
samples = 15
instructions = 28
registers = 28
opcodes = 2
patternOpcodes = 4

targetMin = 0.000000f
targetMax = 6.283185f
target = 0.000001f

mode = FIRESTARTER_OPTIMIZE
evolveSeed = 0
optimizeSeed = 0
tests = 256
streams = 1
units = 1
states = 1
generations = 0
population = 65536
iterations = 64
passes = 512
candidates = 16
attempts = 0
optimize = 1

scale = 0.300000f
startScale = 2.500000f
startResult = 10.000000f

FIRESTARTER_OPTIMIZE: Seed=0  Test=161  Generation=  2 *Result=0.00128704  Best=0.00128704   Time=0.1  Run Time=581.7
FIRESTARTER_OPTIMIZE: Seed=0  Test=161  Generation=  3 *Result=0.00001463  Best=0.00001463   Time=0.1  Run Time=582.1
FIRESTARTER_OPTIMIZE: Seed=0  Test=161  Generation=  4  Result=0.00143290  Best=0.00001463   Time=0.1  Run Time=582.5
FIRESTARTER_OPTIMIZE: Seed=0  Test=161  Generation=  5  Result=0.00018255  Best=0.00001463   Time=0.1  Run Time=582.9
FIRESTARTER_OPTIMIZE: Seed=0  Test=161  Generation=  6  Result=0.00006237  Best=0.00001463   Time=0.1  Run Time=583.4
FIRESTARTER_OPTIMIZE: Seed=0  Test=161  Generation=  7  Result=0.00278768  Best=0.00001463   Time=0.1  Run Time=583.8
FIRESTARTER_OPTIMIZE: Seed=0  Test=161  Generation=  8  Result=0.00064254  Best=0.00001463   Time=0.1  Run Time=584.2
FIRESTARTER_OPTIMIZE: Seed=0  Test=161  Generation=  9 *Result=0.00000179  Best=0.00000179   Time=0.1  Run Time=584.6
FIRESTARTER_OPTIMIZE: Seed=0  Test=161  Generation= 10 *Result=0.00000097  Best=0.00000097   Time=0.1  Run Time=585.0
