CUDA devices = 1
Device 0: NVIDIA GeForce RTX 4090

variations = 1
samples = 15
instructions = 32
registers = 30
opcodes = 2
patternOpcodes = 4

targetMin = 0.000000f
targetMax = 6.283185f
target = 0.000001f

mode = FIRESTARTER_OPTIMIZE
evolveSeed = 0
optimizeSeed = 0
tests = 256
streams = 1
units = 1
states = 1
generations = 0
population = 65536
iterations = 64
passes = 512
candidates = 16
attempts = 0
optimize = 1

scale = 0.300000f
startScale = 2.500000f
startResult = 10.000000f

FIRESTARTER_OPTIMIZE: Seed=0  Test=148  Generation=  2 *Result=0.00018230  Best=0.00018230   Time=0.1  Run Time=434.1
FIRESTARTER_OPTIMIZE: Seed=0  Test=148  Generation=  3  Result=0.00026834  Best=0.00018230   Time=0.1  Run Time=434.5
FIRESTARTER_OPTIMIZE: Seed=0  Test=148  Generation=  4 *Result=0.00006962  Best=0.00006962   Time=0.1  Run Time=434.9
FIRESTARTER_OPTIMIZE: Seed=0  Test=148  Generation=  5  Result=0.00010166  Best=0.00006962   Time=0.1  Run Time=435.3
FIRESTARTER_OPTIMIZE: Seed=0  Test=148  Generation=  6 *Result=0.00001438  Best=0.00001438   Time=0.1  Run Time=435.6
FIRESTARTER_OPTIMIZE: Seed=0  Test=148  Generation=  7 *Result=0.00000218  Best=0.00000218   Time=0.1  Run Time=436.0
FIRESTARTER_OPTIMIZE: Seed=0  Test=148  Generation=  8  Result=0.00021389  Best=0.00000218   Time=0.1  Run Time=436.4
FIRESTARTER_OPTIMIZE: Seed=0  Test=148  Generation=  9  Result=0.00003899  Best=0.00000218   Time=0.1  Run Time=436.9
FIRESTARTER_OPTIMIZE: Seed=0  Test=148  Generation= 10  Result=0.00018829  Best=0.00000218   Time=0.1  Run Time=437.4
FIRESTARTER_OPTIMIZE: Seed=0  Test=148  Generation= 11 *Result=0.00000011  Best=0.00000011   Time=0.1  Run Time=437.8
