CUDA devices = 1
Device 0: NVIDIA GeForce RTX 4090

variations = 1
instructions = 32
registers = 30
opcodes = 2
patternOpcodes = 4

targetMin = 0.000000f
targetMax = 6.283185f
target = 0.000001f

mode = FIRESTARTER_OPTIMIZE
evolveSeed = 1
optimizeSeed = 1
tests = 256
streams = 1
units = 1
states = 1
generations = 0
population = 49152
passes = 512
attempts = 0
optimize = 1

scale = 0.300000f
startScale = 2.500000f
startResult = 10.000000f

FIRESTARTER_OPTIMIZE: Seed=1  Test=240  Generation=  2 *Result=0.00032169  Best=0.00032169   Time=0.1  Run Time=700.0
FIRESTARTER_OPTIMIZE: Seed=1  Test=240  Generation=  3  Result=0.00159703  Best=0.00032169   Time=0.1  Run Time=700.3
FIRESTARTER_OPTIMIZE: Seed=1  Test=240  Generation=  4 *Result=0.00005305  Best=0.00005305   Time=0.1  Run Time=700.7
FIRESTARTER_OPTIMIZE: Seed=1  Test=240  Generation=  5  Result=0.00145191  Best=0.00005305   Time=0.1  Run Time=701.1
FIRESTARTER_OPTIMIZE: Seed=1  Test=240  Generation=  6 *Result=0.00002059  Best=0.00002059   Time=0.1  Run Time=701.4
FIRESTARTER_OPTIMIZE: Seed=1  Test=240  Generation=  7  Result=0.00018260  Best=0.00002059   Time=0.1  Run Time=701.8
FIRESTARTER_OPTIMIZE: Seed=1  Test=240  Generation=  8  Result=0.00006913  Best=0.00002059   Time=0.1  Run Time=702.2
FIRESTARTER_OPTIMIZE: Seed=1  Test=240  Generation=  9  Result=0.00095809  Best=0.00002059   Time=0.1  Run Time=702.5
FIRESTARTER_OPTIMIZE: Seed=1  Test=240  Generation= 10 *Result=0.00000040  Best=0.00000040   Time=0.1  Run Time=702.9
