CUDA devices = 1
Device 0: NVIDIA GeForce RTX 4090

variations = 1
instructions = 32
registers = 30
opcodes = 2
patternOpcodes = 4

targetMin = 0.000000f
targetMax = 6.283185f
target = 0.000001f

mode = FIRESTARTER_OPTIMIZE
evolveSeed = 0
optimizeSeed = 0
tests = 256
streams = 1
units = 1
states = 1
generations = 0
population = 32768
passes = 512
attempts = 0
optimize = 1

scale = 0.300000f
startScale = 2.500000f
startResult = 10.000000f

FIRESTARTER_OPTIMIZE: Seed=0  Test=254  Generation=  2 *Result=0.00191092  Best=0.00191092   Time=0.1  Run Time=799.3
FIRESTARTER_OPTIMIZE: Seed=0  Test=254  Generation=  3 *Result=0.00174955  Best=0.00174955   Time=0.1  Run Time=799.6
FIRESTARTER_OPTIMIZE: Seed=0  Test=254  Generation=  4 *Result=0.00001143  Best=0.00001143   Time=0.1  Run Time=799.9
FIRESTARTER_OPTIMIZE: Seed=0  Test=254  Generation=  5  Result=0.00273154  Best=0.00001143   Time=0.1  Run Time=800.2
FIRESTARTER_OPTIMIZE: Seed=0  Test=254  Generation=  6 *Result=0.00000075  Best=0.00000075   Time=0.1  Run Time=800.5
