CUDA devices = 1
Device 0: NVIDIA GeForce RTX 4090

variations = 1
instructions = 32
registers = 30
opcodes = 2
patternOpcodes = 4

targetMin = 0.000000f
targetMax = 6.283185f
target = 0.000001f

mode = FIRESTARTER_OPTIMIZE
evolveSeed = 0
optimizeSeed = 0
tests = 256
streams = 1
units = 1
states = 1
generations = 0
population = 49152
passes = 512
attempts = 0
optimize = 1

scale = 0.300000f
startScale = 2.500000f
startResult = 10.000000f

FIRESTARTER_OPTIMIZE: Seed=0  Test=55  Generation=  2 *Result=0.00018704  Best=0.00018704   Time=0.1  Run Time=138.9
FIRESTARTER_OPTIMIZE: Seed=0  Test=55  Generation=  3  Result=0.00046214  Best=0.00018704   Time=0.1  Run Time=139.2
FIRESTARTER_OPTIMIZE: Seed=0  Test=55  Generation=  4 *Result=0.00015163  Best=0.00015163   Time=0.1  Run Time=139.6
FIRESTARTER_OPTIMIZE: Seed=0  Test=55  Generation=  5  Result=0.00160862  Best=0.00015163   Time=0.1  Run Time=139.9
FIRESTARTER_OPTIMIZE: Seed=0  Test=55  Generation=  6  Result=0.00057983  Best=0.00015163   Time=0.1  Run Time=140.3
FIRESTARTER_OPTIMIZE: Seed=0  Test=55  Generation=  7 *Result=0.00004941  Best=0.00004941   Time=0.1  Run Time=140.6
FIRESTARTER_OPTIMIZE: Seed=0  Test=55  Generation=  8 *Result=0.00000703  Best=0.00000703   Time=0.1  Run Time=141.0
FIRESTARTER_OPTIMIZE: Seed=0  Test=55  Generation=  9 *Result=0.00000011  Best=0.00000011   Time=0.1  Run Time=141.3
