CUDA devices = 1
Device 0: NVIDIA GeForce RTX 4090

variations = 1
instructions = 32
registers = 30
opcodes = 2
patternOpcodes = 4

targetMin = 0.000000f
targetMax = 6.283185f
target = 0.000001f

mode = FIRESTARTER_OPTIMIZE
evolveSeed = 1
optimizeSeed = 1
tests = 256
streams = 1
units = 1
states = 1
generations = 0
population = 65536
passes = 512
attempts = 0
optimize = 1

scale = 0.300000f
startScale = 2.500000f
startResult = 10.000000f

FIRESTARTER_OPTIMIZE: Seed=1  Test=162  Generation=  2 *Result=0.00064888  Best=0.00064888   Time=0.1  Run Time=459.7
FIRESTARTER_OPTIMIZE: Seed=1  Test=162  Generation=  3 *Result=0.00000246  Best=0.00000246   Time=0.1  Run Time=460.1
FIRESTARTER_OPTIMIZE: Seed=1  Test=162  Generation=  4  Result=0.00001542  Best=0.00000246   Time=0.1  Run Time=460.4
FIRESTARTER_OPTIMIZE: Seed=1  Test=162  Generation=  5 *Result=0.00000116  Best=0.00000116   Time=0.1  Run Time=460.8
FIRESTARTER_OPTIMIZE: Seed=1  Test=162  Generation=  6  Result=0.00001371  Best=0.00000116   Time=0.1  Run Time=461.2
FIRESTARTER_OPTIMIZE: Seed=1  Test=162  Generation=  7  Result=0.00005807  Best=0.00000116   Time=0.1  Run Time=461.6
FIRESTARTER_OPTIMIZE: Seed=1  Test=162  Generation=  8  Result=0.00006491  Best=0.00000116   Time=0.1  Run Time=462.0
FIRESTARTER_OPTIMIZE: Seed=1  Test=162  Generation=  9 *Result=0.00000100  Best=0.00000100   Time=0.1  Run Time=462.3
