CUDA devices = 1
Device 0: NVIDIA GeForce RTX 4090

variations = 1
instructions = 32
registers = 30
opcodes = 2
patternOpcodes = 4

targetMin = 0.000000f
targetMax = 6.283185f
target = 0.000001f

mode = FIRESTARTER_OPTIMIZE
evolveSeed = 1
optimizeSeed = 1
tests = 256
streams = 1
units = 1
states = 1
generations = 0
population = 49152
passes = 384
attempts = 0
optimize = 1

scale = 0.300000f
startScale = 2.500000f
startResult = 10.000000f

FIRESTARTER_OPTIMIZE: Seed=1  Test=146  Generation=  2 *Result=0.00000346  Best=0.00000346   Time=0.1  Run Time=428.7
FIRESTARTER_OPTIMIZE: Seed=1  Test=146  Generation=  3  Result=0.00013191  Best=0.00000346   Time=0.1  Run Time=429.0
FIRESTARTER_OPTIMIZE: Seed=1  Test=146  Generation=  4  Result=0.00005111  Best=0.00000346   Time=0.1  Run Time=429.3
FIRESTARTER_OPTIMIZE: Seed=1  Test=146  Generation=  5  Result=0.00052375  Best=0.00000346   Time=0.1  Run Time=429.7
FIRESTARTER_OPTIMIZE: Seed=1  Test=146  Generation=  6  Result=0.00150048  Best=0.00000346   Time=0.1  Run Time=430.0
FIRESTARTER_OPTIMIZE: Seed=1  Test=146  Generation=  7  Result=0.00025382  Best=0.00000346   Time=0.1  Run Time=430.4
FIRESTARTER_OPTIMIZE: Seed=1  Test=146  Generation=  8  Result=0.00312446  Best=0.00000346   Time=0.1  Run Time=430.7
FIRESTARTER_OPTIMIZE: Seed=1  Test=146  Generation=  9  Result=0.00005324  Best=0.00000346   Time=0.1  Run Time=431.0
FIRESTARTER_OPTIMIZE: Seed=1  Test=146  Generation= 10  Result=0.00026190  Best=0.00000346   Time=0.1  Run Time=431.3
FIRESTARTER_OPTIMIZE: Seed=1  Test=146  Generation= 11  Result=0.00247154  Best=0.00000346   Time=0.1  Run Time=431.7
FIRESTARTER_OPTIMIZE: Seed=1  Test=146  Generation= 12 *Result=0.00000015  Best=0.00000015   Time=0.1  Run Time=432.0
