CUDA devices = 1
Device 0: NVIDIA GeForce RTX 4090

variations = 1
instructions = 32
registers = 30
opcodes = 2
patternOpcodes = 4

targetMin = 0.000000f
targetMax = 6.283185f
target = 0.000001f

mode = FIRESTARTER_OPTIMIZE
evolveSeed = 1
optimizeSeed = 1
tests = 256
streams = 1
units = 1
states = 1
generations = 0
population = 65536
passes = 512
attempts = 0
optimize = 1

scale = 0.300000f
startScale = 2.500000f
startResult = 10.000000f

FIRESTARTER_OPTIMIZE: Seed=1  Test=137  Generation=  2 *Result=0.00002462  Best=0.00002462   Time=0.1  Run Time=474.3
FIRESTARTER_OPTIMIZE: Seed=1  Test=137  Generation=  3 *Result=0.00000202  Best=0.00000202   Time=0.1  Run Time=474.7
FIRESTARTER_OPTIMIZE: Seed=1  Test=137  Generation=  4  Result=0.00001446  Best=0.00000202   Time=0.1  Run Time=475.0
FIRESTARTER_OPTIMIZE: Seed=1  Test=137  Generation=  5  Result=0.00038892  Best=0.00000202   Time=0.1  Run Time=475.4
FIRESTARTER_OPTIMIZE: Seed=1  Test=137  Generation=  6  Result=0.00002568  Best=0.00000202   Time=0.1  Run Time=475.8
FIRESTARTER_OPTIMIZE: Seed=1  Test=137  Generation=  7  Result=0.00011930  Best=0.00000202   Time=0.1  Run Time=476.1
FIRESTARTER_OPTIMIZE: Seed=1  Test=137  Generation=  8  Result=0.00009603  Best=0.00000202   Time=0.1  Run Time=476.5
FIRESTARTER_OPTIMIZE: Seed=1  Test=137  Generation=  9 *Result=0.00000187  Best=0.00000187   Time=0.1  Run Time=476.9
FIRESTARTER_OPTIMIZE: Seed=1  Test=137  Generation= 10  Result=0.00000426  Best=0.00000187   Time=0.1  Run Time=477.2
FIRESTARTER_OPTIMIZE: Seed=1  Test=137  Generation= 11  Result=0.00000678  Best=0.00000187   Time=0.1  Run Time=477.6
FIRESTARTER_OPTIMIZE: Seed=1  Test=137  Generation= 12 *Result=0.00000015  Best=0.00000015   Time=0.1  Run Time=478.0
