CUDA devices = 1
Device 0: NVIDIA GeForce RTX 4090

variations = 1
instructions = 32
registers = 30
opcodes = 2
patternOpcodes = 4

targetMin = 0.000000f
targetMax = 6.283185f
target = 0.000001f

mode = FIRESTARTER_OPTIMIZE
evolveSeed = 2
optimizeSeed = 2
tests = 256
streams = 1
units = 1
states = 1
generations = 0
population = 65536
passes = 384
attempts = 0
optimize = 1

scale = 0.300000f
startScale = 2.500000f
startResult = 10.000000f

FIRESTARTER_OPTIMIZE: Seed=2  Test=124  Generation=  2 *Result=0.00021196  Best=0.00021196   Time=0.1  Run Time=297.3
FIRESTARTER_OPTIMIZE: Seed=2  Test=124  Generation=  3 *Result=0.00013766  Best=0.00013766   Time=0.1  Run Time=297.6
FIRESTARTER_OPTIMIZE: Seed=2  Test=124  Generation=  4 *Result=0.00001243  Best=0.00001243   Time=0.1  Run Time=297.9
FIRESTARTER_OPTIMIZE: Seed=2  Test=124  Generation=  5  Result=0.00035992  Best=0.00001243   Time=0.1  Run Time=298.2
FIRESTARTER_OPTIMIZE: Seed=2  Test=124  Generation=  6  Result=0.00018853  Best=0.00001243   Time=0.1  Run Time=298.5
FIRESTARTER_OPTIMIZE: Seed=2  Test=124  Generation=  7  Result=0.00013162  Best=0.00001243   Time=0.1  Run Time=298.8
FIRESTARTER_OPTIMIZE: Seed=2  Test=124  Generation=  8  Result=0.00030631  Best=0.00001243   Time=0.1  Run Time=299.1
FIRESTARTER_OPTIMIZE: Seed=2  Test=124  Generation=  9  Result=0.00031110  Best=0.00001243   Time=0.1  Run Time=299.4
FIRESTARTER_OPTIMIZE: Seed=2  Test=124  Generation= 10 *Result=0.00000023  Best=0.00000023   Time=0.1  Run Time=299.7
