CUDA devices = 1
Device 0: NVIDIA GeForce RTX 4090

variations = 1
samples = 15
instructions = 32
registers = 30
opcodes = 2
patternOpcodes = 4

targetMin = 0.000000f
targetMax = 6.283185f
target = 0.000001f

mode = FIRESTARTER_OPTIMIZE
evolveSeed = 0
optimizeSeed = 0
tests = 256
streams = 1
units = 1
states = 1
generations = 0
population = 65536
iterations = 64
passes = 512
candidates = 16
attempts = 0
optimize = 1

scale = 0.300000f
startScale = 2.500000f
startResult = 10.000000f

FIRESTARTER_OPTIMIZE: Seed=0  Test=167  Generation=  2 *Result=0.00021788  Best=0.00021788   Time=0.1  Run Time=490.1
FIRESTARTER_OPTIMIZE: Seed=0  Test=167  Generation=  3 *Result=0.00004023  Best=0.00004023   Time=0.1  Run Time=490.5
FIRESTARTER_OPTIMIZE: Seed=0  Test=167  Generation=  4  Result=0.00004514  Best=0.00004023   Time=0.1  Run Time=490.8
FIRESTARTER_OPTIMIZE: Seed=0  Test=167  Generation=  5  Result=0.00008279  Best=0.00004023   Time=0.1  Run Time=491.2
FIRESTARTER_OPTIMIZE: Seed=0  Test=167  Generation=  6 *Result=0.00001675  Best=0.00001675   Time=0.1  Run Time=491.6
FIRESTARTER_OPTIMIZE: Seed=0  Test=167  Generation=  7  Result=0.00041008  Best=0.00001675   Time=0.1  Run Time=491.9
FIRESTARTER_OPTIMIZE: Seed=0  Test=167  Generation=  8  Result=0.00018233  Best=0.00001675   Time=0.1  Run Time=492.3
FIRESTARTER_OPTIMIZE: Seed=0  Test=167  Generation=  9  Result=0.00026226  Best=0.00001675   Time=0.1  Run Time=492.6
FIRESTARTER_OPTIMIZE: Seed=0  Test=167  Generation= 10  Result=0.00014615  Best=0.00001675   Time=0.1  Run Time=493.0
FIRESTARTER_OPTIMIZE: Seed=0  Test=167  Generation= 11  Result=0.00003723  Best=0.00001675   Time=0.1  Run Time=493.4
FIRESTARTER_OPTIMIZE: Seed=0  Test=167  Generation= 12  Result=0.00002122  Best=0.00001675   Time=0.1  Run Time=493.8
FIRESTARTER_OPTIMIZE: Seed=0  Test=167  Generation= 13  Result=0.00018081  Best=0.00001675   Time=0.1  Run Time=494.1
FIRESTARTER_OPTIMIZE: Seed=0  Test=167  Generation= 14 *Result=0.00000015  Best=0.00000015   Time=0.1  Run Time=494.5
