CUDA devices = 1
Device 0: NVIDIA GeForce RTX 4090

variations = 1
instructions = 32
registers = 30
opcodes = 2
patternOpcodes = 4

targetMin = 0.000000f
targetMax = 6.283185f
target = 0.000001f

mode = FIRESTARTER_OPTIMIZE
evolveSeed = 0
optimizeSeed = 0
tests = 256
streams = 1
units = 1
states = 1
generations = 0
population = 65536
passes = 512
attempts = 0
optimize = 1

scale = 0.300000f
startScale = 2.500000f
startResult = 10.000000f

FIRESTARTER_OPTIMIZE: Seed=0  Test=223  Generation=  2 *Result=0.00018575  Best=0.00018575   Time=0.1  Run Time=605.9
FIRESTARTER_OPTIMIZE: Seed=0  Test=223  Generation=  3 *Result=0.00018209  Best=0.00018209   Time=0.1  Run Time=606.3
FIRESTARTER_OPTIMIZE: Seed=0  Test=223  Generation=  4 *Result=0.00000243  Best=0.00000243   Time=0.1  Run Time=606.7
FIRESTARTER_OPTIMIZE: Seed=0  Test=223  Generation=  5  Result=0.00222216  Best=0.00000243   Time=0.1  Run Time=607.1
FIRESTARTER_OPTIMIZE: Seed=0  Test=223  Generation=  6  Result=0.00020565  Best=0.00000243   Time=0.1  Run Time=607.4
FIRESTARTER_OPTIMIZE: Seed=0  Test=223  Generation=  7  Result=0.00000691  Best=0.00000243   Time=0.1  Run Time=607.8
FIRESTARTER_OPTIMIZE: Seed=0  Test=223  Generation=  8  Result=0.00013884  Best=0.00000243   Time=0.1  Run Time=608.2
FIRESTARTER_OPTIMIZE: Seed=0  Test=223  Generation=  9 *Result=0.00000160  Best=0.00000160   Time=0.1  Run Time=608.5
FIRESTARTER_OPTIMIZE: Seed=0  Test=223  Generation= 10 *Result=0.00000035  Best=0.00000035   Time=0.1  Run Time=608.9
