CUDA devices = 1
Device 0: NVIDIA GeForce RTX 4090

variations = 1
instructions = 32
registers = 30
opcodes = 2
patternOpcodes = 4

targetMin = 0.000000f
targetMax = 6.283185f
target = 0.000001f

mode = FIRESTARTER_OPTIMIZE
evolveSeed = 0
optimizeSeed = 0
tests = 256
streams = 1
units = 1
states = 1
generations = 0
population = 49152
passes = 512
attempts = 0
optimize = 1

scale = 0.300000f
startScale = 2.500000f
startResult = 10.000000f

FIRESTARTER_OPTIMIZE: Seed=0  Test=113  Generation=  2 *Result=0.00001172  Best=0.00001172   Time=0.1  Run Time=303.3
FIRESTARTER_OPTIMIZE: Seed=0  Test=113  Generation=  3  Result=0.00009161  Best=0.00001172   Time=0.1  Run Time=303.6
FIRESTARTER_OPTIMIZE: Seed=0  Test=113  Generation=  4  Result=0.00003475  Best=0.00001172   Time=0.1  Run Time=304.0
FIRESTARTER_OPTIMIZE: Seed=0  Test=113  Generation=  5 *Result=0.00000030  Best=0.00000030   Time=0.1  Run Time=304.3
