CUDA devices = 1
Device 0: NVIDIA GeForce RTX 4090

variations = 1
instructions = 32
registers = 30
opcodes = 2
patternOpcodes = 4

targetMin = 0.000000f
targetMax = 6.283185f
target = 0.000001f

mode = FIRESTARTER_OPTIMIZE
evolveSeed = 2
optimizeSeed = 2
tests = 256
streams = 1
units = 1
states = 1
generations = 0
population = 65536
passes = 384
attempts = 0
optimize = 1

scale = 0.300000f
startScale = 2.500000f
startResult = 10.000000f

FIRESTARTER_OPTIMIZE: Seed=2  Test=250  Generation=  2 *Result=0.00000232  Best=0.00000232   Time=0.1  Run Time=619.4
FIRESTARTER_OPTIMIZE: Seed=2  Test=250  Generation=  3 *Result=0.00000229  Best=0.00000229   Time=0.1  Run Time=619.7
FIRESTARTER_OPTIMIZE: Seed=2  Test=250  Generation=  4  Result=0.00016483  Best=0.00000229   Time=0.1  Run Time=620.0
FIRESTARTER_OPTIMIZE: Seed=2  Test=250  Generation=  5  Result=0.00010202  Best=0.00000229   Time=0.1  Run Time=620.3
FIRESTARTER_OPTIMIZE: Seed=2  Test=250  Generation=  6  Result=0.00018436  Best=0.00000229   Time=0.1  Run Time=620.6
FIRESTARTER_OPTIMIZE: Seed=2  Test=250  Generation=  7  Result=0.00029594  Best=0.00000229   Time=0.1  Run Time=620.9
FIRESTARTER_OPTIMIZE: Seed=2  Test=250  Generation=  8  Result=0.00027254  Best=0.00000229   Time=0.1  Run Time=621.2
FIRESTARTER_OPTIMIZE: Seed=2  Test=250  Generation=  9  Result=0.00003117  Best=0.00000229   Time=0.1  Run Time=621.5
FIRESTARTER_OPTIMIZE: Seed=2  Test=250  Generation= 10  Result=0.00008482  Best=0.00000229   Time=0.1  Run Time=621.8
FIRESTARTER_OPTIMIZE: Seed=2  Test=250  Generation= 11  Result=0.00075352  Best=0.00000229   Time=0.1  Run Time=622.1
FIRESTARTER_OPTIMIZE: Seed=2  Test=250  Generation= 12 *Result=0.00000021  Best=0.00000021   Time=0.1  Run Time=622.4
