CUDA devices = 1
Device 0: NVIDIA GeForce RTX 4090

variations = 1
samples = 15
instructions = 32
registers = 30
opcodes = 2
patternOpcodes = 4

targetMin = 0.000000f
targetMax = 6.283185f
target = 0.000001f

mode = FIRESTARTER_OPTIMIZE
evolveSeed = 0
optimizeSeed = 0
tests = 256
streams = 1
units = 1
states = 1
generations = 0
population = 65536
iterations = 64
passes = 512
candidates = 16
attempts = 0
optimize = 1

scale = 0.300000f
startScale = 2.500000f
startResult = 10.000000f

FIRESTARTER_OPTIMIZE: Seed=0  Test=104  Generation=  2 *Result=0.00018255  Best=0.00018255   Time=0.1  Run Time=306.6
FIRESTARTER_OPTIMIZE: Seed=0  Test=104  Generation=  3 *Result=0.00001079  Best=0.00001079   Time=0.1  Run Time=307.0
FIRESTARTER_OPTIMIZE: Seed=0  Test=104  Generation=  4  Result=0.00019188  Best=0.00001079   Time=0.1  Run Time=307.4
FIRESTARTER_OPTIMIZE: Seed=0  Test=104  Generation=  5  Result=0.00614528  Best=0.00001079   Time=0.1  Run Time=307.9
FIRESTARTER_OPTIMIZE: Seed=0  Test=104  Generation=  6 *Result=0.00000185  Best=0.00000185   Time=0.1  Run Time=308.3
FIRESTARTER_OPTIMIZE: Seed=0  Test=104  Generation=  7  Result=0.00082505  Best=0.00000185   Time=0.1  Run Time=308.8
FIRESTARTER_OPTIMIZE: Seed=0  Test=104  Generation=  8  Result=0.00001097  Best=0.00000185   Time=0.1  Run Time=309.2
FIRESTARTER_OPTIMIZE: Seed=0  Test=104  Generation=  9  Result=0.00018272  Best=0.00000185   Time=0.1  Run Time=309.7
FIRESTARTER_OPTIMIZE: Seed=0  Test=104  Generation= 10  Result=0.00001682  Best=0.00000185   Time=0.1  Run Time=310.1
FIRESTARTER_OPTIMIZE: Seed=0  Test=104  Generation= 11 *Result=0.00000034  Best=0.00000034   Time=0.1  Run Time=310.6
