CUDA devices = 1
Device 0: NVIDIA GeForce RTX 4090

variations = 1
samples = 15
instructions = 32
registers = 30
opcodes = 2
patternOpcodes = 4

targetMin = 0.000000f
targetMax = 6.283185f
target = 0.000001f

mode = FIRESTARTER_OPTIMIZE
evolveSeed = 0
optimizeSeed = 0
tests = 256
streams = 1
units = 1
states = 1
generations = 0
population = 65536
iterations = 64
passes = 512
candidates = 16
attempts = 0
optimize = 1

scale = 0.300000f
startScale = 2.500000f
startResult = 10.000000f

FIRESTARTER_OPTIMIZE: Seed=0  Test=189  Generation=  2 *Result=0.00036430  Best=0.00036430   Time=0.1  Run Time=552.4
FIRESTARTER_OPTIMIZE: Seed=0  Test=189  Generation=  3  Result=0.00130993  Best=0.00036430   Time=0.1  Run Time=552.7
FIRESTARTER_OPTIMIZE: Seed=0  Test=189  Generation=  4 *Result=0.00017256  Best=0.00017256   Time=0.1  Run Time=553.1
FIRESTARTER_OPTIMIZE: Seed=0  Test=189  Generation=  5 *Result=0.00000244  Best=0.00000244   Time=0.1  Run Time=553.5
FIRESTARTER_OPTIMIZE: Seed=0  Test=189  Generation=  6  Result=0.00001663  Best=0.00000244   Time=0.1  Run Time=553.8
FIRESTARTER_OPTIMIZE: Seed=0  Test=189  Generation=  7  Result=0.00018309  Best=0.00000244   Time=0.1  Run Time=554.2
FIRESTARTER_OPTIMIZE: Seed=0  Test=189  Generation=  8  Result=0.00018896  Best=0.00000244   Time=0.1  Run Time=554.6
FIRESTARTER_OPTIMIZE: Seed=0  Test=189  Generation=  9  Result=0.00006267  Best=0.00000244   Time=0.1  Run Time=555.0
FIRESTARTER_OPTIMIZE: Seed=0  Test=189  Generation= 10  Result=0.00006207  Best=0.00000244   Time=0.1  Run Time=555.4
FIRESTARTER_OPTIMIZE: Seed=0  Test=189  Generation= 11  Result=0.00001820  Best=0.00000244   Time=0.1  Run Time=555.7
FIRESTARTER_OPTIMIZE: Seed=0  Test=189  Generation= 12  Result=0.00009242  Best=0.00000244   Time=0.1  Run Time=556.1
FIRESTARTER_OPTIMIZE: Seed=0  Test=189  Generation= 13 *Result=0.00000011  Best=0.00000011   Time=0.1  Run Time=556.5
