CUDA devices = 1
Device 0: NVIDIA GeForce RTX 4090

variations = 1
samples = 15
instructions = 32
registers = 30
opcodes = 2
patternOpcodes = 4

targetMin = 0.000000f
targetMax = 6.283185f
target = 0.000001f

mode = FIRESTARTER_OPTIMIZE
evolveSeed = 0
optimizeSeed = 0
tests = 256
streams = 1
units = 1
states = 1
generations = 0
population = 65536
iterations = 64
passes = 500
candidates = 16
attempts = 0
optimize = 1

scale = 0.100000f
startScale = 2.000000f
startResult = 10.000000f

FIRESTARTER_OPTIMIZE: Seed=0  Test=113  Generation=  1 *Result=0.00025743  Best=0.00025743   Time=0.1 Seconds  Run Time=1152.3 Seconds
FIRESTARTER_OPTIMIZE: Seed=0  Test=113  Generation=  2 *Result=0.00006577  Best=0.00006577   Time=0.1 Seconds  Run Time=1152.8 Seconds
FIRESTARTER_OPTIMIZE: Seed=0  Test=113  Generation=  3  Result=0.00093526  Best=0.00006577   Time=0.1 Seconds  Run Time=1153.2 Seconds
FIRESTARTER_OPTIMIZE: Seed=0  Test=113  Generation=  4 *Result=0.00003035  Best=0.00003035   Time=0.1 Seconds  Run Time=1153.7 Seconds
FIRESTARTER_OPTIMIZE: Seed=0  Test=113  Generation=  5  Result=0.00011091  Best=0.00003035   Time=0.1 Seconds  Run Time=1154.2 Seconds
FIRESTARTER_OPTIMIZE: Seed=0  Test=113  Generation=  6 *Result=0.00000647  Best=0.00000647   Time=0.1 Seconds  Run Time=1154.6 Seconds
FIRESTARTER_OPTIMIZE: Seed=0  Test=113  Generation=  7  Result=0.00006223  Best=0.00000647   Time=0.1 Seconds  Run Time=1155.1 Seconds
FIRESTARTER_OPTIMIZE: Seed=0  Test=113  Generation=  8  Result=0.00002033  Best=0.00000647   Time=0.1 Seconds  Run Time=1155.5 Seconds
FIRESTARTER_OPTIMIZE: Seed=0  Test=113  Generation=  9  Result=0.00006546  Best=0.00000647   Time=0.1 Seconds  Run Time=1156.0 Seconds
FIRESTARTER_OPTIMIZE: Seed=0  Test=113  Generation= 10  Result=0.00004125  Best=0.00000647   Time=0.1 Seconds  Run Time=1156.4 Seconds
FIRESTARTER_OPTIMIZE: Seed=0  Test=113  Generation= 11  Result=0.00022377  Best=0.00000647   Time=0.1 Seconds  Run Time=1156.9 Seconds
FIRESTARTER_OPTIMIZE: Seed=0  Test=113  Generation= 12  Result=0.00006562  Best=0.00000647   Time=0.1 Seconds  Run Time=1157.3 Seconds
FIRESTARTER_OPTIMIZE: Seed=0  Test=113  Generation= 13 *Result=0.00000082  Best=0.00000082   Time=0.1 Seconds  Run Time=1157.8 Seconds
