CUDA devices = 1
Device 0: NVIDIA GeForce RTX 4090

variations = 1
instructions = 32
registers = 30
opcodes = 2
patternOpcodes = 4

targetMin = 0.000000f
targetMax = 6.283185f
target = 0.000001f

mode = FIRESTARTER_OPTIMIZE
evolveSeed = 1
optimizeSeed = 1
tests = 256
streams = 1
units = 1
states = 1
generations = 0
population = 65536
passes = 384
attempts = 0
optimize = 1

scale = 0.300000f
startScale = 2.500000f
startResult = 10.000000f

FIRESTARTER_OPTIMIZE: Seed=1  Test=192  Generation=  2 *Result=0.00011611  Best=0.00011611   Time=0.1  Run Time=489.7
FIRESTARTER_OPTIMIZE: Seed=1  Test=192  Generation=  3 *Result=0.00000406  Best=0.00000406   Time=0.1  Run Time=490.0
FIRESTARTER_OPTIMIZE: Seed=1  Test=192  Generation=  4  Result=0.00005913  Best=0.00000406   Time=0.1  Run Time=490.3
FIRESTARTER_OPTIMIZE: Seed=1  Test=192  Generation=  5  Result=0.00001071  Best=0.00000406   Time=0.1  Run Time=490.6
FIRESTARTER_OPTIMIZE: Seed=1  Test=192  Generation=  6  Result=0.00003122  Best=0.00000406   Time=0.1  Run Time=490.9
FIRESTARTER_OPTIMIZE: Seed=1  Test=192  Generation=  7  Result=0.00005903  Best=0.00000406   Time=0.1  Run Time=491.2
FIRESTARTER_OPTIMIZE: Seed=1  Test=192  Generation=  8  Result=0.00005432  Best=0.00000406   Time=0.1  Run Time=491.5
FIRESTARTER_OPTIMIZE: Seed=1  Test=192  Generation=  9  Result=0.00001709  Best=0.00000406   Time=0.1  Run Time=491.8
FIRESTARTER_OPTIMIZE: Seed=1  Test=192  Generation= 10 *Result=0.00000027  Best=0.00000027   Time=0.1  Run Time=492.1
