CUDA devices = 1
Device 0: NVIDIA GeForce RTX 4090

variations = 1
samples = 15
instructions = 32
registers = 30
opcodes = 2
patternOpcodes = 4

targetMin = 0.000000f
targetMax = 6.283185f
target = 0.000001f

mode = FIRESTARTER_OPTIMIZE
evolveSeed = 123
optimizeSeed = 123
tests = 256
streams = 1
units = 1
states = 1
generations = 0
population = 65536
iterations = 64
passes = 512
candidates = 16
attempts = 0
optimize = 1

scale = 0.300000f
startScale = 2.500000f
startResult = 10.000000f

FIRESTARTER_OPTIMIZE: Seed=123  Test=35  Generation=  2 *Result=0.00006657  Best=0.00006657   Time=0.1  Run Time=105.7
FIRESTARTER_OPTIMIZE: Seed=123  Test=35  Generation=  3 *Result=0.00000131  Best=0.00000131   Time=0.1  Run Time=106.1
FIRESTARTER_OPTIMIZE: Seed=123  Test=35  Generation=  4  Result=0.00001266  Best=0.00000131   Time=0.1  Run Time=106.5
FIRESTARTER_OPTIMIZE: Seed=123  Test=35  Generation=  5  Result=0.00028732  Best=0.00000131   Time=0.1  Run Time=106.9
FIRESTARTER_OPTIMIZE: Seed=123  Test=35  Generation=  6  Result=0.00001687  Best=0.00000131   Time=0.1  Run Time=107.3
FIRESTARTER_OPTIMIZE: Seed=123  Test=35  Generation=  7  Result=0.00000215  Best=0.00000131   Time=0.1  Run Time=107.6
FIRESTARTER_OPTIMIZE: Seed=123  Test=35  Generation=  8  Result=0.00316244  Best=0.00000131   Time=0.1  Run Time=108.0
FIRESTARTER_OPTIMIZE: Seed=123  Test=35  Generation=  9  Result=0.00013774  Best=0.00000131   Time=0.1  Run Time=108.4
FIRESTARTER_OPTIMIZE: Seed=123  Test=35  Generation= 10  Result=0.00044952  Best=0.00000131   Time=0.1  Run Time=108.8
FIRESTARTER_OPTIMIZE: Seed=123  Test=35  Generation= 11  Result=0.00015706  Best=0.00000131   Time=0.1  Run Time=109.2
FIRESTARTER_OPTIMIZE: Seed=123  Test=35  Generation= 12  Result=0.00018231  Best=0.00000131   Time=0.1  Run Time=109.6
FIRESTARTER_OPTIMIZE: Seed=123  Test=35  Generation= 13 *Result=0.00000034  Best=0.00000034   Time=0.1  Run Time=110.0
