CUDA devices = 1
Device 0: NVIDIA GeForce RTX 4090

variations = 1
instructions = 32
registers = 30
opcodes = 2
patternOpcodes = 4

targetMin = 0.000000f
targetMax = 6.283185f
target = 0.000001f

mode = FIRESTARTER_OPTIMIZE
evolveSeed = 1
optimizeSeed = 1
tests = 256
streams = 1
units = 1
states = 1
generations = 0
population = 49152
passes = 512
attempts = 0
optimize = 1

scale = 0.300000f
startScale = 2.500000f
startResult = 10.000000f

FIRESTARTER_OPTIMIZE: Seed=1  Test=146  Generation=  2 *Result=0.00000346  Best=0.00000346   Time=0.1  Run Time=414.4
FIRESTARTER_OPTIMIZE: Seed=1  Test=146  Generation=  3  Result=0.00013185  Best=0.00000346   Time=0.1  Run Time=414.8
FIRESTARTER_OPTIMIZE: Seed=1  Test=146  Generation=  4  Result=0.00003123  Best=0.00000346   Time=0.1  Run Time=415.2
FIRESTARTER_OPTIMIZE: Seed=1  Test=146  Generation=  5  Result=0.00052184  Best=0.00000346   Time=0.1  Run Time=415.5
FIRESTARTER_OPTIMIZE: Seed=1  Test=146  Generation=  6  Result=0.00150048  Best=0.00000346   Time=0.1  Run Time=415.9
FIRESTARTER_OPTIMIZE: Seed=1  Test=146  Generation=  7  Result=0.00025173  Best=0.00000346   Time=0.1  Run Time=416.3
FIRESTARTER_OPTIMIZE: Seed=1  Test=146  Generation=  8  Result=0.00312265  Best=0.00000346   Time=0.1  Run Time=416.6
FIRESTARTER_OPTIMIZE: Seed=1  Test=146  Generation=  9  Result=0.00005283  Best=0.00000346   Time=0.1  Run Time=417.0
FIRESTARTER_OPTIMIZE: Seed=1  Test=146  Generation= 10  Result=0.00025970  Best=0.00000346   Time=0.1  Run Time=417.3
FIRESTARTER_OPTIMIZE: Seed=1  Test=146  Generation= 11  Result=0.00247037  Best=0.00000346   Time=0.1  Run Time=417.7
FIRESTARTER_OPTIMIZE: Seed=1  Test=146  Generation= 12 *Result=0.00000015  Best=0.00000015   Time=0.1  Run Time=418.0
