CUDA devices = 1
Device 0: NVIDIA GeForce RTX 4090

variations = 1
instructions = 32
registers = 30
opcodes = 2
patternOpcodes = 4

targetMin = 0.000000f
targetMax = 6.283185f
target = 0.000001f

mode = FIRESTARTER_OPTIMIZE
evolveSeed = 2
optimizeSeed = 2
tests = 256
streams = 1
units = 1
states = 1
generations = 0
population = 65536
passes = 384
attempts = 0
optimize = 1

scale = 0.300000f
startScale = 2.500000f
startResult = 10.000000f

FIRESTARTER_OPTIMIZE: Seed=2  Test=176  Generation=  2 *Result=0.00029624  Best=0.00029624   Time=0.1  Run Time=657.4
FIRESTARTER_OPTIMIZE: Seed=2  Test=176  Generation=  3  Result=0.00066915  Best=0.00029624   Time=0.1  Run Time=657.9
FIRESTARTER_OPTIMIZE: Seed=2  Test=176  Generation=  4 *Result=0.00000775  Best=0.00000775   Time=0.1  Run Time=658.4
FIRESTARTER_OPTIMIZE: Seed=2  Test=176  Generation=  5  Result=0.00001711  Best=0.00000775   Time=0.1  Run Time=658.8
FIRESTARTER_OPTIMIZE: Seed=2  Test=176  Generation=  6  Result=0.00000999  Best=0.00000775   Time=0.1  Run Time=659.3
FIRESTARTER_OPTIMIZE: Seed=2  Test=176  Generation=  7  Result=0.00017127  Best=0.00000775   Time=0.1  Run Time=659.8
FIRESTARTER_OPTIMIZE: Seed=2  Test=176  Generation=  8  Result=0.00151936  Best=0.00000775   Time=0.1  Run Time=660.3
FIRESTARTER_OPTIMIZE: Seed=2  Test=176  Generation=  9  Result=0.00000931  Best=0.00000775   Time=0.1  Run Time=660.7
FIRESTARTER_OPTIMIZE: Seed=2  Test=176  Generation= 10 *Result=0.00000016  Best=0.00000016   Time=0.1  Run Time=661.2
