CUDA devices = 1
Device 0: NVIDIA GeForce RTX 4090

variations = 1
samples = 15
instructions = 32
registers = 30
opcodes = 2
patternOpcodes = 4

targetMin = 0.000000f
targetMax = 6.283185f
target = 0.000001f

mode = FIRESTARTER_OPTIMIZE
evolveSeed = 0
optimizeSeed = 0
tests = 256
streams = 1
units = 1
states = 1
generations = 0
population = 65536
iterations = 64
passes = 512
candidates = 16
attempts = 0
optimize = 1

scale = 0.100000f
startScale = 3.000000f
startResult = 10.000000f

FIRESTARTER_OPTIMIZE: Seed=0  Test=46  Generation=  2 *Result=0.00006786  Best=0.00006786   Time=0.1  Run Time=282.4
FIRESTARTER_OPTIMIZE: Seed=0  Test=46  Generation=  3  Result=0.00009003  Best=0.00006786   Time=0.1  Run Time=282.8
FIRESTARTER_OPTIMIZE: Seed=0  Test=46  Generation=  4  Result=0.00319576  Best=0.00006786   Time=0.1  Run Time=283.3
FIRESTARTER_OPTIMIZE: Seed=0  Test=46  Generation=  5  Result=0.00052532  Best=0.00006786   Time=0.1  Run Time=283.7
FIRESTARTER_OPTIMIZE: Seed=0  Test=46  Generation=  6  Result=0.00614298  Best=0.00006786   Time=0.1  Run Time=284.2
FIRESTARTER_OPTIMIZE: Seed=0  Test=46  Generation=  7  Result=0.00294346  Best=0.00006786   Time=0.1  Run Time=284.6
FIRESTARTER_OPTIMIZE: Seed=0  Test=46  Generation=  8  Result=0.00014740  Best=0.00006786   Time=0.1  Run Time=285.1
FIRESTARTER_OPTIMIZE: Seed=0  Test=46  Generation=  9  Result=0.00007739  Best=0.00006786   Time=0.1  Run Time=285.6
FIRESTARTER_OPTIMIZE: Seed=0  Test=46  Generation= 10  Result=0.00161602  Best=0.00006786   Time=0.1  Run Time=286.0
FIRESTARTER_OPTIMIZE: Seed=0  Test=46  Generation= 11  Result=0.00615506  Best=0.00006786   Time=0.1  Run Time=286.4
FIRESTARTER_OPTIMIZE: Seed=0  Test=46  Generation= 12 *Result=0.00000008  Best=0.00000008   Time=0.1  Run Time=286.9
