CUDA devices = 1
Device 0: NVIDIA GeForce RTX 4090

variations = 1
samples = 15
instructions = 30
registers = 30
opcodes = 2
patternOpcodes = 4

targetMin = 0.000000f
targetMax = 6.283185f
target = 0.000001f

mode = FIRESTARTER_OPTIMIZE
evolveSeed = 0
optimizeSeed = 0
tests = 256
streams = 1
units = 1
states = 1
generations = 0
population = 65536
iterations = 64
passes = 512
candidates = 16
attempts = 0
optimize = 1

scale = 0.300000f
startScale = 2.500000f
startResult = 10.000000f

FIRESTARTER_OPTIMIZE: Seed=0  Test=102  Generation=  2 *Result=0.00001448  Best=0.00001448   Time=0.1  Run Time=338.5
FIRESTARTER_OPTIMIZE: Seed=0  Test=102  Generation=  3 *Result=0.00000205  Best=0.00000205   Time=0.1  Run Time=338.9
FIRESTARTER_OPTIMIZE: Seed=0  Test=102  Generation=  4  Result=0.00319907  Best=0.00000205   Time=0.1  Run Time=339.4
FIRESTARTER_OPTIMIZE: Seed=0  Test=102  Generation=  5  Result=0.00018346  Best=0.00000205   Time=0.1  Run Time=339.8
FIRESTARTER_OPTIMIZE: Seed=0  Test=102  Generation=  6  Result=0.00006217  Best=0.00000205   Time=0.1  Run Time=340.2
FIRESTARTER_OPTIMIZE: Seed=0  Test=102  Generation=  7  Result=0.00002870  Best=0.00000205   Time=0.1  Run Time=340.7
FIRESTARTER_OPTIMIZE: Seed=0  Test=102  Generation=  8  Result=0.00025107  Best=0.00000205   Time=0.1  Run Time=341.1
FIRESTARTER_OPTIMIZE: Seed=0  Test=102  Generation=  9  Result=0.00018829  Best=0.00000205   Time=0.1  Run Time=341.6
FIRESTARTER_OPTIMIZE: Seed=0  Test=102  Generation= 10  Result=0.00000756  Best=0.00000205   Time=0.1  Run Time=342.0
FIRESTARTER_OPTIMIZE: Seed=0  Test=102  Generation= 11  Result=0.00001156  Best=0.00000205   Time=0.1  Run Time=342.4
FIRESTARTER_OPTIMIZE: Seed=0  Test=102  Generation= 12  Result=0.00026958  Best=0.00000205   Time=0.1  Run Time=342.9
FIRESTARTER_OPTIMIZE: Seed=0  Test=102  Generation= 13  Result=0.00028309  Best=0.00000205   Time=0.1  Run Time=343.3
FIRESTARTER_OPTIMIZE: Seed=0  Test=102  Generation= 14 *Result=0.00000076  Best=0.00000076   Time=0.1  Run Time=343.8
