CUDA devices = 1
Device 0: NVIDIA GeForce RTX 4090

variations = 1
samples = 15
instructions = 32
registers = 30
opcodes = 2
patternOpcodes = 2

targetMin = 0.000000f
targetMax = 6.283185f
target = 0.000001f

mode = FIRESTARTER_EVOLVE_GPU
evolveSeed = 0
optimizeSeed = 0
tests = 16
streams = 1
units = 1
states = 1
generations = 0
population = 262144
iterations = 64
passes = 100
candidates = 16
attempts = 0
optimize = 1

scale = 0.100000f
startScale = 2.000000f
startResult = 10.000000f

FIRESTARTER_EVOLVE_GPU: Seed=0  Test=14  Generation=  0  Age=  1  Evolution= 0  Weight=0.00000000  Old Result=10.00000000 *New Result=0.00472811  Index=59210  EvolveAge1=0  EvolveAge2=0  Best=0.00472811   BestAge=0  Time=0.5 Seconds  Run Time=1867.6 Seconds
FIRESTARTER_EVOLVE_GPU: Seed=0  Test=14  Generation=  1  Age=  1  Evolution= 0  Weight=0.00000000  Old Result=0.00472811 *New Result=0.00398353  Index=25671  EvolveAge1=0  EvolveAge2=51  Best=0.00398353   BestAge=0  Time=0.6 Seconds  Run Time=1868.2 Seconds
FIRESTARTER_EVOLVE_GPU: Seed=0  Test=14  Generation=  2  Age=  1  Evolution= 0  Weight=0.00000000  Old Result=0.00398353 *New Result=0.00148994  Index=140848  EvolveAge1=1  EvolveAge2=8  Best=0.00148994   BestAge=0  Time=0.7 Seconds  Run Time=1868.8 Seconds
FIRESTARTER_EVOLVE_GPU: Seed=0  Test=14  Generation=  3  Age=  1  Evolution= 0  Weight=0.00000000  Old Result=0.00148994  Bad Result=0.00233269  Index=259182  EvolveAge1=0  EvolveAge2=58  Best=0.00148994   BestAge=1  Time=0.7 Seconds  Run Time=1869.5 Seconds
FIRESTARTER_EVOLVE_GPU: Seed=0  Test=14  Generation=  4  Age=  1  Evolution= 0  Weight=0.00000000  Old Result=0.00233269 >New Result=0.00206190  Index=259182  EvolveAge1=0  EvolveAge2=114  Best=0.00148994   BestAge=2  Time=0.7 Seconds  Run Time=1870.2 Seconds
FIRESTARTER_EVOLVE_GPU: Seed=0  Test=14  Generation=  5  Age=  1  Evolution= 0  Weight=0.00000000  Old Result=0.00206190 *New Result=0.00109756  Index=228418  EvolveAge1=5  EvolveAge2=27  Best=0.00109756   BestAge=0  Time=0.7 Seconds  Run Time=1870.9 Seconds
FIRESTARTER_OPTIMIZE_CPU: Seed=0  Test=14  Optimize=0  Generation=  0 *Result=0.00060397  Best=0.00060397   Time=4.2 Seconds  Run Time=1871.2 Seconds
FIRESTARTER_EVOLVE_GPU: Seed=0  Test=14  Generation=  6  Age=  1  Evolution= 0  Weight=0.00000000  Old Result=0.00109756  Bad Result=0.00200992  Index=240978  EvolveAge1=5  EvolveAge2=395  Best=0.00060397   BestAge=1  Time=0.6 Seconds  Run Time=1871.5 Seconds
FIRESTARTER_EVOLVE_GPU: Seed=0  Test=14  Generation=  7  Age=  1  Evolution= 0  Weight=0.00000000  Old Result=0.00200992 >New Result=0.00170085  Index=240978  EvolveAge1=7  EvolveAge2=471  Best=0.00060397   BestAge=2  Time=0.7 Seconds  Run Time=1872.2 Seconds
FIRESTARTER_EVOLVE_GPU: Seed=0  Test=14  Generation=  8  Age=  1  Evolution= 0  Weight=0.00000000  Old Result=0.00170085 >New Result=0.00105536  Index=148775  EvolveAge1=0  EvolveAge2=72  Best=0.00060397   BestAge=3  Time=0.7 Seconds  Run Time=1872.9 Seconds
FIRESTARTER_EVOLVE_GPU: Seed=0  Test=14  Generation=  9  Age=  1  Evolution= 0  Weight=0.00000000  Old Result=0.00105536 >New Result=0.00073060  Index=148775  EvolveAge1=0  EvolveAge2=118  Best=0.00060397   BestAge=4  Time=0.7 Seconds  Run Time=1873.6 Seconds
FIRESTARTER_EVOLVE_GPU: Seed=0  Test=14  Generation= 10  Age=  1  Evolution= 0  Weight=0.00000000  Old Result=0.00073060  Bad Result=0.00261700  Index=254229  EvolveAge1=9  EvolveAge2=349  Best=0.00060397   BestAge=5  Time=0.7 Seconds  Run Time=1874.3 Seconds
FIRESTARTER_OPTIMIZE_CPU: Seed=0  Test=14  Optimize=0  Generation=  1 *Result=0.00000024  Best=0.00000024   Time=7.4 Seconds  Run Time=1874.9 Seconds
