CUDA devices = 1
Device 0: NVIDIA GeForce RTX 4090

variations = 1
samples = 15
instructions = 32
registers = 30
opcodes = 2
patternOpcodes = 4

targetMin = 0.000000f
targetMax = 6.283185f
target = 0.000001f

mode = FIRESTARTER_OPTIMIZE
evolveSeed = 0
optimizeSeed = 0
tests = 256
streams = 1
units = 1
states = 1
generations = 0
population = 65536
iterations = 64
passes = 512
candidates = 16
attempts = 0
optimize = 1

scale = 0.300000f
startScale = 2.500000f
startResult = 10.000000f

FIRESTARTER_OPTIMIZE: Seed=0  Test=136  Generation=  2 *Result=0.00005340  Best=0.00005340   Time=0.1  Run Time=570.6
FIRESTARTER_OPTIMIZE: Seed=0  Test=136  Generation=  3  Result=0.00223027  Best=0.00005340   Time=0.1  Run Time=571.1
FIRESTARTER_OPTIMIZE: Seed=0  Test=136  Generation=  4 *Result=0.00002056  Best=0.00002056   Time=0.1  Run Time=571.5
FIRESTARTER_OPTIMIZE: Seed=0  Test=136  Generation=  5  Result=0.00005502  Best=0.00002056   Time=0.1  Run Time=572.0
FIRESTARTER_OPTIMIZE: Seed=0  Test=136  Generation=  6  Result=0.00006513  Best=0.00002056   Time=0.1  Run Time=572.5
FIRESTARTER_OPTIMIZE: Seed=0  Test=136  Generation=  7  Result=0.00021849  Best=0.00002056   Time=0.1  Run Time=573.0
FIRESTARTER_OPTIMIZE: Seed=0  Test=136  Generation=  8  Result=0.00018254  Best=0.00002056   Time=0.1  Run Time=573.4
FIRESTARTER_OPTIMIZE: Seed=0  Test=136  Generation=  9  Result=0.00127379  Best=0.00002056   Time=0.1  Run Time=573.9
FIRESTARTER_OPTIMIZE: Seed=0  Test=136  Generation= 10 *Result=0.00000010  Best=0.00000010   Time=0.1  Run Time=574.4
