CUDA devices = 1
Device 0: NVIDIA GeForce RTX 4090

variations = 1
instructions = 32
registers = 30
opcodes = 2
patternOpcodes = 4

targetMin = 0.000000f
targetMax = 6.283185f
target = 0.000001f

mode = FIRESTARTER_OPTIMIZE
evolveSeed = 0
optimizeSeed = 0
tests = 256
streams = 1
units = 1
states = 1
generations = 0
population = 65536
passes = 512
attempts = 0
optimize = 1

scale = 0.300000f
startScale = 2.500000f
startResult = 10.000000f

FIRESTARTER_OPTIMIZE: Seed=0  Test=52  Generation=  2 *Result=0.00046030  Best=0.00046030   Time=0.1  Run Time=130.7
FIRESTARTER_OPTIMIZE: Seed=0  Test=52  Generation=  3 *Result=0.00002728  Best=0.00002728   Time=0.1  Run Time=131.1
FIRESTARTER_OPTIMIZE: Seed=0  Test=52  Generation=  4 *Result=0.00002353  Best=0.00002353   Time=0.1  Run Time=131.5
FIRESTARTER_OPTIMIZE: Seed=0  Test=52  Generation=  5 *Result=0.00000760  Best=0.00000760   Time=0.1  Run Time=131.8
FIRESTARTER_OPTIMIZE: Seed=0  Test=52  Generation=  6  Result=0.00027666  Best=0.00000760   Time=0.1  Run Time=132.2
FIRESTARTER_OPTIMIZE: Seed=0  Test=52  Generation=  7 *Result=0.00000009  Best=0.00000009   Time=0.1  Run Time=132.6
