CUDA devices = 1
Device 0: NVIDIA GeForce RTX 4090

variations = 1
samples = 15
instructions = 32
registers = 30
opcodes = 2
patternOpcodes = 4

targetMin = 0.000000f
targetMax = 6.283185f
target = 0.000001f

mode = FIRESTARTER_OPTIMIZE
evolveSeed = 0
optimizeSeed = 0
tests = 256
streams = 1
units = 1
states = 1
generations = 0
population = 65536
iterations = 64
passes = 512
candidates = 16
attempts = 0
optimize = 1

scale = 0.100000f
startScale = 3.000000f
startResult = 10.000000f

FIRESTARTER_OPTIMIZE: Seed=0  Test=83  Generation=  2 *Result=0.00228105  Best=0.00228105   Time=0.1  Run Time=523.4
FIRESTARTER_OPTIMIZE: Seed=0  Test=83  Generation=  3 *Result=0.00028557  Best=0.00028557   Time=0.1  Run Time=523.8
FIRESTARTER_OPTIMIZE: Seed=0  Test=83  Generation=  4 *Result=0.00020480  Best=0.00020480   Time=0.1  Run Time=524.3
FIRESTARTER_OPTIMIZE: Seed=0  Test=83  Generation=  5 *Result=0.00004536  Best=0.00004536   Time=0.1  Run Time=524.7
FIRESTARTER_OPTIMIZE: Seed=0  Test=83  Generation=  6 *Result=0.00000650  Best=0.00000650   Time=0.1  Run Time=525.2
FIRESTARTER_OPTIMIZE: Seed=0  Test=83  Generation=  7  Result=0.00169241  Best=0.00000650   Time=0.1  Run Time=525.6
FIRESTARTER_OPTIMIZE: Seed=0  Test=83  Generation=  8  Result=0.00187514  Best=0.00000650   Time=0.1  Run Time=526.1
FIRESTARTER_OPTIMIZE: Seed=0  Test=83  Generation=  9 *Result=0.00000009  Best=0.00000009   Time=0.1  Run Time=526.5
