CUDA devices = 1
Device 0: NVIDIA GeForce RTX 4090

variations = 3
samples = 15
instructions = 32
registers = 30
opcodes = 2
patternOpcodes = 4

targetMin = 0.000000f
targetMax = 6.283185f
evolveTarget = 0.000001f

mode = FIRESTARTER_EVOLVE_GPU
evolveSeed = 0
optimizeSeed = 0
tests = 0
streams = 1
units = 1
states = 1
generations = 0
population = 278528
iterations = 64
passes = 500
candidates = 16
attempts = 0
optimize = 8

scale = 0.100000f
startScale = 2.000000f
startResult = 10.000000f

FIRESTARTER_EVOLVE_GPU: Seed=0  Index=   0  Id=   0  Generation=  0  Age=  1  Evolution= 0  Weight=0.00000000  Old Result=10.00000000 *New Result=0.00590945  Best=0.00590945  BestError=2.20178437  BestAge=1  Time=17.3 Seconds  Run Time=17.6 Seconds
FIRESTARTER_EVOLVE_GPU: Seed=0  Index=   0  Id=   0  Generation=  1  Age=  1  Evolution= 0  Weight=0.00000000  Old Result=10.00000000 >New Result=0.00590945  Best=0.00590945  BestError=2.20178437  BestAge=2  Time=29.8 Seconds  Run Time=30.0 Seconds
FIRESTARTER_EVOLVE_GPU: Seed=0  Index=   0  Id=   0  Generation=  2  Age=  1  Evolution= 0  Weight=0.00000000  Old Result=10.00000000 >New Result=0.00590945  Best=0.00590945  BestError=2.20178437  BestAge=3  Time=42.2 Seconds  Run Time=42.5 Seconds
FIRESTARTER_EVOLVE_GPU: Seed=0  Index=   0  Id=   0  Generation=  3  Age=  1  Evolution= 0  Weight=0.00000000  Old Result=10.00000000 >New Result=0.00590945  Best=0.00590945  BestError=2.20178437  BestAge=4  Time=54.7 Seconds  Run Time=55.0 Seconds
FIRESTARTER_EVOLVE_GPU: Seed=0  Index=   0  Id=   0  Generation=  4  Age=  1  Evolution= 0  Weight=0.00000000  Old Result=10.00000000 >New Result=0.00590945  Best=0.00590945  BestError=2.20178437  BestAge=5  Time=67.2 Seconds  Run Time=67.5 Seconds
FIRESTARTER_EVOLVE_GPU: Seed=0  Index=   0  Id=   0  Generation=  5  Age=  1  Evolution= 0  Weight=0.00000000  Old Result=10.00000000 >New Result=0.00590945  Best=0.00590945  BestError=2.20178437  BestAge=6  Time=79.7 Seconds  Run Time=79.9 Seconds
FIRESTARTER_EVOLVE_GPU: Seed=0  Index=   0  Id=   0  Generation=  6  Age=  1  Evolution= 0  Weight=0.00000000  Old Result=10.00000000 >New Result=0.00590945  Best=0.00590945  BestError=2.20178437  BestAge=7  Time=92.2 Seconds  Run Time=92.4 Seconds
FIRESTARTER_EVOLVE_GPU: Seed=0  Index=   0  Id=   0  Generation=  7  Age=  1  Evolution= 0  Weight=0.00000000  Old Result=10.00000000 >New Result=0.00590945  Best=0.00590945  BestError=2.20178437  BestAge=8  Time=104.7 Seconds  Run Time=104.9 Seconds
FIRESTARTER_EVOLVE_GPU: Seed=0  Index=   0  Id=   0  Generation=  8  Age=  1  Evolution= 0  Weight=0.00000000  Old Result=10.00000000 >New Result=0.00590945  Best=0.00590945  BestError=2.20178437  BestAge=9  Time=117.1 Seconds  Run Time=117.4 Seconds
FIRESTARTER_EVOLVE_GPU: Seed=0  Index=   0  Id=   0  Generation=  9  Age=  1  Evolution= 0  Weight=0.00000000  Old Result=10.00000000 >New Result=0.00590945  Best=0.00590945  BestError=2.20178437  BestAge=10  Time=129.6 Seconds  Run Time=129.8 Seconds
FIRESTARTER_EVOLVE_GPU: Seed=0  Index=   0  Id=   0  Generation= 10  Age=  1  Evolution= 0  Weight=0.00000000  Old Result=10.00000000 >New Result=0.00590945  Best=0.00590945  BestError=2.20178437  BestAge=11  Time=142.0 Seconds  Run Time=142.3 Seconds
