CUDA devices = 1
Device 0: NVIDIA GeForce RTX 4090

variations = 1
samples = 15
instructions = 32
registers = 30
opcodes = 2
patternOpcodes = 4

targetMin = 0.000000f
targetMax = 6.283185f
target = 0.000001f

mode = FIRESTARTER_OPTIMIZE
evolveSeed = 123
optimizeSeed = 123
tests = 256
streams = 1
units = 1
states = 1
generations = 0
population = 65536
iterations = 64
passes = 512
candidates = 16
attempts = 0
optimize = 1

scale = 0.300000f
startScale = 2.500000f
startResult = 10.000000f

FIRESTARTER_OPTIMIZE: Seed=123  Test=240  Generation=  2 *Result=0.00003079  Best=0.00003079   Time=0.1  Run Time=725.4
FIRESTARTER_OPTIMIZE: Seed=123  Test=240  Generation=  3  Result=0.00003472  Best=0.00003079   Time=0.1  Run Time=725.8
FIRESTARTER_OPTIMIZE: Seed=123  Test=240  Generation=  4 *Result=0.00002149  Best=0.00002149   Time=0.1  Run Time=726.3
FIRESTARTER_OPTIMIZE: Seed=123  Test=240  Generation=  5  Result=0.00007951  Best=0.00002149   Time=0.1  Run Time=726.7
FIRESTARTER_OPTIMIZE: Seed=123  Test=240  Generation=  6  Result=0.00002919  Best=0.00002149   Time=0.1  Run Time=727.1
FIRESTARTER_OPTIMIZE: Seed=123  Test=240  Generation=  7 *Result=0.00000069  Best=0.00000069   Time=0.1  Run Time=727.6
