CUDA devices = 1
Device 0: NVIDIA GeForce RTX 4090

variations = 1
instructions = 32
registers = 30
opcodes = 2
patternOpcodes = 4

targetMin = 0.000000f
targetMax = 6.283185f
target = 0.000001f

mode = FIRESTARTER_OPTIMIZE
evolveSeed = 0
optimizeSeed = 0
tests = 256
streams = 1
units = 1
states = 1
generations = 0
population = 32768
passes = 512
attempts = 0
optimize = 1

scale = 0.300000f
startScale = 2.500000f
startResult = 10.000000f

FIRESTARTER_OPTIMIZE: Seed=0  Test=184  Generation=  2 *Result=0.00039940  Best=0.00039940   Time=0.1  Run Time=570.9
FIRESTARTER_OPTIMIZE: Seed=0  Test=184  Generation=  3 *Result=0.00015664  Best=0.00015664   Time=0.1  Run Time=571.2
FIRESTARTER_OPTIMIZE: Seed=0  Test=184  Generation=  4  Result=0.00018372  Best=0.00015664   Time=0.1  Run Time=571.5
FIRESTARTER_OPTIMIZE: Seed=0  Test=184  Generation=  5 *Result=0.00009557  Best=0.00009557   Time=0.1  Run Time=571.8
FIRESTARTER_OPTIMIZE: Seed=0  Test=184  Generation=  6 *Result=0.00000010  Best=0.00000010   Time=0.1  Run Time=572.1
