CUDA devices = 1
Device 0: NVIDIA GeForce RTX 4090

variations = 1
instructions = 32
registers = 30
opcodes = 2
patternOpcodes = 4

targetMin = 0.000000f
targetMax = 6.283185f
target = 0.000001f

mode = FIRESTARTER_OPTIMIZE
evolveSeed = 0
optimizeSeed = 0
tests = 256
streams = 1
units = 1
states = 1
generations = 0
population = 49152
passes = 384
attempts = 0
optimize = 1

scale = 0.300000f
startScale = 2.500000f
startResult = 10.000000f

FIRESTARTER_OPTIMIZE: Seed=0  Test=158  Generation=  2 *Result=0.00000798  Best=0.00000798   Time=0.1  Run Time=408.7
FIRESTARTER_OPTIMIZE: Seed=0  Test=158  Generation=  3  Result=0.00037996  Best=0.00000798   Time=0.1  Run Time=409.0
FIRESTARTER_OPTIMIZE: Seed=0  Test=158  Generation=  4  Result=0.00001192  Best=0.00000798   Time=0.1  Run Time=409.3
FIRESTARTER_OPTIMIZE: Seed=0  Test=158  Generation=  5  Result=0.00011835  Best=0.00000798   Time=0.1  Run Time=409.6
FIRESTARTER_OPTIMIZE: Seed=0  Test=158  Generation=  6  Result=0.00008061  Best=0.00000798   Time=0.1  Run Time=410.0
FIRESTARTER_OPTIMIZE: Seed=0  Test=158  Generation=  7  Result=0.00007758  Best=0.00000798   Time=0.1  Run Time=410.3
FIRESTARTER_OPTIMIZE: Seed=0  Test=158  Generation=  8 *Result=0.00000068  Best=0.00000068   Time=0.1  Run Time=410.6
