CUDA devices = 1
Device 0: NVIDIA GeForce RTX 4090

variations = 1
samples = 15
instructions = 30
registers = 30
opcodes = 2
patternOpcodes = 4

targetMin = 0.000000f
targetMax = 6.283185f
target = 0.000001f

mode = FIRESTARTER_OPTIMIZE
evolveSeed = 0
optimizeSeed = 0
tests = 256
streams = 1
units = 1
states = 1
generations = 0
population = 65536
iterations = 64
passes = 512
candidates = 16
attempts = 0
optimize = 1

scale = 0.300000f
startScale = 2.500000f
startResult = 10.000000f

FIRESTARTER_OPTIMIZE: Seed=0  Test=241  Generation=  2 *Result=0.00002360  Best=0.00002360   Time=0.1  Run Time=843.4
FIRESTARTER_OPTIMIZE: Seed=0  Test=241  Generation=  3  Result=0.00071506  Best=0.00002360   Time=0.1  Run Time=843.9
FIRESTARTER_OPTIMIZE: Seed=0  Test=241  Generation=  4  Result=0.00004284  Best=0.00002360   Time=0.1  Run Time=844.3
FIRESTARTER_OPTIMIZE: Seed=0  Test=241  Generation=  5  Result=0.00222474  Best=0.00002360   Time=0.1  Run Time=844.7
FIRESTARTER_OPTIMIZE: Seed=0  Test=241  Generation=  6  Result=0.00014544  Best=0.00002360   Time=0.1  Run Time=845.2
FIRESTARTER_OPTIMIZE: Seed=0  Test=241  Generation=  7  Result=0.00008199  Best=0.00002360   Time=0.1  Run Time=845.6
FIRESTARTER_OPTIMIZE: Seed=0  Test=241  Generation=  8  Result=0.00022463  Best=0.00002360   Time=0.1  Run Time=846.1
FIRESTARTER_OPTIMIZE: Seed=0  Test=241  Generation=  9  Result=0.00006200  Best=0.00002360   Time=0.1  Run Time=846.5
FIRESTARTER_OPTIMIZE: Seed=0  Test=241  Generation= 10 *Result=0.00001189  Best=0.00001189   Time=0.1  Run Time=847.0
FIRESTARTER_OPTIMIZE: Seed=0  Test=241  Generation= 11  Result=0.00005984  Best=0.00001189   Time=0.1  Run Time=847.4
FIRESTARTER_OPTIMIZE: Seed=0  Test=241  Generation= 12 *Result=0.00000145  Best=0.00000145   Time=0.1  Run Time=847.9
FIRESTARTER_OPTIMIZE: Seed=0  Test=241  Generation= 13  Result=0.00045982  Best=0.00000145   Time=0.1  Run Time=848.3
FIRESTARTER_OPTIMIZE: Seed=0  Test=241  Generation= 14 *Result=0.00000052  Best=0.00000052   Time=0.1  Run Time=848.8
