CUDA devices = 1
Device 0: NVIDIA GeForce RTX 4090

variations = 1
instructions = 32
registers = 30
opcodes = 2
patternOpcodes = 4

targetMin = 0.000000f
targetMax = 6.283185f
target = 0.000001f

mode = FIRESTARTER_OPTIMIZE
evolveSeed = 2
optimizeSeed = 2
tests = 256
streams = 1
units = 1
states = 1
generations = 0
population = 65536
passes = 384
attempts = 0
optimize = 1

scale = 0.300000f
startScale = 2.500000f
startResult = 10.000000f

FIRESTARTER_OPTIMIZE: Seed=2  Test=133  Generation=  2 *Result=0.00019521  Best=0.00019521   Time=0.1  Run Time=318.1
FIRESTARTER_OPTIMIZE: Seed=2  Test=133  Generation=  3  Result=0.00614432  Best=0.00019521   Time=0.1  Run Time=318.4
FIRESTARTER_OPTIMIZE: Seed=2  Test=133  Generation=  4 *Result=0.00001445  Best=0.00001445   Time=0.1  Run Time=318.7
FIRESTARTER_OPTIMIZE: Seed=2  Test=133  Generation=  5  Result=0.00015172  Best=0.00001445   Time=0.1  Run Time=319.0
FIRESTARTER_OPTIMIZE: Seed=2  Test=133  Generation=  6  Result=0.00065603  Best=0.00001445   Time=0.1  Run Time=319.3
FIRESTARTER_OPTIMIZE: Seed=2  Test=133  Generation=  7  Result=0.00010216  Best=0.00001445   Time=0.1  Run Time=319.6
FIRESTARTER_OPTIMIZE: Seed=2  Test=133  Generation=  8  Result=0.00020840  Best=0.00001445   Time=0.1  Run Time=319.9
FIRESTARTER_OPTIMIZE: Seed=2  Test=133  Generation=  9 *Result=0.00000067  Best=0.00000067   Time=0.1  Run Time=320.2
