CUDA devices = 1
Device 0: NVIDIA GeForce RTX 4090

variations = 1
samples = 15
instructions = 32
registers = 30
opcodes = 2
patternOpcodes = 4

targetMin = 0.000000f
targetMax = 6.283185f
target = 0.000001f

mode = FIRESTARTER_OPTIMIZE
evolveSeed = 0
optimizeSeed = 0
tests = 256
streams = 1
units = 1
states = 1
generations = 0
population = 65536
iterations = 64
passes = 512
candidates = 16
attempts = 0
optimize = 1

scale = 0.100000f
startScale = 2.500000f
startResult = 10.000000f

FIRESTARTER_OPTIMIZE: Seed=0  Test=126  Generation=  2 *Result=0.00028151  Best=0.00028151   Time=0.1  Run Time=741.9
FIRESTARTER_OPTIMIZE: Seed=0  Test=126  Generation=  3 *Result=0.00000760  Best=0.00000760   Time=0.1  Run Time=742.3
FIRESTARTER_OPTIMIZE: Seed=0  Test=126  Generation=  4  Result=0.00001079  Best=0.00000760   Time=0.1  Run Time=742.8
FIRESTARTER_OPTIMIZE: Seed=0  Test=126  Generation=  5  Result=0.00006801  Best=0.00000760   Time=0.1  Run Time=743.2
FIRESTARTER_OPTIMIZE: Seed=0  Test=126  Generation=  6 *Result=0.00000298  Best=0.00000298   Time=0.1  Run Time=743.6
FIRESTARTER_OPTIMIZE: Seed=0  Test=126  Generation=  7  Result=0.00119927  Best=0.00000298   Time=0.1  Run Time=744.1
FIRESTARTER_OPTIMIZE: Seed=0  Test=126  Generation=  8  Result=0.00001717  Best=0.00000298   Time=0.1  Run Time=744.5
FIRESTARTER_OPTIMIZE: Seed=0  Test=126  Generation=  9  Result=0.00018225  Best=0.00000298   Time=0.1  Run Time=745.0
FIRESTARTER_OPTIMIZE: Seed=0  Test=126  Generation= 10 *Result=0.00000023  Best=0.00000023   Time=0.1  Run Time=745.4
