CUDA devices = 1
Device 0: NVIDIA GeForce RTX 4090

variations = 1
samples = 15
instructions = 32
registers = 30
opcodes = 2
patternOpcodes = 4

targetMin = 0.000000f
targetMax = 6.283185f
evolveTarget = 0.000001f

mode = FIRESTARTER_EVOLVE_GPU
evolveSeed = 0
optimizeSeed = 0
tests = 0
streams = 1
units = 1
states = 1
generations = 0
population = 8704
iterations = 64
passes = 500
candidates = 16
attempts = 0
optimize = 8

scale = 0.100000f
startScale = 2.000000f
startResult = 10.000000f

FIRESTARTER_EVOLVE_GPU: Seed=0  Index=   0  Id=   0  Generation=  0  Age=  1  Evolution= 0  Weight=0.00000000  Old Result=10.00000000 *New Result=0.00105625  Best=0.00105625  BestError=0.97387165  BestAge=1  Time=6.7 Seconds  Run Time=7.8 Seconds
FIRESTARTER_EVOLVE_GPU: Seed=0  Index=   0  Id=   0  Generation=  1  Age=  1  Evolution= 0  Weight=0.00000000  Old Result=10.00000000 *New Result=0.00086439  Best=0.00086439  BestError=0.97406352  BestAge=1  Time=1.4 Seconds  Run Time=16.6 Seconds
FIRESTARTER_EVOLVE_GPU: Seed=0  Index=   0  Id=   0  Generation=  2  Age=  1  Evolution= 0  Weight=0.00000000  Old Result=10.00000000 *New Result=0.00064844  Best=0.00064844  BestError=0.97427946  BestAge=1  Time=0.9 Seconds  Run Time=17.5 Seconds
FIRESTARTER_EVOLVE_GPU: Seed=0  Index=   0  Id=   0  Generation=  3  Age=  1  Evolution= 0  Weight=0.00000000  Old Result=10.00000000 *New Result=0.00053638  Best=0.00053638  BestError=0.97439152  BestAge=1  Time=0.8 Seconds  Run Time=18.4 Seconds
FIRESTARTER_EVOLVE_GPU: Seed=0  Index=   0  Id=   0  Generation=  4  Age=  1  Evolution= 0  Weight=0.00000000  Old Result=10.00000000 *New Result=0.00035715  Best=0.00035715  BestError=0.97457075  BestAge=1  Time=0.8 Seconds  Run Time=19.2 Seconds
FIRESTARTER_EVOLVE_GPU: Seed=0  Index=   0  Id=   0  Generation=  5  Age=  1  Evolution= 0  Weight=0.00000000  Old Result=10.00000000 *New Result=0.00017047  Best=0.00017047  BestError=0.97475743  BestAge=1  Time=1.6 Seconds  Run Time=20.8 Seconds
FIRESTARTER_EVOLVE_GPU: Seed=0  Index=   0  Id=   0  Generation=  6  Age=  1  Evolution= 0  Weight=0.00000000  Old Result=10.00000000 *New Result=0.00014818  Best=0.00014818  BestError=0.97477973  BestAge=1  Time=1.1 Seconds  Run Time=21.9 Seconds
FIRESTARTER_EVOLVE_GPU: Seed=0  Index=   0  Id=   0  Generation=  7  Age=  1  Evolution= 0  Weight=0.00000000  Old Result=10.00000000 >New Result=0.00014818  Best=0.00014818  BestError=0.97477973  BestAge=2  Time=0.9 Seconds  Run Time=22.8 Seconds
FIRESTARTER_EVOLVE_GPU: Seed=0  Index=   0  Id=   0  Generation=  8  Age=  1  Evolution= 0  Weight=0.00000000  Old Result=10.00000000 >New Result=0.00014818  Best=0.00014818  BestError=0.97477973  BestAge=3  Time=1.1 Seconds  Run Time=24.0 Seconds
