CUDA devices = 1
Device 0: NVIDIA GeForce RTX 4090

variations = 1
samples = 15
instructions = 32
registers = 30
opcodes = 2
patternOpcodes = 4

targetMin = 0.000000f
targetMax = 6.283185f
target = 0.000001f

mode = FIRESTARTER_OPTIMIZE
evolveSeed = 123
optimizeSeed = 123
tests = 256
streams = 1
units = 1
states = 1
generations = 0
population = 65536
iterations = 64
passes = 512
candidates = 16
attempts = 0
optimize = 1

scale = 0.300000f
startScale = 2.500000f
startResult = 10.000000f

FIRESTARTER_OPTIMIZE: Seed=123  Test=240  Generation=  2 *Result=0.00000292  Best=0.00000292   Time=0.1  Run Time=811.9
FIRESTARTER_OPTIMIZE: Seed=123  Test=240  Generation=  3  Result=0.00000952  Best=0.00000292   Time=0.1  Run Time=812.3
FIRESTARTER_OPTIMIZE: Seed=123  Test=240  Generation=  4  Result=0.00012749  Best=0.00000292   Time=0.1  Run Time=812.7
FIRESTARTER_OPTIMIZE: Seed=123  Test=240  Generation=  5  Result=0.00000794  Best=0.00000292   Time=0.1  Run Time=813.1
FIRESTARTER_OPTIMIZE: Seed=123  Test=240  Generation=  6  Result=0.00009247  Best=0.00000292   Time=0.1  Run Time=813.4
FIRESTARTER_OPTIMIZE: Seed=123  Test=240  Generation=  7  Result=0.00141034  Best=0.00000292   Time=0.1  Run Time=813.8
FIRESTARTER_OPTIMIZE: Seed=123  Test=240  Generation=  8  Result=0.00047861  Best=0.00000292   Time=0.1  Run Time=814.2
FIRESTARTER_OPTIMIZE: Seed=123  Test=240  Generation=  9  Result=0.00114166  Best=0.00000292   Time=0.1  Run Time=814.6
FIRESTARTER_OPTIMIZE: Seed=123  Test=240  Generation= 10  Result=0.00001443  Best=0.00000292   Time=0.1  Run Time=815.0
FIRESTARTER_OPTIMIZE: Seed=123  Test=240  Generation= 11  Result=0.00061515  Best=0.00000292   Time=0.1  Run Time=815.4
FIRESTARTER_OPTIMIZE: Seed=123  Test=240  Generation= 12  Result=0.00143304  Best=0.00000292   Time=0.1  Run Time=815.8
FIRESTARTER_OPTIMIZE: Seed=123  Test=240  Generation= 13  Result=0.00014102  Best=0.00000292   Time=0.1  Run Time=816.1
FIRESTARTER_OPTIMIZE: Seed=123  Test=240  Generation= 14 *Result=0.00000011  Best=0.00000011   Time=0.1  Run Time=816.5
