CUDA devices = 1
Device 0: NVIDIA GeForce RTX 4090

variations = 1
instructions = 32
registers = 30
opcodes = 2
patternOpcodes = 4

targetMin = 0.000000f
targetMax = 6.283185f
target = 0.000001f

mode = FIRESTARTER_OPTIMIZE
evolveSeed = 0
optimizeSeed = 0
tests = 256
streams = 1
units = 1
states = 1
generations = 0
population = 49152
passes = 256
attempts = 0
optimize = 1

scale = 0.300000f
startScale = 2.500000f
startResult = 10.000000f

FIRESTARTER_OPTIMIZE: Seed=0  Test=118  Generation=  2 *Result=0.00235122  Best=0.00235122   Time=0.1  Run Time=325.1
FIRESTARTER_OPTIMIZE: Seed=0  Test=118  Generation=  3 *Result=0.00046308  Best=0.00046308   Time=0.1  Run Time=325.4
FIRESTARTER_OPTIMIZE: Seed=0  Test=118  Generation=  4 *Result=0.00000219  Best=0.00000219   Time=0.1  Run Time=325.7
FIRESTARTER_OPTIMIZE: Seed=0  Test=118  Generation=  5  Result=0.00005263  Best=0.00000219   Time=0.1  Run Time=326.0
FIRESTARTER_OPTIMIZE: Seed=0  Test=118  Generation=  6  Result=0.00017732  Best=0.00000219   Time=0.1  Run Time=326.3
FIRESTARTER_OPTIMIZE: Seed=0  Test=118  Generation=  7  Result=0.00003579  Best=0.00000219   Time=0.1  Run Time=326.6
FIRESTARTER_OPTIMIZE: Seed=0  Test=118  Generation=  8  Result=0.00026149  Best=0.00000219   Time=0.0  Run Time=326.9
FIRESTARTER_OPTIMIZE: Seed=0  Test=118  Generation=  9 *Result=0.00000015  Best=0.00000015   Time=0.1  Run Time=327.2
