CUDA devices = 1
Device 0: NVIDIA GeForce RTX 4090

variations = 1
instructions = 32
registers = 30
opcodes = 4

targetMin = 0.000000f
targetMax = 6.283185f
target = 0.000001f

mode = FIRESTARTER_OPTIMIZE
evolveSeed = 0
optimizeSeed = 0
tests = 256
streams = 1
units = 1
states = 1
generations = 0
population = 65536
passes = 384
attempts = 0
optimize = 1

scale = 0.300000f
startScale = 2.500000f
startResult = 10.000000f

FIRESTARTER_OPTIMIZE: Seed=0  Test=151  Generation=  2 *Result=0.00000298  Best=0.00000298   Time=0.1  Run Time=522.3
FIRESTARTER_OPTIMIZE: Seed=0  Test=151  Generation=  3  Result=0.00006552  Best=0.00000298   Time=0.1  Run Time=522.7
FIRESTARTER_OPTIMIZE: Seed=0  Test=151  Generation=  4 *Result=0.00000137  Best=0.00000137   Time=0.1  Run Time=523.2
FIRESTARTER_OPTIMIZE: Seed=0  Test=151  Generation=  5  Result=0.00003847  Best=0.00000137   Time=0.1  Run Time=523.6
FIRESTARTER_OPTIMIZE: Seed=0  Test=151  Generation=  6  Result=0.00001422  Best=0.00000137   Time=0.1  Run Time=524.0
FIRESTARTER_OPTIMIZE: Seed=0  Test=151  Generation=  7  Result=0.00014127  Best=0.00000137   Time=0.1  Run Time=524.5
FIRESTARTER_OPTIMIZE: Seed=0  Test=151  Generation=  8 *Result=0.00000086  Best=0.00000086   Time=0.1  Run Time=524.9
