CUDA devices = 1
Device 0: NVIDIA GeForce RTX 4090

variations = 1
instructions = 32
registers = 30
opcodes = 3

targetMin = 0.000000f
targetMax = 6.283185f
target = 0.000001f

mode = FIRESTARTER_EVOLVE_GPU
evolveSeed = 0
optimizeSeed = 0
tests = 256
streams = 1
units = 1
states = 1
population = 65536
generations = 0
passes = 256
samples = 15
iterations = 64
candidates = 0
optimize = 1

scale = 0.300000f
startScale = 2.500000f
startResult = 10.000000f


FIRESTARTER_EVOLVE_GPU: Seed=0  Test=198  Generation=  2  Old Result=10.00000000 *New Result=0.00013661  MinIndex=0  EvolveAge=0  Best=0.00013661   BestAge=0  Time=0.065  Run Time=0.5
FIRESTARTER_EVOLVE_GPU: Seed=0  Test=198  Generation=  3  Old Result=10.00000000 *New Result=0.00006893  MinIndex=0  EvolveAge=0  Best=0.00006893   BestAge=0  Time=0.065  Run Time=0.7
FIRESTARTER_EVOLVE_GPU: Seed=0  Test=198  Generation=  4  Old Result=10.00000000 >New Result=0.00025535  MinIndex=0  EvolveAge=0  Best=0.00006893   BestAge=2  Time=0.062  Run Time=1.1
FIRESTARTER_EVOLVE_GPU: Seed=0  Test=198  Generation=  5  Old Result=10.00000000 >New Result=0.00014495  MinIndex=0  EvolveAge=0  Best=0.00006893   BestAge=4  Time=0.062  Run Time=1.3
FIRESTARTER_EVOLVE_GPU: Seed=0  Test=198  Generation=  6  Old Result=10.00000000 *New Result=0.00006132  MinIndex=0  EvolveAge=0  Best=0.00006132   BestAge=0  Time=0.045  Run Time=1.6
FIRESTARTER_EVOLVE_GPU: Seed=0  Test=198  Generation=  7  Old Result=10.00000000 >New Result=0.00062714  MinIndex=0  EvolveAge=0  Best=0.00006132   BestAge=2  Time=0.064  Run Time=1.9
FIRESTARTER_EVOLVE_GPU: Seed=0  Test=198  Generation=  8  Old Result=10.00000000 >New Result=0.00049296  MinIndex=0  EvolveAge=0  Best=0.00006132   BestAge=4  Time=0.064  Run Time=2.2
FIRESTARTER_EVOLVE_GPU: Seed=0  Test=198  Generation=  9  Old Result=10.00000000 *New Result=0.00000024  MinIndex=0  EvolveAge=0  Best=0.00000024   BestAge=0  Time=0.066  Run Time=2.5
