Seed: 0  Test:   0  Generation= 15  Evolve Result=10.00000000  Optimize Result=0.00000018  Duration: 8.6  GenTime: 0.6  Total: 8.6  Average: 8.6 *******
Seed: 0  Test:   1  Generation=  4  Evolve Result=10.00000000  Optimize Result=0.00000049  Duration: 1.5  GenTime: 0.4  Total: 10.1  Average: 5.0 *******
