CUDA devices = 1
Device 0: NVIDIA GeForce RTX 4090

variations = 1
instructions = 32
registers = 30
opcodes = 3

targetMin = 0.000000f
targetMax = 6.283185f
target = 0.000001f

mode = FIRESTARTER_OPTIMIZE
evolveSeed = 0
optimizeSeed = 0
tests = 256
streams = 1
units = 1
states = 1
generations = 0
population = 65536
passes = 384
attempts = 0
optimize = 1

scale = 0.300000f
startScale = 2.500000f
startResult = 10.000000f

FIRESTARTER_OPTIMIZE: Seed=0  Test=74  Generation=  2 *Result=0.00104534  Best=0.00104534   Time=0.1  Run Time=187.3
FIRESTARTER_OPTIMIZE: Seed=0  Test=74  Generation=  3 *Result=0.00068117  Best=0.00068117   Time=0.1  Run Time=187.6
FIRESTARTER_OPTIMIZE: Seed=0  Test=74  Generation=  4 *Result=0.00018268  Best=0.00018268   Time=0.1  Run Time=188.0
FIRESTARTER_OPTIMIZE: Seed=0  Test=74  Generation=  5  Result=0.00076559  Best=0.00018268   Time=0.1  Run Time=188.3
FIRESTARTER_OPTIMIZE: Seed=0  Test=74  Generation=  6 *Result=0.00000831  Best=0.00000831   Time=0.1  Run Time=188.6
FIRESTARTER_OPTIMIZE: Seed=0  Test=74  Generation=  7  Result=0.00010887  Best=0.00000831   Time=0.1  Run Time=189.0
FIRESTARTER_OPTIMIZE: Seed=0  Test=74  Generation=  8 *Result=0.00000196  Best=0.00000196   Time=0.1  Run Time=189.3
FIRESTARTER_OPTIMIZE: Seed=0  Test=74  Generation=  9  Result=0.00031927  Best=0.00000196   Time=0.1  Run Time=189.6
FIRESTARTER_OPTIMIZE: Seed=0  Test=74  Generation= 10 *Result=0.00000012  Best=0.00000012   Time=0.1  Run Time=189.9
