CUDA devices = 1
Device 0: NVIDIA GeForce RTX 4090

variations = 1
instructions = 32
registers = 30
opcodes = 3

targetMin = 0.000000f
targetMax = 6.283185f
target = 0.000001f

mode = FIRESTARTER_OPTIMIZE
evolveSeed = 0
optimizeSeed = 0
tests = 256
streams = 1
units = 1
states = 1
population = 65536
generations = 0
passes = 512
samples = 15
iterations = 64
candidates = 0
optimize = 1

scale = 0.300000f
startScale = 2.500000f
startResult = 10.000000f

FIRESTARTER_OPTIMIZE: Seed=0  Test=242  Generation=  2 *Result=0.00024456  Best=0.00024456   Time=0.129  Run Time=0.7
FIRESTARTER_OPTIMIZE: Seed=0  Test=242  Generation=  3 *Result=0.00006774  Best=0.00006774   Time=0.124  Run Time=1.0
FIRESTARTER_OPTIMIZE: Seed=0  Test=242  Generation=  4 *Result=0.00004847  Best=0.00004847   Time=0.227  Run Time=1.6
FIRESTARTER_OPTIMIZE: Seed=0  Test=242  Generation=  5 *Result=0.00000282  Best=0.00000282   Time=0.126  Run Time=2.2
FIRESTARTER_OPTIMIZE: Seed=0  Test=242  Generation=  6  Result=0.00007976  Best=0.00000282   Time=0.122  Run Time=2.7
FIRESTARTER_OPTIMIZE: Seed=0  Test=242  Generation=  7  Result=0.00001153  Best=0.00000282   Time=0.122  Run Time=3.3
FIRESTARTER_OPTIMIZE: Seed=0  Test=242  Generation=  8 *Result=0.00000040  Best=0.00000040   Time=0.123  Run Time=3.8
