CUDA devices = 1
Device 0: NVIDIA GeForce RTX 4090

variations = 1
instructions = 32
registers = 30
opcodes = 2
patternOpcodes = 2

targetMin = 0.000000f
targetMax = 6.283185f
target = 0.000001f

mode = FIRESTARTER_OPTIMIZE
evolveSeed = 0
optimizeSeed = 0
tests = 256
streams = 1
units = 1
states = 1
generations = 0
population = 65536
passes = 384
attempts = 0
optimize = 1

scale = 0.300000f
startScale = 2.500000f
startResult = 10.000000f

FIRESTARTER_OPTIMIZE: Seed=0  Test=215  Generation=  2 *Result=0.00068009  Best=0.00068009   Time=0.1  Run Time=732.2
FIRESTARTER_OPTIMIZE: Seed=0  Test=215  Generation=  3 *Result=0.00049659  Best=0.00049659   Time=0.1  Run Time=732.6
FIRESTARTER_OPTIMIZE: Seed=0  Test=215  Generation=  4 *Result=0.00002818  Best=0.00002818   Time=0.1  Run Time=733.1
FIRESTARTER_OPTIMIZE: Seed=0  Test=215  Generation=  5  Result=0.00018227  Best=0.00002818   Time=0.1  Run Time=733.5
FIRESTARTER_OPTIMIZE: Seed=0  Test=215  Generation=  6 *Result=0.00001392  Best=0.00001392   Time=0.1  Run Time=733.9
FIRESTARTER_OPTIMIZE: Seed=0  Test=215  Generation=  7  Result=0.00012428  Best=0.00001392   Time=0.1  Run Time=734.4
FIRESTARTER_OPTIMIZE: Seed=0  Test=215  Generation=  8 *Result=0.00000013  Best=0.00000013   Time=0.1  Run Time=734.8
