CUDA devices = 1
Device 0: NVIDIA GeForce RTX 4090

variations = 1
instructions = 32
registers = 30
opcodes = 2
patternOpcodes = 4

targetMin = 0.000000f
targetMax = 6.283185f
target = 0.000001f

mode = FIRESTARTER_OPTIMIZE
evolveSeed = 0
optimizeSeed = 0
tests = 256
streams = 1
units = 1
states = 1
generations = 0
population = 65536
passes = 384
attempts = 0
optimize = 1

scale = 0.300000f
startScale = 2.500000f
startResult = 10.000000f

FIRESTARTER_OPTIMIZE: Seed=0  Test=116  Generation=  2 *Result=0.00114326  Best=0.00114326   Time=0.1  Run Time=357.1
FIRESTARTER_OPTIMIZE: Seed=0  Test=116  Generation=  3 *Result=0.00018251  Best=0.00018251   Time=0.1  Run Time=357.5
FIRESTARTER_OPTIMIZE: Seed=0  Test=116  Generation=  4  Result=0.00034642  Best=0.00018251   Time=0.1  Run Time=358.0
FIRESTARTER_OPTIMIZE: Seed=0  Test=116  Generation=  5  Result=0.00050437  Best=0.00018251   Time=0.1  Run Time=358.4
FIRESTARTER_OPTIMIZE: Seed=0  Test=116  Generation=  6  Result=0.00023031  Best=0.00018251   Time=0.1  Run Time=358.8
FIRESTARTER_OPTIMIZE: Seed=0  Test=116  Generation=  7 *Result=0.00006728  Best=0.00006728   Time=0.1  Run Time=359.3
FIRESTARTER_OPTIMIZE: Seed=0  Test=116  Generation=  8 *Result=0.00004610  Best=0.00004610   Time=0.1  Run Time=359.7
FIRESTARTER_OPTIMIZE: Seed=0  Test=116  Generation=  9 *Result=0.00000009  Best=0.00000009   Time=0.1  Run Time=360.1
