CUDA devices = 1
Device 0: NVIDIA GeForce RTX 4090

variations = 1
instructions = 32
registers = 30
opcodes = 4

targetMin = 0.000000f
targetMax = 6.283185f
target = 0.000001f

mode = FIRESTARTER_OPTIMIZE
evolveSeed = 0
optimizeSeed = 0
tests = 256
streams = 1
units = 1
states = 1
generations = 0
population = 65536
passes = 384
attempts = 0
optimize = 1

scale = 0.300000f
startScale = 2.500000f
startResult = 10.000000f

FIRESTARTER_OPTIMIZE: Seed=0  Test=191  Generation=  2 *Result=0.00052242  Best=0.00052242   Time=0.1  Run Time=655.6
FIRESTARTER_OPTIMIZE: Seed=0  Test=191  Generation=  3 *Result=0.00000469  Best=0.00000469   Time=0.1  Run Time=656.1
FIRESTARTER_OPTIMIZE: Seed=0  Test=191  Generation=  4  Result=0.00096800  Best=0.00000469   Time=0.1  Run Time=656.5
FIRESTARTER_OPTIMIZE: Seed=0  Test=191  Generation=  5  Result=0.00033160  Best=0.00000469   Time=0.1  Run Time=657.0
FIRESTARTER_OPTIMIZE: Seed=0  Test=191  Generation=  6  Result=0.00132251  Best=0.00000469   Time=0.1  Run Time=657.4
FIRESTARTER_OPTIMIZE: Seed=0  Test=191  Generation=  7  Result=0.00004862  Best=0.00000469   Time=0.1  Run Time=657.8
FIRESTARTER_OPTIMIZE: Seed=0  Test=191  Generation=  8  Result=0.00000888  Best=0.00000469   Time=0.1  Run Time=658.3
FIRESTARTER_OPTIMIZE: Seed=0  Test=191  Generation=  9 *Result=0.00000063  Best=0.00000063   Time=0.1  Run Time=658.7
