CUDA devices = 1
Device 0: NVIDIA GeForce RTX 4090

variations = 1
instructions = 32
registers = 30
opcodes = 3

targetMin = 0.000000f
targetMax = 6.283185f
target = 0.000001f

mode = FIRESTARTER_EVOLVE_GPU
evolveSeed = 0
optimizeSeed = 0
tests = 256
streams = 1
units = 1
states = 1
population = 65536
generations = 0
passes = 256
samples = 15
iterations = 64
candidates = 0
optimize = 1

scale = 0.300000f
startScale = 2.500000f
startResult = 10.000000f


FIRESTARTER_EVOLVE_GPU: Seed=0  Test=20  Generation=  2  Old Result=10.00000000 *New Result=0.00015812  MinIndex=0  EvolveAge=0  Best=0.00015812   BestAge=0  Time=0.067  Run Time=0.5
FIRESTARTER_EVOLVE_GPU: Seed=0  Test=20  Generation=  3  Old Result=10.00000000 *New Result=0.00014181  MinIndex=0  EvolveAge=0  Best=0.00014181   BestAge=0  Time=0.066  Run Time=0.7
FIRESTARTER_EVOLVE_GPU: Seed=0  Test=20  Generation=  4  Old Result=10.00000000 >New Result=0.00015532  MinIndex=0  EvolveAge=0  Best=0.00014181   BestAge=2  Time=0.065  Run Time=1.0
FIRESTARTER_EVOLVE_GPU: Seed=0  Test=20  Generation=  5  Old Result=10.00000000 *New Result=0.00006848  MinIndex=0  EvolveAge=0  Best=0.00006848   BestAge=0  Time=0.065  Run Time=1.3
FIRESTARTER_EVOLVE_GPU: Seed=0  Test=20  Generation=  6  Old Result=10.00000000 *New Result=0.00000367  MinIndex=0  EvolveAge=0  Best=0.00000367   BestAge=0  Time=0.066  Run Time=1.6
FIRESTARTER_EVOLVE_GPU: Seed=0  Test=20  Generation=  7  Old Result=10.00000000 >New Result=0.00008724  MinIndex=0  EvolveAge=0  Best=0.00000367   BestAge=2  Time=0.064  Run Time=1.9
FIRESTARTER_EVOLVE_GPU: Seed=0  Test=20  Generation=  8  Old Result=10.00000000 >New Result=0.00001116  MinIndex=0  EvolveAge=0  Best=0.00000367   BestAge=4  Time=0.062  Run Time=2.2
FIRESTARTER_EVOLVE_GPU: Seed=0  Test=20  Generation=  9  Old Result=10.00000000 >New Result=0.00011931  MinIndex=0  EvolveAge=0  Best=0.00000367   BestAge=6  Time=0.065  Run Time=2.5
FIRESTARTER_EVOLVE_GPU: Seed=0  Test=20  Generation= 10  Old Result=10.00000000 >New Result=0.00096169  MinIndex=0  EvolveAge=0  Best=0.00000367   BestAge=8  Time=0.065  Run Time=2.8
FIRESTARTER_EVOLVE_GPU: Seed=0  Test=20  Generation= 11  Old Result=10.00000000 >New Result=0.00015436  MinIndex=0  EvolveAge=0  Best=0.00000367   BestAge=10  Time=0.043  Run Time=3.1
FIRESTARTER_EVOLVE_GPU: Seed=0  Test=20  Generation= 12  Old Result=10.00000000 >New Result=0.00009703  MinIndex=0  EvolveAge=0  Best=0.00000367   BestAge=12  Time=0.044  Run Time=3.3
FIRESTARTER_EVOLVE_GPU: Seed=0  Test=20  Generation= 13  Old Result=10.00000000 *New Result=0.00000300  MinIndex=0  EvolveAge=0  Best=0.00000300   BestAge=0  Time=0.064  Run Time=3.6
FIRESTARTER_EVOLVE_GPU: Seed=0  Test=20  Generation= 14  Old Result=10.00000000 *New Result=0.00000077  MinIndex=0  EvolveAge=0  Best=0.00000077   BestAge=0  Time=0.064  Run Time=3.9
