CUDA devices = 1
Device 0: NVIDIA GeForce RTX 4090

variations = 1
instructions = 32
registers = 30
opcodes = 2
patternOpcodes = 4

targetMin = 0.000000f
targetMax = 6.283185f
target = 0.000001f

mode = FIRESTARTER_OPTIMIZE
evolveSeed = 0
optimizeSeed = 0
tests = 256
streams = 1
units = 1
states = 1
generations = 0
population = 65536
passes = 384
attempts = 0
optimize = 1

scale = 0.300000f
startScale = 2.500000f
startResult = 10.000000f

FIRESTARTER_OPTIMIZE: Seed=0  Test=94  Generation=  2 *Result=0.00003365  Best=0.00003365   Time=0.1  Run Time=279.2
FIRESTARTER_OPTIMIZE: Seed=0  Test=94  Generation=  3  Result=0.00016024  Best=0.00003365   Time=0.1  Run Time=279.6
FIRESTARTER_OPTIMIZE: Seed=0  Test=94  Generation=  4 *Result=0.00000906  Best=0.00000906   Time=0.1  Run Time=280.1
FIRESTARTER_OPTIMIZE: Seed=0  Test=94  Generation=  5  Result=0.00095396  Best=0.00000906   Time=0.1  Run Time=280.5
FIRESTARTER_OPTIMIZE: Seed=0  Test=94  Generation=  6  Result=0.00001781  Best=0.00000906   Time=0.1  Run Time=281.0
FIRESTARTER_OPTIMIZE: Seed=0  Test=94  Generation=  7  Result=0.00542197  Best=0.00000906   Time=0.1  Run Time=281.4
FIRESTARTER_OPTIMIZE: Seed=0  Test=94  Generation=  8 *Result=0.00000844  Best=0.00000844   Time=0.1  Run Time=281.8
FIRESTARTER_OPTIMIZE: Seed=0  Test=94  Generation=  9 *Result=0.00000024  Best=0.00000024   Time=0.1  Run Time=282.3
