CUDA devices = 1
Device 0: NVIDIA GeForce RTX 4090

variations = 1
instructions = 32
registers = 30
opcodes = 2
patternOpcodes = 2

targetMin = 0.000000f
targetMax = 6.283185f
target = 0.000001f

mode = FIRESTARTER_OPTIMIZE
evolveSeed = 0
optimizeSeed = 0
tests = 256
streams = 1
units = 1
states = 1
generations = 0
population = 65536
passes = 384
attempts = 0
optimize = 1

scale = 0.300000f
startScale = 2.500000f
startResult = 10.000000f

FIRESTARTER_OPTIMIZE: Seed=0  Test=149  Generation=  2 *Result=0.00083799  Best=0.00083799   Time=0.1  Run Time=491.7
FIRESTARTER_OPTIMIZE: Seed=0  Test=149  Generation=  3 *Result=0.00028629  Best=0.00028629   Time=0.1  Run Time=492.2
FIRESTARTER_OPTIMIZE: Seed=0  Test=149  Generation=  4 *Result=0.00000101  Best=0.00000101   Time=0.1  Run Time=492.6
FIRESTARTER_OPTIMIZE: Seed=0  Test=149  Generation=  5  Result=0.00001037  Best=0.00000101   Time=0.1  Run Time=493.1
FIRESTARTER_OPTIMIZE: Seed=0  Test=149  Generation=  6  Result=0.00013320  Best=0.00000101   Time=0.1  Run Time=493.5
FIRESTARTER_OPTIMIZE: Seed=0  Test=149  Generation=  7  Result=0.00115424  Best=0.00000101   Time=0.1  Run Time=494.0
FIRESTARTER_OPTIMIZE: Seed=0  Test=149  Generation=  8  Result=0.00001389  Best=0.00000101   Time=0.1  Run Time=494.4
FIRESTARTER_OPTIMIZE: Seed=0  Test=149  Generation=  9  Result=0.00000303  Best=0.00000101   Time=0.1  Run Time=494.9
FIRESTARTER_OPTIMIZE: Seed=0  Test=149  Generation= 10  Result=0.00006592  Best=0.00000101   Time=0.1  Run Time=495.3
FIRESTARTER_OPTIMIZE: Seed=0  Test=149  Generation= 11 *Result=0.00000036  Best=0.00000036   Time=0.1  Run Time=495.7
