CUDA devices = 2
Device 0: NVIDIA GeForce RTX 5090
Device 1: NVIDIA GeForce RTX 5090

variations = 1
instructions = 32
registers = 30
opcodes = 3

targetMin = 0.000000f
targetMax = 6.283185f
target = 0.000001f

mode = FIRESTARTER_OPTIMIZE
evolveSeed = 0
optimizeSeed = 0
tests = 256
streams = 1
units = 1
states = 1
population = 65536
generations = 0
passes = 384
samples = 15
iterations = 64
candidates = 0
attempts = 0
optimize = 1

scale = 0.300000f
startScale = 2.500000f
startResult = 10.000000f

FIRESTARTER_OPTIMIZE: Seed=0  Test=70  Generation=  2 *Result=0.00006222  Best=0.00006222   Time=0.050  Run Time=0.5
FIRESTARTER_OPTIMIZE: Seed=0  Test=70  Generation=  3  Result=0.00154244  Best=0.00006222   Time=0.052  Run Time=0.8
FIRESTARTER_OPTIMIZE: Seed=0  Test=70  Generation=  4  Result=0.00061491  Best=0.00006222   Time=0.047  Run Time=1.1
FIRESTARTER_OPTIMIZE: Seed=0  Test=70  Generation=  5  Result=0.00018603  Best=0.00006222   Time=0.047  Run Time=1.4
FIRESTARTER_OPTIMIZE: Seed=0  Test=70  Generation=  6  Result=0.00069255  Best=0.00006222   Time=0.049  Run Time=1.7
FIRESTARTER_OPTIMIZE: Seed=0  Test=70  Generation=  7 *Result=0.00000163  Best=0.00000163   Time=0.114  Run Time=2.1
FIRESTARTER_OPTIMIZE: Seed=0  Test=70  Generation=  8  Result=0.00000330  Best=0.00000163   Time=0.047  Run Time=2.4
FIRESTARTER_OPTIMIZE: Seed=0  Test=70  Generation=  9  Result=0.00000369  Best=0.00000163   Time=0.046  Run Time=2.7
FIRESTARTER_OPTIMIZE: Seed=0  Test=70  Generation= 10 *Result=0.00000021  Best=0.00000021   Time=0.047  Run Time=3.0
