CUDA devices = 1
Device 0: NVIDIA GeForce RTX 4090

variations = 1
instructions = 32
registers = 30
opcodes = 2

targetMin = 0.000000f
targetMax = 6.283185f
target = 0.000001f

mode = FIRESTARTER_OPTIMIZE
evolveSeed = 0
optimizeSeed = 0
tests = 256
streams = 1
units = 1
states = 1
generations = 0
population = 65536
passes = 384
attempts = 0
optimize = 1

scale = 0.300000f
startScale = 2.500000f
startResult = 10.000000f

FIRESTARTER_OPTIMIZE: Seed=0  Test=149  Generation=  2 *Result=0.00005556  Best=0.00005556   Time=0.2  Run Time=510.7
FIRESTARTER_OPTIMIZE: Seed=0  Test=149  Generation=  3 *Result=0.00001492  Best=0.00001492   Time=0.1  Run Time=511.2
FIRESTARTER_OPTIMIZE: Seed=0  Test=149  Generation=  4  Result=0.00003123  Best=0.00001492   Time=0.1  Run Time=511.6
FIRESTARTER_OPTIMIZE: Seed=0  Test=149  Generation=  5  Result=0.00002446  Best=0.00001492   Time=0.1  Run Time=512.1
FIRESTARTER_OPTIMIZE: Seed=0  Test=149  Generation=  6 *Result=0.00000041  Best=0.00000041   Time=0.1  Run Time=512.5
