CUDA devices = 1
Device 0: NVIDIA GeForce RTX 4090

variations = 1
instructions = 32
registers = 30
opcodes = 3

targetMin = 0.000000f
targetMax = 6.283185f
target = 0.000001f

mode = FIRESTARTER_EVOLVE_GPU
evolveSeed = 0
optimizeSeed = 0
tests = 256
streams = 1
units = 1
states = 1
population = 65536
generations = 0
passes = 256
samples = 15
iterations = 64
candidates = 0
optimize = 1

scale = 0.300000f
startScale = 2.500000f
startResult = 10.000000f


FIRESTARTER_EVOLVE_GPU: Seed=0  Test=236  Generation=  2  Old Result=10.00000000 *New Result=0.00286624  MinIndex=0  EvolveAge=0  Best=0.00286624   BestAge=0  Time=0.065  Run Time=0.5
FIRESTARTER_EVOLVE_GPU: Seed=0  Test=236  Generation=  3  Old Result=10.00000000 *New Result=0.00000922  MinIndex=0  EvolveAge=0  Best=0.00000922   BestAge=0  Time=0.065  Run Time=0.8
FIRESTARTER_EVOLVE_GPU: Seed=0  Test=236  Generation=  4  Old Result=10.00000000 >New Result=0.00050494  MinIndex=0  EvolveAge=0  Best=0.00000922   BestAge=2  Time=0.062  Run Time=1.1
FIRESTARTER_EVOLVE_GPU: Seed=0  Test=236  Generation=  5  Old Result=10.00000000 >New Result=0.00157693  MinIndex=0  EvolveAge=0  Best=0.00000922   BestAge=4  Time=0.064  Run Time=1.4
FIRESTARTER_EVOLVE_GPU: Seed=0  Test=236  Generation=  6  Old Result=10.00000000 >New Result=0.00001244  MinIndex=0  EvolveAge=0  Best=0.00000922   BestAge=6  Time=0.063  Run Time=1.8
FIRESTARTER_EVOLVE_GPU: Seed=0  Test=236  Generation=  7  Old Result=10.00000000 >New Result=0.00010421  MinIndex=0  EvolveAge=0  Best=0.00000922   BestAge=8  Time=0.043  Run Time=2.1
FIRESTARTER_EVOLVE_GPU: Seed=0  Test=236  Generation=  8  Old Result=10.00000000 >New Result=0.00189126  MinIndex=0  EvolveAge=0  Best=0.00000922   BestAge=10  Time=0.062  Run Time=2.4
FIRESTARTER_EVOLVE_GPU: Seed=0  Test=236  Generation=  9  Old Result=10.00000000 >New Result=0.00002128  MinIndex=0  EvolveAge=0  Best=0.00000922   BestAge=12  Time=0.043  Run Time=2.7
FIRESTARTER_EVOLVE_GPU: Seed=0  Test=236  Generation= 10  Old Result=10.00000000 >New Result=0.00042036  MinIndex=0  EvolveAge=0  Best=0.00000922   BestAge=14  Time=0.065  Run Time=3.0
FIRESTARTER_EVOLVE_GPU: Seed=0  Test=236  Generation= 11  Old Result=10.00000000 >New Result=0.00001931  MinIndex=0  EvolveAge=0  Best=0.00000922   BestAge=16  Time=0.043  Run Time=3.2
FIRESTARTER_EVOLVE_GPU: Seed=0  Test=236  Generation= 12  Old Result=10.00000000 >New Result=0.00006470  MinIndex=0  EvolveAge=0  Best=0.00000922   BestAge=18  Time=0.062  Run Time=3.5
FIRESTARTER_EVOLVE_GPU: Seed=0  Test=236  Generation= 13  Old Result=10.00000000 *New Result=0.00000170  MinIndex=0  EvolveAge=0  Best=0.00000170   BestAge=0  Time=0.064  Run Time=3.9
FIRESTARTER_EVOLVE_GPU: Seed=0  Test=236  Generation= 14  Old Result=10.00000000 >New Result=0.00014076  MinIndex=0  EvolveAge=0  Best=0.00000170   BestAge=2  Time=0.063  Run Time=4.1
FIRESTARTER_EVOLVE_GPU: Seed=0  Test=236  Generation= 15  Old Result=10.00000000 >New Result=0.00027697  MinIndex=0  EvolveAge=0  Best=0.00000170   BestAge=4  Time=0.044  Run Time=4.4
FIRESTARTER_EVOLVE_GPU: Seed=0  Test=236  Generation= 16  Old Result=10.00000000 *New Result=0.00000060  MinIndex=0  EvolveAge=0  Best=0.00000060   BestAge=0  Time=0.044  Run Time=4.7
