CUDA devices = 1
Device 0: NVIDIA GeForce RTX 4090

variations = 1
instructions = 32
registers = 30
opcodes = 2
patternOpcodes = 2

targetMin = 0.000000f
targetMax = 6.283185f
target = 0.000001f

mode = FIRESTARTER_OPTIMIZE
evolveSeed = 0
optimizeSeed = 0
tests = 256
streams = 1
units = 1
states = 1
generations = 0
population = 65536
passes = 384
attempts = 0
optimize = 1

scale = 0.300000f
startScale = 2.500000f
startResult = 10.000000f

FIRESTARTER_OPTIMIZE: Seed=0  Test=129  Generation=  2 *Result=0.00076636  Best=0.00076636   Time=0.1  Run Time=432.4
FIRESTARTER_OPTIMIZE: Seed=0  Test=129  Generation=  3  Result=0.00249863  Best=0.00076636   Time=0.1  Run Time=432.8
FIRESTARTER_OPTIMIZE: Seed=0  Test=129  Generation=  4 *Result=0.00003616  Best=0.00003616   Time=0.1  Run Time=433.3
FIRESTARTER_OPTIMIZE: Seed=0  Test=129  Generation=  5  Result=0.00019747  Best=0.00003616   Time=0.1  Run Time=433.7
FIRESTARTER_OPTIMIZE: Seed=0  Test=129  Generation=  6 *Result=0.00000410  Best=0.00000410   Time=0.1  Run Time=434.1
FIRESTARTER_OPTIMIZE: Seed=0  Test=129  Generation=  7 *Result=0.00000358  Best=0.00000358   Time=0.1  Run Time=434.6
FIRESTARTER_OPTIMIZE: Seed=0  Test=129  Generation=  8  Result=0.00001930  Best=0.00000358   Time=0.1  Run Time=435.0
FIRESTARTER_OPTIMIZE: Seed=0  Test=129  Generation=  9 *Result=0.00000014  Best=0.00000014   Time=0.1  Run Time=435.5
