CUDA devices = 1
Device 0: NVIDIA GeForce RTX 4090

variations = 1
instructions = 32
registers = 30
opcodes = 3

targetMin = 0.000000f
targetMax = 6.283185f
target = 0.000001f

mode = FIRESTARTER_OPTIMIZE
evolveSeed = 0
optimizeSeed = 0
tests = 256
streams = 1
units = 1
states = 1
population = 65536
generations = 0
passes = 512
samples = 15
iterations = 64
candidates = 0
optimize = 1

scale = 0.300000f
startScale = 2.500000f
startResult = 10.000000f

FIRESTARTER_OPTIMIZE: Seed=0  Test=60  Generation=  2 *Result=0.00252780  Best=0.00252780   Time=0.127  Run Time=0.7
FIRESTARTER_OPTIMIZE: Seed=0  Test=60  Generation=  3 *Result=0.00155622  Best=0.00155622   Time=0.123  Run Time=1.2
FIRESTARTER_OPTIMIZE: Seed=0  Test=60  Generation=  4 *Result=0.00000937  Best=0.00000937   Time=0.126  Run Time=1.8
FIRESTARTER_OPTIMIZE: Seed=0  Test=60  Generation=  5  Result=0.00002870  Best=0.00000937   Time=0.124  Run Time=2.3
FIRESTARTER_OPTIMIZE: Seed=0  Test=60  Generation=  6  Result=0.00004786  Best=0.00000937   Time=0.125  Run Time=2.6
FIRESTARTER_OPTIMIZE: Seed=0  Test=60  Generation=  7  Result=0.00000979  Best=0.00000937   Time=0.125  Run Time=2.9
FIRESTARTER_OPTIMIZE: Seed=0  Test=60  Generation=  8 *Result=0.00000035  Best=0.00000035   Time=0.123  Run Time=3.4
