CUDA devices = 1
Device 0: NVIDIA GeForce RTX 4090

variations = 1
instructions = 32
registers = 30
opcodes = 2
patternOpcodes = 4

targetMin = 0.000000f
targetMax = 6.283185f
target = 0.000001f

mode = FIRESTARTER_OPTIMIZE
evolveSeed = 0
optimizeSeed = 0
tests = 256
streams = 1
units = 1
states = 1
generations = 0
population = 65536
passes = 384
attempts = 0
optimize = 1

scale = 0.300000f
startScale = 2.500000f
startResult = 10.000000f

FIRESTARTER_OPTIMIZE: Seed=0  Test=153  Generation=  2 *Result=0.00003292  Best=0.00003292   Time=0.1  Run Time=478.9
FIRESTARTER_OPTIMIZE: Seed=0  Test=153  Generation=  3  Result=0.00023070  Best=0.00003292   Time=0.1  Run Time=479.4
FIRESTARTER_OPTIMIZE: Seed=0  Test=153  Generation=  4  Result=0.00121854  Best=0.00003292   Time=0.1  Run Time=479.8
FIRESTARTER_OPTIMIZE: Seed=0  Test=153  Generation=  5  Result=0.00018639  Best=0.00003292   Time=0.1  Run Time=480.3
FIRESTARTER_OPTIMIZE: Seed=0  Test=153  Generation=  6 *Result=0.00002180  Best=0.00002180   Time=0.1  Run Time=480.7
FIRESTARTER_OPTIMIZE: Seed=0  Test=153  Generation=  7 *Result=0.00000527  Best=0.00000527   Time=0.1  Run Time=481.2
FIRESTARTER_OPTIMIZE: Seed=0  Test=153  Generation=  8  Result=0.00003654  Best=0.00000527   Time=0.1  Run Time=481.6
FIRESTARTER_OPTIMIZE: Seed=0  Test=153  Generation=  9  Result=0.00005609  Best=0.00000527   Time=0.1  Run Time=482.0
FIRESTARTER_OPTIMIZE: Seed=0  Test=153  Generation= 10  Result=0.00002229  Best=0.00000527   Time=0.1  Run Time=482.5
FIRESTARTER_OPTIMIZE: Seed=0  Test=153  Generation= 11  Result=0.00063765  Best=0.00000527   Time=0.1  Run Time=482.9
FIRESTARTER_OPTIMIZE: Seed=0  Test=153  Generation= 12 *Result=0.00000065  Best=0.00000065   Time=0.1  Run Time=483.4
