CUDA devices = 1
Device 0: NVIDIA GeForce RTX 4090

variations = 1
instructions = 32
registers = 30
opcodes = 4

targetMin = 0.000000f
targetMax = 6.283185f
target = 0.000001f

mode = FIRESTARTER_OPTIMIZE
evolveSeed = 0
optimizeSeed = 0
tests = 256
streams = 1
units = 1
states = 1
generations = 0
population = 65536
passes = 384
attempts = 0
optimize = 1

scale = 0.300000f
startScale = 2.500000f
startResult = 10.000000f

FIRESTARTER_OPTIMIZE: Seed=0  Test=231  Generation=  2 *Result=0.00017035  Best=0.00017035   Time=0.1  Run Time=805.3
FIRESTARTER_OPTIMIZE: Seed=0  Test=231  Generation=  3  Result=0.00052810  Best=0.00017035   Time=0.1  Run Time=805.8
FIRESTARTER_OPTIMIZE: Seed=0  Test=231  Generation=  4  Result=0.00084244  Best=0.00017035   Time=0.1  Run Time=806.2
FIRESTARTER_OPTIMIZE: Seed=0  Test=231  Generation=  5 *Result=0.00002295  Best=0.00002295   Time=0.1  Run Time=806.6
FIRESTARTER_OPTIMIZE: Seed=0  Test=231  Generation=  6 *Result=0.00001949  Best=0.00001949   Time=0.1  Run Time=807.1
FIRESTARTER_OPTIMIZE: Seed=0  Test=231  Generation=  7 *Result=0.00001252  Best=0.00001252   Time=0.1  Run Time=807.5
FIRESTARTER_OPTIMIZE: Seed=0  Test=231  Generation=  8 *Result=0.00000025  Best=0.00000025   Time=0.1  Run Time=808.0
