CUDA devices = 1
Device 0: NVIDIA GeForce RTX 4090

variations = 1
instructions = 32
registers = 30
opcodes = 2

targetMin = 0.000000f
targetMax = 6.283185f
target = 0.000001f

mode = FIRESTARTER_OPTIMIZE
evolveSeed = 0
optimizeSeed = 0
tests = 256
streams = 1
units = 1
states = 1
generations = 0
population = 65536
passes = 384
attempts = 0
optimize = 1

scale = 0.300000f
startScale = 2.500000f
startResult = 10.000000f

FIRESTARTER_OPTIMIZE: Seed=0  Test=205  Generation=  2 *Result=0.00139492  Best=0.00139492   Time=0.1  Run Time=731.0
FIRESTARTER_OPTIMIZE: Seed=0  Test=205  Generation=  3 *Result=0.00005025  Best=0.00005025   Time=0.1  Run Time=731.5
FIRESTARTER_OPTIMIZE: Seed=0  Test=205  Generation=  4 *Result=0.00003612  Best=0.00003612   Time=0.1  Run Time=731.9
FIRESTARTER_OPTIMIZE: Seed=0  Test=205  Generation=  5 *Result=0.00001597  Best=0.00001597   Time=0.1  Run Time=732.3
FIRESTARTER_OPTIMIZE: Seed=0  Test=205  Generation=  6  Result=0.00016970  Best=0.00001597   Time=0.1  Run Time=732.8
FIRESTARTER_OPTIMIZE: Seed=0  Test=205  Generation=  7 *Result=0.00000143  Best=0.00000143   Time=0.1  Run Time=733.2
FIRESTARTER_OPTIMIZE: Seed=0  Test=205  Generation=  8  Result=0.00036365  Best=0.00000143   Time=0.1  Run Time=733.6
FIRESTARTER_OPTIMIZE: Seed=0  Test=205  Generation=  9  Result=0.00007306  Best=0.00000143   Time=0.1  Run Time=734.1
FIRESTARTER_OPTIMIZE: Seed=0  Test=205  Generation= 10  Result=0.00022283  Best=0.00000143   Time=0.1  Run Time=734.5
FIRESTARTER_OPTIMIZE: Seed=0  Test=205  Generation= 11  Result=0.00024885  Best=0.00000143   Time=0.1  Run Time=734.9
FIRESTARTER_OPTIMIZE: Seed=0  Test=205  Generation= 12 *Result=0.00000017  Best=0.00000017   Time=0.1  Run Time=735.4
