CUDA devices = 1
Device 0: NVIDIA GeForce RTX 4090

variations = 1
instructions = 32
registers = 30
opcodes = 3

targetMin = 0.000000f
targetMax = 6.283185f
target = 0.000001f

mode = FIRESTARTER_OPTIMIZE
evolveSeed = 0
optimizeSeed = 0
tests = 256
streams = 1
units = 1
states = 1
generations = 0
population = 65536
passes = 384
attempts = 0
optimize = 1

scale = 0.300000f
startScale = 2.500000f
startResult = 10.000000f

FIRESTARTER_OPTIMIZE: Seed=0  Test=239  Generation=  2 *Result=0.00006829  Best=0.00006829   Time=0.2  Run Time=709.8
FIRESTARTER_OPTIMIZE: Seed=0  Test=239  Generation=  3  Result=0.00037567  Best=0.00006829   Time=0.1  Run Time=710.2
FIRESTARTER_OPTIMIZE: Seed=0  Test=239  Generation=  4  Result=0.00221008  Best=0.00006829   Time=0.1  Run Time=710.7
FIRESTARTER_OPTIMIZE: Seed=0  Test=239  Generation=  5  Result=0.00158998  Best=0.00006829   Time=0.1  Run Time=711.1
FIRESTARTER_OPTIMIZE: Seed=0  Test=239  Generation=  6 *Result=0.00000025  Best=0.00000025   Time=0.1  Run Time=711.5
