CUDA devices = 2
Device 0: NVIDIA GeForce RTX 5090
Device 1: NVIDIA GeForce RTX 5090

variations = 1
instructions = 32
registers = 30
opcodes = 3

targetMin = 0.000000f
targetMax = 6.283185f
target = 0.000001f

mode = FIRESTARTER_OPTIMIZE
evolveSeed = 0
optimizeSeed = 0
tests = 256
streams = 1
units = 1
states = 1
population = 65536
generations = 0
passes = 384
samples = 15
iterations = 64
candidates = 0
attempts = 0
optimize = 1

scale = 0.300000f
startScale = 2.500000f
startResult = 10.000000f

FIRESTARTER_OPTIMIZE: Seed=0  Test=189  Generation=  2 *Result=0.00015399  Best=0.00015399   Time=0.048  Run Time=0.7
FIRESTARTER_OPTIMIZE: Seed=0  Test=189  Generation=  3 *Result=0.00002683  Best=0.00002683   Time=0.048  Run Time=1.1
FIRESTARTER_OPTIMIZE: Seed=0  Test=189  Generation=  4  Result=0.00018251  Best=0.00002683   Time=0.047  Run Time=1.5
FIRESTARTER_OPTIMIZE: Seed=0  Test=189  Generation=  5  Result=0.00017463  Best=0.00002683   Time=0.047  Run Time=1.9
FIRESTARTER_OPTIMIZE: Seed=0  Test=189  Generation=  6 *Result=0.00001410  Best=0.00001410   Time=0.048  Run Time=2.4
FIRESTARTER_OPTIMIZE: Seed=0  Test=189  Generation=  7 *Result=0.00000213  Best=0.00000213   Time=0.126  Run Time=2.9
FIRESTARTER_OPTIMIZE: Seed=0  Test=189  Generation=  8 *Result=0.00000191  Best=0.00000191   Time=0.049  Run Time=3.3
FIRESTARTER_OPTIMIZE: Seed=0  Test=189  Generation=  9  Result=0.00007901  Best=0.00000191   Time=0.047  Run Time=3.7
FIRESTARTER_OPTIMIZE: Seed=0  Test=189  Generation= 10  Result=0.00000328  Best=0.00000191   Time=0.047  Run Time=4.2
FIRESTARTER_OPTIMIZE: Seed=0  Test=189  Generation= 11  Result=0.00020572  Best=0.00000191   Time=0.047  Run Time=4.6
FIRESTARTER_OPTIMIZE: Seed=0  Test=189  Generation= 12 *Result=0.00000011  Best=0.00000011   Time=0.048  Run Time=5.1
