CUDA devices = 1
Device 0: NVIDIA GeForce RTX 4090

variations = 1
instructions = 32
registers = 30
opcodes = 3

targetMin = 0.000000f
targetMax = 6.283185f
target = 0.000001f

mode = FIRESTARTER_OPTIMIZE
evolveSeed = 0
optimizeSeed = 0
tests = 256
streams = 1
units = 1
states = 1
population = 65536
generations = 0
passes = 384
samples = 15
iterations = 64
candidates = 0
attempts = 0
optimize = 1

scale = 0.300000f
startScale = 2.500000f
startResult = 10.000000f

FIRESTARTER_OPTIMIZE: Seed=0  Test= 6  Generation=  2 *Result=0.00018838  Best=0.00018838   Time=0.098  Run Time=0.5
FIRESTARTER_OPTIMIZE: Seed=0  Test= 6  Generation=  3 *Result=0.00004329  Best=0.00004329   Time=0.094  Run Time=0.9
FIRESTARTER_OPTIMIZE: Seed=0  Test= 6  Generation=  4  Result=0.00004587  Best=0.00004329   Time=0.094  Run Time=1.3
FIRESTARTER_OPTIMIZE: Seed=0  Test= 6  Generation=  5 *Result=0.00002296  Best=0.00002296   Time=0.096  Run Time=1.8
FIRESTARTER_OPTIMIZE: Seed=0  Test= 6  Generation=  6  Result=0.00067885  Best=0.00002296   Time=0.090  Run Time=2.2
FIRESTARTER_OPTIMIZE: Seed=0  Test= 6  Generation=  7  Result=0.00089344  Best=0.00002296   Time=0.095  Run Time=2.6
FIRESTARTER_OPTIMIZE: Seed=0  Test= 6  Generation=  8 *Result=0.00000015  Best=0.00000015   Time=0.094  Run Time=3.0
