CUDA devices = 1
Device 0: NVIDIA GeForce RTX 4090

variations = 1
instructions = 32
registers = 30
opcodes = 2

targetMin = 0.000000f
targetMax = 6.283185f
target = 0.000001f

mode = FIRESTARTER_OPTIMIZE
evolveSeed = 0
optimizeSeed = 0
tests = 256
streams = 1
units = 1
states = 1
generations = 0
population = 65536
passes = 384
attempts = 0
optimize = 1

scale = 0.300000f
startScale = 2.500000f
startResult = 10.000000f

FIRESTARTER_OPTIMIZE: Seed=0  Test=118  Generation=  2 *Result=0.00235230  Best=0.00235230   Time=0.1  Run Time=399.6
FIRESTARTER_OPTIMIZE: Seed=0  Test=118  Generation=  3 *Result=0.00012471  Best=0.00012471   Time=0.1  Run Time=400.0
FIRESTARTER_OPTIMIZE: Seed=0  Test=118  Generation=  4 *Result=0.00000378  Best=0.00000378   Time=0.1  Run Time=400.5
FIRESTARTER_OPTIMIZE: Seed=0  Test=118  Generation=  5  Result=0.00005281  Best=0.00000378   Time=0.1  Run Time=400.9
FIRESTARTER_OPTIMIZE: Seed=0  Test=118  Generation=  6  Result=0.00046343  Best=0.00000378   Time=0.1  Run Time=401.3
FIRESTARTER_OPTIMIZE: Seed=0  Test=118  Generation=  7 *Result=0.00000256  Best=0.00000256   Time=0.1  Run Time=401.8
FIRESTARTER_OPTIMIZE: Seed=0  Test=118  Generation=  8  Result=0.00004363  Best=0.00000256   Time=0.1  Run Time=402.2
FIRESTARTER_OPTIMIZE: Seed=0  Test=118  Generation=  9 *Result=0.00000009  Best=0.00000009   Time=0.1  Run Time=402.6
