CUDA devices = 1
Device 0: NVIDIA GeForce RTX 4090

variations = 1
instructions = 32
registers = 30
opcodes = 3

targetMin = 0.000000f
targetMax = 6.283185f
target = 0.000001f

mode = FIRESTARTER_OPTIMIZE
evolveSeed = 0
optimizeSeed = 0
tests = 256
streams = 1
units = 1
states = 1
population = 65536
generations = 0
passes = 512
samples = 15
iterations = 64
candidates = 0
optimize = 1

scale = 0.300000f
startScale = 2.500000f
startResult = 10.000000f

FIRESTARTER_OPTIMIZE: Seed=0  Test=96  Generation=  2 *Result=0.00061779  Best=0.00061779   Time=0.223  Run Time=0.7
FIRESTARTER_OPTIMIZE: Seed=0  Test=96  Generation=  3  Result=0.00067302  Best=0.00061779   Time=0.122  Run Time=1.1
FIRESTARTER_OPTIMIZE: Seed=0  Test=96  Generation=  4 *Result=0.00010580  Best=0.00010580   Time=0.124  Run Time=1.6
FIRESTARTER_OPTIMIZE: Seed=0  Test=96  Generation=  5 *Result=0.00009662  Best=0.00009662   Time=0.208  Run Time=2.0
FIRESTARTER_OPTIMIZE: Seed=0  Test=96  Generation=  6 *Result=0.00003839  Best=0.00003839   Time=0.125  Run Time=2.5
FIRESTARTER_OPTIMIZE: Seed=0  Test=96  Generation=  7 *Result=0.00000960  Best=0.00000960   Time=0.258  Run Time=3.2
FIRESTARTER_OPTIMIZE: Seed=0  Test=96  Generation=  8  Result=0.00002734  Best=0.00000960   Time=0.119  Run Time=3.7
FIRESTARTER_OPTIMIZE: Seed=0  Test=96  Generation=  9  Result=0.00070045  Best=0.00000960   Time=0.121  Run Time=4.0
FIRESTARTER_OPTIMIZE: Seed=0  Test=96  Generation= 10 *Result=0.00000176  Best=0.00000176   Time=0.125  Run Time=4.5
FIRESTARTER_OPTIMIZE: Seed=0  Test=96  Generation= 11  Result=0.00221554  Best=0.00000176   Time=0.123  Run Time=5.1
FIRESTARTER_OPTIMIZE: Seed=0  Test=96  Generation= 12  Result=0.00000185  Best=0.00000176   Time=0.127  Run Time=5.6
FIRESTARTER_OPTIMIZE: Seed=0  Test=96  Generation= 13 *Result=0.00000016  Best=0.00000016   Time=0.124  Run Time=6.1
