CUDA devices = 1
Device 0: NVIDIA GeForce RTX 4090

variations = 1
instructions = 32
registers = 30
opcodes = 2
patternOpcodes = 2

targetMin = 0.000000f
targetMax = 6.283185f
target = 0.000001f

mode = FIRESTARTER_OPTIMIZE
evolveSeed = 0
optimizeSeed = 0
tests = 256
streams = 1
units = 1
states = 1
generations = 0
population = 65536
passes = 384
attempts = 0
optimize = 1

scale = 0.300000f
startScale = 2.500000f
startResult = 10.000000f

FIRESTARTER_OPTIMIZE: Seed=0  Test=154  Generation=  2 *Result=0.00028449  Best=0.00028449   Time=0.1  Run Time=505.1
FIRESTARTER_OPTIMIZE: Seed=0  Test=154  Generation=  3 *Result=0.00007344  Best=0.00007344   Time=0.1  Run Time=505.6
FIRESTARTER_OPTIMIZE: Seed=0  Test=154  Generation=  4 *Result=0.00003106  Best=0.00003106   Time=0.1  Run Time=506.0
FIRESTARTER_OPTIMIZE: Seed=0  Test=154  Generation=  5  Result=0.00025475  Best=0.00003106   Time=0.1  Run Time=506.5
FIRESTARTER_OPTIMIZE: Seed=0  Test=154  Generation=  6 *Result=0.00000022  Best=0.00000022   Time=0.1  Run Time=506.9
