CUDA devices = 1
Device 0: NVIDIA GeForce RTX 4090

variations = 1
instructions = 32
registers = 30
opcodes = 3

targetMin = 0.000000f
targetMax = 6.283185f
target = 0.000001f

mode = FIRESTARTER_OPTIMIZE
evolveSeed = 0
optimizeSeed = 0
tests = 256
streams = 1
units = 1
states = 1
population = 65536
generations = 0
passes = 512
samples = 15
iterations = 64
candidates = 0
optimize = 1

scale = 0.300000f
startScale = 2.500000f
startResult = 10.000000f

FIRESTARTER_OPTIMIZE: Seed=0  Test=193  Generation=  2 *Result=0.00000173  Best=0.00000173   Time=0.123  Run Time=0.7
FIRESTARTER_OPTIMIZE: Seed=0  Test=193  Generation=  3  Result=0.00007468  Best=0.00000173   Time=0.121  Run Time=1.2
FIRESTARTER_OPTIMIZE: Seed=0  Test=193  Generation=  4  Result=0.00019095  Best=0.00000173   Time=0.122  Run Time=1.8
FIRESTARTER_OPTIMIZE: Seed=0  Test=193  Generation=  5  Result=0.00020539  Best=0.00000173   Time=0.123  Run Time=2.1
FIRESTARTER_OPTIMIZE: Seed=0  Test=193  Generation=  6  Result=0.00027511  Best=0.00000173   Time=0.123  Run Time=2.4
FIRESTARTER_OPTIMIZE: Seed=0  Test=193  Generation=  7  Result=0.00017564  Best=0.00000173   Time=0.123  Run Time=2.7
FIRESTARTER_OPTIMIZE: Seed=0  Test=193  Generation=  8  Result=0.00024000  Best=0.00000173   Time=0.123  Run Time=3.0
FIRESTARTER_OPTIMIZE: Seed=0  Test=193  Generation=  9  Result=0.00047063  Best=0.00000173   Time=0.121  Run Time=3.5
FIRESTARTER_OPTIMIZE: Seed=0  Test=193  Generation= 10  Result=0.00003874  Best=0.00000173   Time=0.122  Run Time=4.0
FIRESTARTER_OPTIMIZE: Seed=0  Test=193  Generation= 11 *Result=0.00000046  Best=0.00000046   Time=0.122  Run Time=4.5
