CUDA devices = 1
Device 0: NVIDIA GeForce RTX 4090

variations = 1
instructions = 32
registers = 30
opcodes = 4

targetMin = 0.000000f
targetMax = 6.283185f
target = 0.000001f

mode = FIRESTARTER_OPTIMIZE
evolveSeed = 0
optimizeSeed = 0
tests = 256
streams = 1
units = 1
states = 1
generations = 0
population = 65536
passes = 384
attempts = 0
optimize = 1

scale = 0.300000f
startScale = 2.500000f
startResult = 10.000000f

FIRESTARTER_OPTIMIZE: Seed=0  Test=211  Generation=  2 *Result=0.00000255  Best=0.00000255   Time=0.1  Run Time=737.0
FIRESTARTER_OPTIMIZE: Seed=0  Test=211  Generation=  3  Result=0.00011231  Best=0.00000255   Time=0.1  Run Time=737.4
FIRESTARTER_OPTIMIZE: Seed=0  Test=211  Generation=  4  Result=0.00005049  Best=0.00000255   Time=0.1  Run Time=737.9
FIRESTARTER_OPTIMIZE: Seed=0  Test=211  Generation=  5  Result=0.00018299  Best=0.00000255   Time=0.1  Run Time=738.3
FIRESTARTER_OPTIMIZE: Seed=0  Test=211  Generation=  6  Result=0.00003342  Best=0.00000255   Time=0.1  Run Time=738.8
FIRESTARTER_OPTIMIZE: Seed=0  Test=211  Generation=  7  Result=0.00001356  Best=0.00000255   Time=0.1  Run Time=739.2
FIRESTARTER_OPTIMIZE: Seed=0  Test=211  Generation=  8  Result=0.00001351  Best=0.00000255   Time=0.1  Run Time=739.7
FIRESTARTER_OPTIMIZE: Seed=0  Test=211  Generation=  9 *Result=0.00000232  Best=0.00000232   Time=0.1  Run Time=740.1
FIRESTARTER_OPTIMIZE: Seed=0  Test=211  Generation= 10  Result=0.00000899  Best=0.00000232   Time=0.1  Run Time=740.6
FIRESTARTER_OPTIMIZE: Seed=0  Test=211  Generation= 11  Result=0.00024354  Best=0.00000232   Time=0.1  Run Time=741.0
FIRESTARTER_OPTIMIZE: Seed=0  Test=211  Generation= 12 *Result=0.00000044  Best=0.00000044   Time=0.1  Run Time=741.5
