CUDA devices = 1
Device 0: NVIDIA GeForce RTX 4090

variations = 1
instructions = 32
registers = 30
opcodes = 3

targetMin = 0.000000f
targetMax = 6.283185f
target = 0.000001f

mode = FIRESTARTER_OPTIMIZE
evolveSeed = 0
optimizeSeed = 0
tests = 256
streams = 1
units = 1
states = 1
population = 65536
generations = 0
passes = 384
samples = 15
iterations = 64
candidates = 0
attempts = 0
optimize = 1

scale = 0.300000f
startScale = 2.500000f
startResult = 10.000000f

FIRESTARTER_OPTIMIZE: Seed=0  Test=22  Generation=  2 *Result=0.00004363  Best=0.00004363   Time=0.099  Run Time=0.6
FIRESTARTER_OPTIMIZE: Seed=0  Test=22  Generation=  3  Result=0.00013615  Best=0.00004363   Time=0.098  Run Time=1.1
FIRESTARTER_OPTIMIZE: Seed=0  Test=22  Generation=  4  Result=0.00032184  Best=0.00004363   Time=0.098  Run Time=1.6
FIRESTARTER_OPTIMIZE: Seed=0  Test=22  Generation=  5  Result=0.00022578  Best=0.00004363   Time=0.099  Run Time=2.0
FIRESTARTER_OPTIMIZE: Seed=0  Test=22  Generation=  6  Result=0.00025189  Best=0.00004363   Time=0.098  Run Time=2.5
FIRESTARTER_OPTIMIZE: Seed=0  Test=22  Generation=  7  Result=0.00194096  Best=0.00004363   Time=0.099  Run Time=2.9
FIRESTARTER_OPTIMIZE: Seed=0  Test=22  Generation=  8 *Result=0.00000663  Best=0.00000663   Time=0.150  Run Time=3.4
FIRESTARTER_OPTIMIZE: Seed=0  Test=22  Generation=  9 *Result=0.00000347  Best=0.00000347   Time=0.100  Run Time=3.9
FIRESTARTER_OPTIMIZE: Seed=0  Test=22  Generation= 10  Result=0.00000438  Best=0.00000347   Time=0.098  Run Time=4.4
FIRESTARTER_OPTIMIZE: Seed=0  Test=22  Generation= 11 *Result=0.00000028  Best=0.00000028   Time=0.100  Run Time=4.9
