CUDA devices = 1
Device 0: NVIDIA GeForce RTX 4090

variations = 1
instructions = 32
registers = 30
opcodes = 2
patternOpcodes = 4

targetMin = 0.000000f
targetMax = 6.283185f
target = 0.000001f

mode = FIRESTARTER_OPTIMIZE
evolveSeed = 0
optimizeSeed = 0
tests = 256
streams = 1
units = 1
states = 1
generations = 0
population = 65536
passes = 384
attempts = 0
optimize = 1

scale = 0.300000f
startScale = 2.500000f
startResult = 10.000000f

FIRESTARTER_OPTIMIZE: Seed=0  Test=89  Generation=  2 *Result=0.00116154  Best=0.00116154   Time=0.1  Run Time=262.3
FIRESTARTER_OPTIMIZE: Seed=0  Test=89  Generation=  3 *Result=0.00000823  Best=0.00000823   Time=0.1  Run Time=262.7
FIRESTARTER_OPTIMIZE: Seed=0  Test=89  Generation=  4  Result=0.00045068  Best=0.00000823   Time=0.1  Run Time=263.2
FIRESTARTER_OPTIMIZE: Seed=0  Test=89  Generation=  5  Result=0.00012536  Best=0.00000823   Time=0.1  Run Time=263.6
FIRESTARTER_OPTIMIZE: Seed=0  Test=89  Generation=  6 *Result=0.00000232  Best=0.00000232   Time=0.1  Run Time=264.0
FIRESTARTER_OPTIMIZE: Seed=0  Test=89  Generation=  7 *Result=0.00000010  Best=0.00000010   Time=0.1  Run Time=264.5
