CUDA devices = 1
Device 0: NVIDIA GeForce RTX 4090

variations = 1
instructions = 32
registers = 30
opcodes = 2
patternOpcodes = 4

targetMin = 0.000000f
targetMax = 6.283185f
target = 0.000001f

mode = FIRESTARTER_OPTIMIZE
evolveSeed = 0
optimizeSeed = 0
tests = 256
streams = 1
units = 1
states = 1
generations = 0
population = 65536
passes = 384
attempts = 0
optimize = 1

scale = 0.300000f
startScale = 2.500000f
startResult = 10.000000f

FIRESTARTER_OPTIMIZE: Seed=0  Test=122  Generation=  2 *Result=0.00013938  Best=0.00013938   Time=0.1  Run Time=378.5
FIRESTARTER_OPTIMIZE: Seed=0  Test=122  Generation=  3  Result=0.00394103  Best=0.00013938   Time=0.1  Run Time=379.0
FIRESTARTER_OPTIMIZE: Seed=0  Test=122  Generation=  4 *Result=0.00000317  Best=0.00000317   Time=0.1  Run Time=379.4
FIRESTARTER_OPTIMIZE: Seed=0  Test=122  Generation=  5  Result=0.00000639  Best=0.00000317   Time=0.1  Run Time=379.9
FIRESTARTER_OPTIMIZE: Seed=0  Test=122  Generation=  6  Result=0.00013217  Best=0.00000317   Time=0.1  Run Time=380.3
FIRESTARTER_OPTIMIZE: Seed=0  Test=122  Generation=  7  Result=0.00021332  Best=0.00000317   Time=0.1  Run Time=380.7
FIRESTARTER_OPTIMIZE: Seed=0  Test=122  Generation=  8  Result=0.00001490  Best=0.00000317   Time=0.1  Run Time=381.2
FIRESTARTER_OPTIMIZE: Seed=0  Test=122  Generation=  9 *Result=0.00000025  Best=0.00000025   Time=0.1  Run Time=381.6
