CUDA devices = 1
Device 0: NVIDIA GeForce RTX 4090

variations = 1
instructions = 32
registers = 30
opcodes = 2
patternOpcodes = 4

targetMin = 0.000000f
targetMax = 6.283185f
target = 0.000001f

mode = FIRESTARTER_OPTIMIZE
evolveSeed = 0
optimizeSeed = 0
tests = 256
streams = 1
units = 1
states = 1
generations = 0
population = 65536
passes = 384
attempts = 0
optimize = 1

scale = 0.300000f
startScale = 2.500000f
startResult = 10.000000f

FIRESTARTER_OPTIMIZE: Seed=0  Test=114  Generation=  2 *Result=0.00013345  Best=0.00013345   Time=0.1  Run Time=337.5
FIRESTARTER_OPTIMIZE: Seed=0  Test=114  Generation=  3 *Result=0.00005256  Best=0.00005256   Time=0.1  Run Time=337.9
FIRESTARTER_OPTIMIZE: Seed=0  Test=114  Generation=  4  Result=0.00005301  Best=0.00005256   Time=0.1  Run Time=338.3
FIRESTARTER_OPTIMIZE: Seed=0  Test=114  Generation=  5  Result=0.00015261  Best=0.00005256   Time=0.1  Run Time=338.7
FIRESTARTER_OPTIMIZE: Seed=0  Test=114  Generation=  6 *Result=0.00000235  Best=0.00000235   Time=0.1  Run Time=339.1
FIRESTARTER_OPTIMIZE: Seed=0  Test=114  Generation=  7  Result=0.00015878  Best=0.00000235   Time=0.1  Run Time=339.5
FIRESTARTER_OPTIMIZE: Seed=0  Test=114  Generation=  8  Result=0.00000418  Best=0.00000235   Time=0.1  Run Time=339.9
FIRESTARTER_OPTIMIZE: Seed=0  Test=114  Generation=  9  Result=0.00063068  Best=0.00000235   Time=0.1  Run Time=340.2
FIRESTARTER_OPTIMIZE: Seed=0  Test=114  Generation= 10 *Result=0.00000132  Best=0.00000132   Time=0.1  Run Time=340.6
FIRESTARTER_OPTIMIZE: Seed=0  Test=114  Generation= 11 *Result=0.00000022  Best=0.00000022   Time=0.1  Run Time=341.0
