CUDA devices = 1
Device 0: NVIDIA GeForce RTX 4090

variations = 1
instructions = 32
registers = 30
opcodes = 3

targetMin = 0.000000f
targetMax = 6.283185f
target = 0.000001f

mode = FIRESTARTER_OPTIMIZE
evolveSeed = 0
optimizeSeed = 0
tests = 256
streams = 1
units = 1
states = 1
population = 65536
generations = 0
passes = 512
samples = 15
iterations = 64
candidates = 0
optimize = 1

scale = 0.300000f
startScale = 2.500000f
startResult = 10.000000f

FIRESTARTER_OPTIMIZE: Seed=0  Test=162  Generation=  2 *Result=0.00033428  Best=0.00033428   Time=0.121  Run Time=0.6
FIRESTARTER_OPTIMIZE: Seed=0  Test=162  Generation=  3 *Result=0.00001529  Best=0.00001529   Time=0.127  Run Time=1.3
FIRESTARTER_OPTIMIZE: Seed=0  Test=162  Generation=  4 *Result=0.00000638  Best=0.00000638   Time=0.126  Run Time=1.8
FIRESTARTER_OPTIMIZE: Seed=0  Test=162  Generation=  5 *Result=0.00000011  Best=0.00000011   Time=0.126  Run Time=2.3
