CUDA devices = 1
Device 0: NVIDIA GeForce RTX 4090

variations = 1
instructions = 32
registers = 30
opcodes = 4

targetMin = 0.000000f
targetMax = 6.283185f
target = 0.000001f

mode = FIRESTARTER_OPTIMIZE
evolveSeed = 0
optimizeSeed = 0
tests = 256
streams = 1
units = 1
states = 1
generations = 0
population = 65536
passes = 384
attempts = 0
optimize = 1

scale = 0.300000f
startScale = 2.500000f
startResult = 10.000000f

FIRESTARTER_OPTIMIZE: Seed=0  Test=125  Generation=  2 *Result=0.00053230  Best=0.00053230   Time=0.1  Run Time=420.8
FIRESTARTER_OPTIMIZE: Seed=0  Test=125  Generation=  3 *Result=0.00002975  Best=0.00002975   Time=0.1  Run Time=421.3
FIRESTARTER_OPTIMIZE: Seed=0  Test=125  Generation=  4  Result=0.00008644  Best=0.00002975   Time=0.1  Run Time=421.7
FIRESTARTER_OPTIMIZE: Seed=0  Test=125  Generation=  5  Result=0.00022910  Best=0.00002975   Time=0.1  Run Time=422.1
FIRESTARTER_OPTIMIZE: Seed=0  Test=125  Generation=  6  Result=0.00249326  Best=0.00002975   Time=0.1  Run Time=422.6
FIRESTARTER_OPTIMIZE: Seed=0  Test=125  Generation=  7  Result=0.00133336  Best=0.00002975   Time=0.1  Run Time=423.0
FIRESTARTER_OPTIMIZE: Seed=0  Test=125  Generation=  8  Result=0.00018892  Best=0.00002975   Time=0.1  Run Time=423.5
FIRESTARTER_OPTIMIZE: Seed=0  Test=125  Generation=  9 *Result=0.00000104  Best=0.00000104   Time=0.1  Run Time=423.9
FIRESTARTER_OPTIMIZE: Seed=0  Test=125  Generation= 10 *Result=0.00000062  Best=0.00000062   Time=0.1  Run Time=424.4
