CUDA devices = 1
Device 0: NVIDIA GeForce RTX 4090

variations = 1
instructions = 32
registers = 30
opcodes = 2
patternOpcodes = 2

targetMin = 0.000000f
targetMax = 6.283185f
target = 0.000001f

mode = FIRESTARTER_OPTIMIZE
evolveSeed = 0
optimizeSeed = 0
tests = 256
streams = 1
units = 1
states = 1
generations = 0
population = 65536
passes = 384
attempts = 0
optimize = 1

scale = 0.300000f
startScale = 2.500000f
startResult = 10.000000f

FIRESTARTER_OPTIMIZE: Seed=0  Test=200  Generation=  2 *Result=0.00000471  Best=0.00000471   Time=0.1  Run Time=681.9
FIRESTARTER_OPTIMIZE: Seed=0  Test=200  Generation=  3  Result=0.00006704  Best=0.00000471   Time=0.1  Run Time=682.4
FIRESTARTER_OPTIMIZE: Seed=0  Test=200  Generation=  4  Result=0.00016571  Best=0.00000471   Time=0.1  Run Time=682.8
FIRESTARTER_OPTIMIZE: Seed=0  Test=200  Generation=  5  Result=0.00047736  Best=0.00000471   Time=0.1  Run Time=683.3
FIRESTARTER_OPTIMIZE: Seed=0  Test=200  Generation=  6  Result=0.00006215  Best=0.00000471   Time=0.1  Run Time=683.7
FIRESTARTER_OPTIMIZE: Seed=0  Test=200  Generation=  7 *Result=0.00000201  Best=0.00000201   Time=0.1  Run Time=684.1
FIRESTARTER_OPTIMIZE: Seed=0  Test=200  Generation=  8  Result=0.00031906  Best=0.00000201   Time=0.1  Run Time=684.5
FIRESTARTER_OPTIMIZE: Seed=0  Test=200  Generation=  9  Result=0.00110132  Best=0.00000201   Time=0.1  Run Time=685.0
FIRESTARTER_OPTIMIZE: Seed=0  Test=200  Generation= 10  Result=0.00023188  Best=0.00000201   Time=0.1  Run Time=685.4
FIRESTARTER_OPTIMIZE: Seed=0  Test=200  Generation= 11  Result=0.00000329  Best=0.00000201   Time=0.1  Run Time=685.8
FIRESTARTER_OPTIMIZE: Seed=0  Test=200  Generation= 12 *Result=0.00000013  Best=0.00000013   Time=0.1  Run Time=686.3
