CUDA devices = 1
Device 0: NVIDIA GeForce RTX 4090

variations = 1
instructions = 32
registers = 30
opcodes = 4

targetMin = 0.000000f
targetMax = 6.283185f
target = 0.000001f

mode = FIRESTARTER_OPTIMIZE
evolveSeed = 0
optimizeSeed = 0
tests = 256
streams = 1
units = 1
states = 1
generations = 0
population = 65536
passes = 384
attempts = 0
optimize = 1

scale = 0.300000f
startScale = 2.500000f
startResult = 10.000000f

FIRESTARTER_OPTIMIZE: Seed=0  Test=178  Generation=  2 *Result=0.00032268  Best=0.00032268   Time=0.1  Run Time=599.3
FIRESTARTER_OPTIMIZE: Seed=0  Test=178  Generation=  3 *Result=0.00000195  Best=0.00000195   Time=0.1  Run Time=599.7
FIRESTARTER_OPTIMIZE: Seed=0  Test=178  Generation=  4  Result=0.00016192  Best=0.00000195   Time=0.1  Run Time=600.2
FIRESTARTER_OPTIMIZE: Seed=0  Test=178  Generation=  5  Result=0.00000655  Best=0.00000195   Time=0.1  Run Time=600.6
FIRESTARTER_OPTIMIZE: Seed=0  Test=178  Generation=  6 *Result=0.00000161  Best=0.00000161   Time=0.1  Run Time=601.0
FIRESTARTER_OPTIMIZE: Seed=0  Test=178  Generation=  7  Result=0.00010002  Best=0.00000161   Time=0.1  Run Time=601.5
FIRESTARTER_OPTIMIZE: Seed=0  Test=178  Generation=  8  Result=0.00221026  Best=0.00000161   Time=0.1  Run Time=601.9
FIRESTARTER_OPTIMIZE: Seed=0  Test=178  Generation=  9  Result=0.00009859  Best=0.00000161   Time=0.1  Run Time=602.3
FIRESTARTER_OPTIMIZE: Seed=0  Test=178  Generation= 10 *Result=0.00000030  Best=0.00000030   Time=0.1  Run Time=602.7
