CUDA devices = 1
Device 0: NVIDIA GeForce RTX 4090

variations = 1
instructions = 32
registers = 30
opcodes = 4

targetMin = 0.000000f
targetMax = 6.283185f
target = 0.000001f

mode = FIRESTARTER_OPTIMIZE
evolveSeed = 0
optimizeSeed = 0
tests = 256
streams = 1
units = 1
states = 1
generations = 0
population = 65536
passes = 384
attempts = 0
optimize = 1

scale = 0.300000f
startScale = 2.500000f
startResult = 10.000000f

FIRESTARTER_OPTIMIZE: Seed=0  Test=166  Generation=  2 *Result=0.00006692  Best=0.00006692   Time=0.1  Run Time=561.2
FIRESTARTER_OPTIMIZE: Seed=0  Test=166  Generation=  3  Result=0.00026852  Best=0.00006692   Time=0.1  Run Time=561.7
FIRESTARTER_OPTIMIZE: Seed=0  Test=166  Generation=  4  Result=0.00026455  Best=0.00006692   Time=0.1  Run Time=562.1
FIRESTARTER_OPTIMIZE: Seed=0  Test=166  Generation=  5 *Result=0.00000207  Best=0.00000207   Time=0.1  Run Time=562.5
FIRESTARTER_OPTIMIZE: Seed=0  Test=166  Generation=  6  Result=0.00002143  Best=0.00000207   Time=0.1  Run Time=562.9
FIRESTARTER_OPTIMIZE: Seed=0  Test=166  Generation=  7  Result=0.00005279  Best=0.00000207   Time=0.1  Run Time=563.4
FIRESTARTER_OPTIMIZE: Seed=0  Test=166  Generation=  8  Result=0.00007324  Best=0.00000207   Time=0.1  Run Time=563.8
FIRESTARTER_OPTIMIZE: Seed=0  Test=166  Generation=  9  Result=0.00000674  Best=0.00000207   Time=0.1  Run Time=564.2
FIRESTARTER_OPTIMIZE: Seed=0  Test=166  Generation= 10  Result=0.00011604  Best=0.00000207   Time=0.1  Run Time=564.6
FIRESTARTER_OPTIMIZE: Seed=0  Test=166  Generation= 11 *Result=0.00000023  Best=0.00000023   Time=0.1  Run Time=565.1
