CUDA devices = 1
Device 0: NVIDIA GeForce RTX 4090

variations = 1
instructions = 32
registers = 30
opcodes = 2
patternOpcodes = 4

targetMin = 0.000000f
targetMax = 6.283185f
target = 0.000001f

mode = FIRESTARTER_OPTIMIZE
evolveSeed = 0
optimizeSeed = 0
tests = 256
streams = 1
units = 1
states = 1
generations = 0
population = 65536
passes = 384
attempts = 0
optimize = 1

scale = 0.300000f
startScale = 2.500000f
startResult = 10.000000f

FIRESTARTER_OPTIMIZE: Seed=0  Test=117  Generation=  2 *Result=0.00000123  Best=0.00000123   Time=0.1  Run Time=360.8
FIRESTARTER_OPTIMIZE: Seed=0  Test=117  Generation=  3  Result=0.00559181  Best=0.00000123   Time=0.1  Run Time=361.2
FIRESTARTER_OPTIMIZE: Seed=0  Test=117  Generation=  4  Result=0.00011354  Best=0.00000123   Time=0.1  Run Time=361.6
FIRESTARTER_OPTIMIZE: Seed=0  Test=117  Generation=  5  Result=0.00009370  Best=0.00000123   Time=0.1  Run Time=362.1
FIRESTARTER_OPTIMIZE: Seed=0  Test=117  Generation=  6  Result=0.00001414  Best=0.00000123   Time=0.1  Run Time=362.5
FIRESTARTER_OPTIMIZE: Seed=0  Test=117  Generation=  7  Result=0.00007684  Best=0.00000123   Time=0.1  Run Time=363.0
FIRESTARTER_OPTIMIZE: Seed=0  Test=117  Generation=  8  Result=0.00002849  Best=0.00000123   Time=0.1  Run Time=363.4
FIRESTARTER_OPTIMIZE: Seed=0  Test=117  Generation=  9 *Result=0.00000011  Best=0.00000011   Time=0.1  Run Time=363.8
