CUDA devices = 1
Device 0: NVIDIA GeForce RTX 4090

variations = 1
instructions = 32
registers = 30
opcodes = 2
patternOpcodes = 2

targetMin = 0.000000f
targetMax = 6.283185f
target = 0.000001f

mode = FIRESTARTER_OPTIMIZE
evolveSeed = 0
optimizeSeed = 0
tests = 256
streams = 1
units = 1
states = 1
generations = 0
population = 65536
passes = 384
attempts = 0
optimize = 1

scale = 0.300000f
startScale = 2.500000f
startResult = 10.000000f

FIRESTARTER_OPTIMIZE: Seed=0  Test=217  Generation=  2 *Result=0.00000895  Best=0.00000895   Time=0.1  Run Time=736.2
FIRESTARTER_OPTIMIZE: Seed=0  Test=217  Generation=  3  Result=0.00021596  Best=0.00000895   Time=0.1  Run Time=736.6
FIRESTARTER_OPTIMIZE: Seed=0  Test=217  Generation=  4  Result=0.00001311  Best=0.00000895   Time=0.1  Run Time=737.0
FIRESTARTER_OPTIMIZE: Seed=0  Test=217  Generation=  5  Result=0.00002531  Best=0.00000895   Time=0.1  Run Time=737.4
FIRESTARTER_OPTIMIZE: Seed=0  Test=217  Generation=  6 *Result=0.00000039  Best=0.00000039   Time=0.1  Run Time=737.9
