CUDA devices = 2
Device 0: NVIDIA GeForce RTX 5090
Device 1: NVIDIA GeForce RTX 5090

variations = 1
instructions = 32
registers = 30
opcodes = 3

targetMin = 0.000000f
targetMax = 6.283185f
target = 0.000001f

mode = FIRESTARTER_OPTIMIZE
evolveSeed = 0
optimizeSeed = 0
tests = 256
streams = 1
units = 1
states = 1
population = 65536
generations = 0
passes = 384
samples = 15
iterations = 64
candidates = 0
attempts = 0
optimize = 1

scale = 0.300000f
startScale = 2.500000f
startResult = 10.000000f

FIRESTARTER_OPTIMIZE: Seed=0  Test=33  Generation=  2 *Result=0.00221599  Best=0.00221599   Time=0.050  Run Time=0.6
FIRESTARTER_OPTIMIZE: Seed=0  Test=33  Generation=  3 *Result=0.00005508  Best=0.00005508   Time=0.049  Run Time=1.1
FIRESTARTER_OPTIMIZE: Seed=0  Test=33  Generation=  4  Result=0.00034088  Best=0.00005508   Time=0.048  Run Time=1.5
FIRESTARTER_OPTIMIZE: Seed=0  Test=33  Generation=  5  Result=0.00012814  Best=0.00005508   Time=0.050  Run Time=1.9
FIRESTARTER_OPTIMIZE: Seed=0  Test=33  Generation=  6  Result=0.00024921  Best=0.00005508   Time=0.047  Run Time=2.4
FIRESTARTER_OPTIMIZE: Seed=0  Test=33  Generation=  7  Result=0.00015074  Best=0.00005508   Time=0.047  Run Time=2.8
FIRESTARTER_OPTIMIZE: Seed=0  Test=33  Generation=  8  Result=0.00150413  Best=0.00005508   Time=0.048  Run Time=3.2
FIRESTARTER_OPTIMIZE: Seed=0  Test=33  Generation=  9  Result=0.00069715  Best=0.00005508   Time=0.047  Run Time=3.7
FIRESTARTER_OPTIMIZE: Seed=0  Test=33  Generation= 10 *Result=0.00003767  Best=0.00003767   Time=0.049  Run Time=4.1
FIRESTARTER_OPTIMIZE: Seed=0  Test=33  Generation= 11  Result=0.00242278  Best=0.00003767   Time=0.048  Run Time=4.5
FIRESTARTER_OPTIMIZE: Seed=0  Test=33  Generation= 12 *Result=0.00000248  Best=0.00000248   Time=0.055  Run Time=5.0
FIRESTARTER_OPTIMIZE: Seed=0  Test=33  Generation= 13 *Result=0.00000048  Best=0.00000048   Time=0.047  Run Time=5.4
