CUDA devices = 1
Device 0: NVIDIA GeForce RTX 4090

variations = 1
instructions = 32
registers = 30
opcodes = 2
patternOpcodes = 2

targetMin = 0.000000f
targetMax = 6.283185f
target = 0.000001f

mode = FIRESTARTER_OPTIMIZE
evolveSeed = 0
optimizeSeed = 0
tests = 256
streams = 1
units = 1
states = 1
generations = 0
population = 65536
passes = 384
attempts = 0
optimize = 1

scale = 0.300000f
startScale = 2.500000f
startResult = 10.000000f

FIRESTARTER_OPTIMIZE: Seed=0  Test=249  Generation=  2 *Result=0.00310394  Best=0.00310394   Time=0.1  Run Time=843.0
FIRESTARTER_OPTIMIZE: Seed=0  Test=249  Generation=  3 *Result=0.00008325  Best=0.00008325   Time=0.1  Run Time=843.4
FIRESTARTER_OPTIMIZE: Seed=0  Test=249  Generation=  4  Result=0.00231916  Best=0.00008325   Time=0.1  Run Time=843.8
FIRESTARTER_OPTIMIZE: Seed=0  Test=249  Generation=  5 *Result=0.00000292  Best=0.00000292   Time=0.1  Run Time=844.3
FIRESTARTER_OPTIMIZE: Seed=0  Test=249  Generation=  6  Result=0.00048438  Best=0.00000292   Time=0.1  Run Time=844.7
FIRESTARTER_OPTIMIZE: Seed=0  Test=249  Generation=  7  Result=0.00008494  Best=0.00000292   Time=0.1  Run Time=845.2
FIRESTARTER_OPTIMIZE: Seed=0  Test=249  Generation=  8  Result=0.00050490  Best=0.00000292   Time=0.1  Run Time=845.6
FIRESTARTER_OPTIMIZE: Seed=0  Test=249  Generation=  9  Result=0.00007349  Best=0.00000292   Time=0.1  Run Time=846.0
FIRESTARTER_OPTIMIZE: Seed=0  Test=249  Generation= 10 *Result=0.00000009  Best=0.00000009   Time=0.1  Run Time=846.5
