CUDA devices = 1
Device 0: NVIDIA GeForce RTX 4090

variations = 1
instructions = 32
registers = 30
opcodes = 3

targetMin = 0.000000f
targetMax = 6.283185f
target = 0.000001f

mode = FIRESTARTER_OPTIMIZE
evolveSeed = 0
optimizeSeed = 0
tests = 256
streams = 1
units = 1
states = 1
population = 65536
generations = 0
passes = 384
samples = 15
iterations = 64
candidates = 0
attempts = 0
optimize = 1

scale = 0.300000f
startScale = 2.500000f
startResult = 10.000000f

FIRESTARTER_OPTIMIZE: Seed=0  Test= 9  Generation=  2 *Result=0.00449726  Best=0.00449726   Time=0.105  Run Time=0.6
FIRESTARTER_OPTIMIZE: Seed=0  Test= 9  Generation=  3 *Result=0.00001289  Best=0.00001289   Time=0.107  Run Time=1.1
FIRESTARTER_OPTIMIZE: Seed=0  Test= 9  Generation=  4  Result=0.00014437  Best=0.00001289   Time=0.104  Run Time=1.6
FIRESTARTER_OPTIMIZE: Seed=0  Test= 9  Generation=  5  Result=0.00020920  Best=0.00001289   Time=0.104  Run Time=2.1
FIRESTARTER_OPTIMIZE: Seed=0  Test= 9  Generation=  6  Result=0.00002244  Best=0.00001289   Time=0.106  Run Time=2.6
FIRESTARTER_OPTIMIZE: Seed=0  Test= 9  Generation=  7 *Result=0.00000580  Best=0.00000580   Time=0.104  Run Time=3.1
FIRESTARTER_OPTIMIZE: Seed=0  Test= 9  Generation=  8 *Result=0.00000200  Best=0.00000200   Time=0.105  Run Time=3.5
FIRESTARTER_OPTIMIZE: Seed=0  Test= 9  Generation=  9  Result=0.00004695  Best=0.00000200   Time=0.107  Run Time=4.0
FIRESTARTER_OPTIMIZE: Seed=0  Test= 9  Generation= 10  Result=0.00071383  Best=0.00000200   Time=0.104  Run Time=4.5
FIRESTARTER_OPTIMIZE: Seed=0  Test= 9  Generation= 11  Result=0.00007652  Best=0.00000200   Time=0.106  Run Time=4.9
FIRESTARTER_OPTIMIZE: Seed=0  Test= 9  Generation= 12 *Result=0.00000042  Best=0.00000042   Time=0.108  Run Time=5.4
