CUDA devices = 1
Device 0: NVIDIA GeForce RTX 4090

variations = 1
instructions = 32
registers = 30
opcodes = 3

targetMin = 0.000000f
targetMax = 6.283185f
target = 0.000001f

mode = FIRESTARTER_EVOLVE_GPU
evolveSeed = 0
optimizeSeed = 0
tests = 256
streams = 1
units = 1
states = 1
population = 65536
generations = 0
passes = 256
samples = 15
iterations = 64
candidates = 0
optimize = 1

scale = 0.300000f
startScale = 2.500000f
startResult = 10.000000f


FIRESTARTER_EVOLVE_GPU: Seed=0  Test=189  Generation=  2  Old Result=10.00000000 *New Result=0.00003656  MinIndex=0  EvolveAge=0  Best=0.00003656   BestAge=0  Time=0.064  Run Time=0.5
FIRESTARTER_EVOLVE_GPU: Seed=0  Test=189  Generation=  3  Old Result=10.00000000 *New Result=0.00000104  MinIndex=0  EvolveAge=0  Best=0.00000104   BestAge=0  Time=0.065  Run Time=0.8
FIRESTARTER_EVOLVE_GPU: Seed=0  Test=189  Generation=  4  Old Result=10.00000000 >New Result=0.00055173  MinIndex=0  EvolveAge=0  Best=0.00000104   BestAge=2  Time=0.045  Run Time=1.1
FIRESTARTER_EVOLVE_GPU: Seed=0  Test=189  Generation=  5  Old Result=10.00000000 >New Result=0.00213526  MinIndex=0  EvolveAge=0  Best=0.00000104   BestAge=4  Time=0.063  Run Time=1.4
FIRESTARTER_EVOLVE_GPU: Seed=0  Test=189  Generation=  6  Old Result=10.00000000 >New Result=0.00008857  MinIndex=0  EvolveAge=0  Best=0.00000104   BestAge=6  Time=0.062  Run Time=1.7
FIRESTARTER_EVOLVE_GPU: Seed=0  Test=189  Generation=  7  Old Result=10.00000000 >New Result=0.00067612  MinIndex=0  EvolveAge=0  Best=0.00000104   BestAge=8  Time=0.065  Run Time=2.0
FIRESTARTER_EVOLVE_GPU: Seed=0  Test=189  Generation=  8  Old Result=10.00000000 >New Result=0.00009637  MinIndex=0  EvolveAge=0  Best=0.00000104   BestAge=10  Time=0.065  Run Time=2.3
FIRESTARTER_EVOLVE_GPU: Seed=0  Test=189  Generation=  9  Old Result=10.00000000 >New Result=0.00009829  MinIndex=0  EvolveAge=0  Best=0.00000104   BestAge=12  Time=0.043  Run Time=2.6
FIRESTARTER_EVOLVE_GPU: Seed=0  Test=189  Generation= 10  Old Result=10.00000000 *New Result=0.00000012  MinIndex=0  EvolveAge=0  Best=0.00000012   BestAge=0  Time=0.064  Run Time=2.9
