CUDA devices = 1
Device 0: NVIDIA GeForce RTX 4090

variations = 1
instructions = 32
registers = 30
opcodes = 2
patternOpcodes = 4

targetMin = 0.000000f
targetMax = 6.283185f
target = 0.000001f

mode = FIRESTARTER_OPTIMIZE
evolveSeed = 0
optimizeSeed = 0
tests = 256
streams = 1
units = 1
states = 1
generations = 0
population = 65536
passes = 384
attempts = 0
optimize = 1

scale = 0.300000f
startScale = 2.500000f
startResult = 10.000000f

FIRESTARTER_OPTIMIZE: Seed=0  Test=208  Generation=  2 *Result=0.00003814  Best=0.00003814   Time=0.1  Run Time=693.3
FIRESTARTER_OPTIMIZE: Seed=0  Test=208  Generation=  3 *Result=0.00001428  Best=0.00001428   Time=0.1  Run Time=693.8
FIRESTARTER_OPTIMIZE: Seed=0  Test=208  Generation=  4 *Result=0.00000364  Best=0.00000364   Time=0.1  Run Time=694.2
FIRESTARTER_OPTIMIZE: Seed=0  Test=208  Generation=  5  Result=0.00001106  Best=0.00000364   Time=0.1  Run Time=694.7
FIRESTARTER_OPTIMIZE: Seed=0  Test=208  Generation=  6  Result=0.00030922  Best=0.00000364   Time=0.1  Run Time=695.1
FIRESTARTER_OPTIMIZE: Seed=0  Test=208  Generation=  7  Result=0.00005790  Best=0.00000364   Time=0.1  Run Time=695.5
FIRESTARTER_OPTIMIZE: Seed=0  Test=208  Generation=  8  Result=0.00168420  Best=0.00000364   Time=0.1  Run Time=695.9
FIRESTARTER_OPTIMIZE: Seed=0  Test=208  Generation=  9 *Result=0.00000017  Best=0.00000017   Time=0.1  Run Time=696.4
