CUDA devices = 1
Device 0: NVIDIA GeForce RTX 5090

variations = 1
instructions = 32
registers = 30
opcodes = 3

targetMin = 0.000000f
targetMax = 6.283185f
target = 0.000001f

mode = FIRESTARTER_EVOLVE_GPU
evolveSeed = 0
optimizeSeed = 0
tests = 256
streams = 1
units = 1
states = 1
population = 65536
generations = 0
passes = 256
samples = 15
iterations = 64
candidates = 0
optimize = 1

scale = 0.300000f
startScale = 2.500000f
startResult = 10.000000f


FIRESTARTER_EVOLVE_GPU: Seed=0  Test=70  Generation=  2  Old Result=10.00000000 *New Result=0.00153283  MinIndex=0  EvolveAge=0  Best=0.00153283   BestAge=0  Time=0.040  Run Time=0.5
FIRESTARTER_EVOLVE_GPU: Seed=0  Test=70  Generation=  3  Old Result=10.00000000 *New Result=0.00019380  MinIndex=0  EvolveAge=0  Best=0.00019380   BestAge=0  Time=0.033  Run Time=0.8
FIRESTARTER_EVOLVE_GPU: Seed=0  Test=70  Generation=  4  Old Result=10.00000000 >New Result=0.00069738  MinIndex=0  EvolveAge=0  Best=0.00019380   BestAge=2  Time=0.032  Run Time=1.1
FIRESTARTER_EVOLVE_GPU: Seed=0  Test=70  Generation=  5  Old Result=10.00000000 >New Result=0.00080979  MinIndex=0  EvolveAge=0  Best=0.00019380   BestAge=4  Time=0.032  Run Time=1.4
FIRESTARTER_EVOLVE_GPU: Seed=0  Test=70  Generation=  6  Old Result=10.00000000 *New Result=0.00000213  MinIndex=0  EvolveAge=0  Best=0.00000213   BestAge=0  Time=0.032  Run Time=1.7
FIRESTARTER_EVOLVE_GPU: Seed=0  Test=70  Generation=  7  Old Result=10.00000000 >New Result=0.00000343  MinIndex=0  EvolveAge=0  Best=0.00000213   BestAge=2  Time=0.030  Run Time=2.0
FIRESTARTER_EVOLVE_GPU: Seed=0  Test=70  Generation=  8  Old Result=10.00000000 *New Result=0.00000127  MinIndex=0  EvolveAge=0  Best=0.00000127   BestAge=0  Time=0.032  Run Time=2.3
FIRESTARTER_EVOLVE_GPU: Seed=0  Test=70  Generation=  9  Old Result=10.00000000 >New Result=0.00058661  MinIndex=0  EvolveAge=0  Best=0.00000127   BestAge=2  Time=0.031  Run Time=2.6
FIRESTARTER_EVOLVE_GPU: Seed=0  Test=70  Generation= 10  Old Result=10.00000000 >New Result=0.00012322  MinIndex=0  EvolveAge=0  Best=0.00000127   BestAge=4  Time=0.032  Run Time=2.9
FIRESTARTER_EVOLVE_GPU: Seed=0  Test=70  Generation= 11  Old Result=10.00000000 >New Result=0.00000544  MinIndex=0  EvolveAge=0  Best=0.00000127   BestAge=6  Time=0.032  Run Time=3.2
FIRESTARTER_EVOLVE_GPU: Seed=0  Test=70  Generation= 12  Old Result=10.00000000 >New Result=0.00000573  MinIndex=0  EvolveAge=0  Best=0.00000127   BestAge=8  Time=0.032  Run Time=3.5
FIRESTARTER_EVOLVE_GPU: Seed=0  Test=70  Generation= 13  Old Result=10.00000000 *New Result=0.00000010  MinIndex=0  EvolveAge=0  Best=0.00000010   BestAge=0  Time=0.031  Run Time=3.8
