CUDA devices = 1
Device 0: NVIDIA GeForce RTX 4090

variations = 1
instructions = 32
registers = 30
opcodes = 2
patternOpcodes = 2

targetMin = 0.000000f
targetMax = 6.283185f
target = 0.000001f

mode = FIRESTARTER_OPTIMIZE
evolveSeed = 0
optimizeSeed = 0
tests = 256
streams = 1
units = 1
states = 1
generations = 0
population = 65536
passes = 384
attempts = 0
optimize = 1

scale = 0.300000f
startScale = 2.500000f
startResult = 10.000000f

FIRESTARTER_OPTIMIZE: Seed=0  Test=175  Generation=  2 *Result=0.00000372  Best=0.00000372   Time=0.1  Run Time=579.3
FIRESTARTER_OPTIMIZE: Seed=0  Test=175  Generation=  3  Result=0.00005551  Best=0.00000372   Time=0.1  Run Time=579.7
FIRESTARTER_OPTIMIZE: Seed=0  Test=175  Generation=  4  Result=0.00013747  Best=0.00000372   Time=0.1  Run Time=580.1
FIRESTARTER_OPTIMIZE: Seed=0  Test=175  Generation=  5  Result=0.00017972  Best=0.00000372   Time=0.1  Run Time=580.6
FIRESTARTER_OPTIMIZE: Seed=0  Test=175  Generation=  6  Result=0.00001951  Best=0.00000372   Time=0.1  Run Time=581.0
FIRESTARTER_OPTIMIZE: Seed=0  Test=175  Generation=  7  Result=0.00014103  Best=0.00000372   Time=0.1  Run Time=581.5
FIRESTARTER_OPTIMIZE: Seed=0  Test=175  Generation=  8  Result=0.00082606  Best=0.00000372   Time=0.1  Run Time=581.9
FIRESTARTER_OPTIMIZE: Seed=0  Test=175  Generation=  9  Result=0.00018227  Best=0.00000372   Time=0.1  Run Time=582.3
FIRESTARTER_OPTIMIZE: Seed=0  Test=175  Generation= 10 *Result=0.00000030  Best=0.00000030   Time=0.1  Run Time=582.8
