CUDA devices = 1
Device 0: NVIDIA GeForce RTX 4090

variations = 1
instructions = 32
registers = 30
opcodes = 2
patternOpcodes = 4

targetMin = 0.000000f
targetMax = 6.283185f
target = 0.000001f

mode = FIRESTARTER_OPTIMIZE
evolveSeed = 0
optimizeSeed = 0
tests = 256
streams = 1
units = 1
states = 1
generations = 0
population = 65536
passes = 384
attempts = 0
optimize = 1

scale = 0.300000f
startScale = 2.500000f
startResult = 10.000000f

FIRESTARTER_OPTIMIZE: Seed=0  Test=37  Generation=  2 *Result=0.00018252  Best=0.00018252   Time=0.1  Run Time=97.5
FIRESTARTER_OPTIMIZE: Seed=0  Test=37  Generation=  3  Result=0.00240246  Best=0.00018252   Time=0.1  Run Time=97.9
FIRESTARTER_OPTIMIZE: Seed=0  Test=37  Generation=  4 *Result=0.00006217  Best=0.00006217   Time=0.1  Run Time=98.4
FIRESTARTER_OPTIMIZE: Seed=0  Test=37  Generation=  5  Result=0.00009378  Best=0.00006217   Time=0.1  Run Time=98.8
FIRESTARTER_OPTIMIZE: Seed=0  Test=37  Generation=  6 *Result=0.00000480  Best=0.00000480   Time=0.1  Run Time=99.3
FIRESTARTER_OPTIMIZE: Seed=0  Test=37  Generation=  7 *Result=0.00000381  Best=0.00000381   Time=0.1  Run Time=99.7
FIRESTARTER_OPTIMIZE: Seed=0  Test=37  Generation=  8 *Result=0.00000011  Best=0.00000011   Time=0.1  Run Time=100.1
