CUDA devices = 1
Device 0: NVIDIA GeForce RTX 4090

variations = 1
instructions = 32
registers = 30
opcodes = 4

targetMin = 0.000000f
targetMax = 6.283185f
target = 0.000001f

mode = FIRESTARTER_OPTIMIZE
evolveSeed = 0
optimizeSeed = 0
tests = 256
streams = 1
units = 1
states = 1
generations = 0
population = 65536
passes = 384
attempts = 0
optimize = 1

scale = 0.300000f
startScale = 2.500000f
startResult = 10.000000f

FIRESTARTER_OPTIMIZE: Seed=0  Test=140  Generation=  2 *Result=0.00000703  Best=0.00000703   Time=0.1  Run Time=472.4
FIRESTARTER_OPTIMIZE: Seed=0  Test=140  Generation=  3  Result=0.00024018  Best=0.00000703   Time=0.1  Run Time=472.8
FIRESTARTER_OPTIMIZE: Seed=0  Test=140  Generation=  4  Result=0.00004199  Best=0.00000703   Time=0.1  Run Time=473.3
FIRESTARTER_OPTIMIZE: Seed=0  Test=140  Generation=  5  Result=0.00013646  Best=0.00000703   Time=0.1  Run Time=473.7
FIRESTARTER_OPTIMIZE: Seed=0  Test=140  Generation=  6 *Result=0.00000016  Best=0.00000016   Time=0.1  Run Time=474.2
