CUDA devices = 1
Device 0: NVIDIA GeForce RTX 4090

variations = 1
instructions = 32
registers = 30
opcodes = 3

targetMin = 0.000000f
targetMax = 6.283185f
target = 0.000001f

mode = FIRESTARTER_OPTIMIZE
evolveSeed = 0
optimizeSeed = 0
tests = 256
streams = 1
units = 1
states = 1
generations = 0
population = 65536
passes = 384
attempts = 0
optimize = 1

scale = 0.300000f
startScale = 2.500000f
startResult = 10.000000f

FIRESTARTER_OPTIMIZE: Seed=0  Test=224  Generation=  2 *Result=0.00000197  Best=0.00000197   Time=0.1  Run Time=492.5
FIRESTARTER_OPTIMIZE: Seed=0  Test=224  Generation=  3  Result=0.00021666  Best=0.00000197   Time=0.1  Run Time=492.8
FIRESTARTER_OPTIMIZE: Seed=0  Test=224  Generation=  4  Result=0.00007844  Best=0.00000197   Time=0.1  Run Time=493.1
FIRESTARTER_OPTIMIZE: Seed=0  Test=224  Generation=  5  Result=0.00010210  Best=0.00000197   Time=0.1  Run Time=493.5
FIRESTARTER_OPTIMIZE: Seed=0  Test=224  Generation=  6  Result=0.00221036  Best=0.00000197   Time=0.1  Run Time=493.8
FIRESTARTER_OPTIMIZE: Seed=0  Test=224  Generation=  7  Result=0.00029384  Best=0.00000197   Time=0.1  Run Time=494.1
FIRESTARTER_OPTIMIZE: Seed=0  Test=224  Generation=  8  Result=0.00096729  Best=0.00000197   Time=0.1  Run Time=494.5
FIRESTARTER_OPTIMIZE: Seed=0  Test=224  Generation=  9  Result=0.00006127  Best=0.00000197   Time=0.1  Run Time=494.8
FIRESTARTER_OPTIMIZE: Seed=0  Test=224  Generation= 10  Result=0.00000437  Best=0.00000197   Time=0.1  Run Time=495.1
FIRESTARTER_OPTIMIZE: Seed=0  Test=224  Generation= 11 *Result=0.00000069  Best=0.00000069   Time=0.1  Run Time=495.5
