CUDA devices = 1
Device 0: NVIDIA GeForce RTX 4090

variations = 1
instructions = 32
registers = 30
opcodes = 2
patternOpcodes = 2

targetMin = 0.000000f
targetMax = 6.283185f
target = 0.000001f

mode = FIRESTARTER_OPTIMIZE
evolveSeed = 0
optimizeSeed = 0
tests = 256
streams = 1
units = 1
states = 1
generations = 0
population = 65536
passes = 384
attempts = 0
optimize = 1

scale = 0.300000f
startScale = 2.500000f
startResult = 10.000000f

FIRESTARTER_OPTIMIZE: Seed=0  Test=173  Generation=  2 *Result=0.00002832  Best=0.00002832   Time=0.1  Run Time=566.2
FIRESTARTER_OPTIMIZE: Seed=0  Test=173  Generation=  3  Result=0.00096371  Best=0.00002832   Time=0.1  Run Time=566.6
FIRESTARTER_OPTIMIZE: Seed=0  Test=173  Generation=  4  Result=0.00162804  Best=0.00002832   Time=0.1  Run Time=567.0
FIRESTARTER_OPTIMIZE: Seed=0  Test=173  Generation=  5  Result=0.00027195  Best=0.00002832   Time=0.1  Run Time=567.4
FIRESTARTER_OPTIMIZE: Seed=0  Test=173  Generation=  6  Result=0.00022935  Best=0.00002832   Time=0.1  Run Time=567.9
FIRESTARTER_OPTIMIZE: Seed=0  Test=173  Generation=  7  Result=0.00143340  Best=0.00002832   Time=0.1  Run Time=568.3
FIRESTARTER_OPTIMIZE: Seed=0  Test=173  Generation=  8  Result=0.00134861  Best=0.00002832   Time=0.1  Run Time=568.7
FIRESTARTER_OPTIMIZE: Seed=0  Test=173  Generation=  9 *Result=0.00000778  Best=0.00000778   Time=0.1  Run Time=569.2
FIRESTARTER_OPTIMIZE: Seed=0  Test=173  Generation= 10  Result=0.00004569  Best=0.00000778   Time=0.1  Run Time=569.6
FIRESTARTER_OPTIMIZE: Seed=0  Test=173  Generation= 11 *Result=0.00000014  Best=0.00000014   Time=0.1  Run Time=570.0
