CUDA devices = 1
Device 0: NVIDIA GeForce RTX 4090

variations = 1
instructions = 32
registers = 30
opcodes = 4

targetMin = 0.000000f
targetMax = 6.283185f
target = 0.000001f

mode = FIRESTARTER_OPTIMIZE
evolveSeed = 0
optimizeSeed = 0
tests = 256
streams = 1
units = 1
states = 1
generations = 0
population = 65536
passes = 384
attempts = 0
optimize = 1

scale = 0.300000f
startScale = 2.500000f
startResult = 10.000000f

FIRESTARTER_OPTIMIZE: Seed=0  Test=254  Generation=  2 *Result=0.00002350  Best=0.00002350   Time=0.1  Run Time=855.1
FIRESTARTER_OPTIMIZE: Seed=0  Test=254  Generation=  3  Result=0.00002387  Best=0.00002350   Time=0.1  Run Time=855.5
FIRESTARTER_OPTIMIZE: Seed=0  Test=254  Generation=  4  Result=0.00613904  Best=0.00002350   Time=0.1  Run Time=855.9
FIRESTARTER_OPTIMIZE: Seed=0  Test=254  Generation=  5  Result=0.00053227  Best=0.00002350   Time=0.1  Run Time=856.3
FIRESTARTER_OPTIMIZE: Seed=0  Test=254  Generation=  6  Result=0.00048488  Best=0.00002350   Time=0.1  Run Time=856.7
FIRESTARTER_OPTIMIZE: Seed=0  Test=254  Generation=  7  Result=0.00221043  Best=0.00002350   Time=0.1  Run Time=857.2
FIRESTARTER_OPTIMIZE: Seed=0  Test=254  Generation=  8 *Result=0.00000593  Best=0.00000593   Time=0.1  Run Time=857.6
FIRESTARTER_OPTIMIZE: Seed=0  Test=254  Generation=  9  Result=0.00000653  Best=0.00000593   Time=0.1  Run Time=858.0
FIRESTARTER_OPTIMIZE: Seed=0  Test=254  Generation= 10  Result=0.00000865  Best=0.00000593   Time=0.1  Run Time=858.5
FIRESTARTER_OPTIMIZE: Seed=0  Test=254  Generation= 11  Result=0.00009957  Best=0.00000593   Time=0.1  Run Time=858.9
FIRESTARTER_OPTIMIZE: Seed=0  Test=254  Generation= 12 *Result=0.00000034  Best=0.00000034   Time=0.1  Run Time=859.3
