CUDA devices = 1
Device 0: NVIDIA GeForce RTX 4090

variations = 1
instructions = 32
registers = 30
opcodes = 3

targetMin = 0.000000f
targetMax = 6.283185f
target = 0.000001f

mode = FIRESTARTER_EVOLVE_GPU
evolveSeed = 0
optimizeSeed = 0
tests = 256
streams = 1
units = 1
states = 1
population = 65536
generations = 0
passes = 256
samples = 15
iterations = 64
candidates = 0
optimize = 1

scale = 0.300000f
startScale = 2.500000f
startResult = 10.000000f


FIRESTARTER_EVOLVE_GPU: Seed=0  Test=226  Generation=  2  Old Result=10.00000000 *New Result=0.00000229  MinIndex=0  EvolveAge=0  Best=0.00000229   BestAge=0  Time=0.044  Run Time=0.5
FIRESTARTER_EVOLVE_GPU: Seed=0  Test=226  Generation=  3  Old Result=10.00000000 >New Result=0.00006080  MinIndex=0  EvolveAge=0  Best=0.00000229   BestAge=2  Time=0.065  Run Time=0.8
FIRESTARTER_EVOLVE_GPU: Seed=0  Test=226  Generation=  4  Old Result=10.00000000 >New Result=0.00005404  MinIndex=0  EvolveAge=0  Best=0.00000229   BestAge=4  Time=0.064  Run Time=1.1
FIRESTARTER_EVOLVE_GPU: Seed=0  Test=226  Generation=  5  Old Result=10.00000000 >New Result=0.00003289  MinIndex=0  EvolveAge=0  Best=0.00000229   BestAge=6  Time=0.064  Run Time=1.4
FIRESTARTER_EVOLVE_GPU: Seed=0  Test=226  Generation=  6  Old Result=10.00000000 >New Result=0.00000474  MinIndex=0  EvolveAge=0  Best=0.00000229   BestAge=8  Time=0.064  Run Time=1.7
FIRESTARTER_EVOLVE_GPU: Seed=0  Test=226  Generation=  7  Old Result=10.00000000 >New Result=0.00000545  MinIndex=0  EvolveAge=0  Best=0.00000229   BestAge=10  Time=0.064  Run Time=1.9
FIRESTARTER_EVOLVE_GPU: Seed=0  Test=226  Generation=  8  Old Result=10.00000000 >New Result=0.00042486  MinIndex=0  EvolveAge=0  Best=0.00000229   BestAge=12  Time=0.063  Run Time=2.2
FIRESTARTER_EVOLVE_GPU: Seed=0  Test=226  Generation=  9  Old Result=10.00000000 >New Result=0.00057089  MinIndex=0  EvolveAge=0  Best=0.00000229   BestAge=14  Time=0.064  Run Time=2.5
FIRESTARTER_EVOLVE_GPU: Seed=0  Test=226  Generation= 10  Old Result=10.00000000 >New Result=0.00030941  MinIndex=0  EvolveAge=0  Best=0.00000229   BestAge=16  Time=0.064  Run Time=2.8
FIRESTARTER_EVOLVE_GPU: Seed=0  Test=226  Generation= 11  Old Result=10.00000000 >New Result=0.00029429  MinIndex=0  EvolveAge=0  Best=0.00000229   BestAge=18  Time=0.064  Run Time=3.1
FIRESTARTER_EVOLVE_GPU: Seed=0  Test=226  Generation= 12  Old Result=10.00000000 >New Result=0.00029278  MinIndex=0  EvolveAge=0  Best=0.00000229   BestAge=20  Time=0.064  Run Time=3.4
FIRESTARTER_EVOLVE_GPU: Seed=0  Test=226  Generation= 13  Old Result=10.00000000 >New Result=0.00029591  MinIndex=0  EvolveAge=0  Best=0.00000229   BestAge=22  Time=0.064  Run Time=3.6
FIRESTARTER_EVOLVE_GPU: Seed=0  Test=226  Generation= 14  Old Result=10.00000000 >New Result=0.00001838  MinIndex=0  EvolveAge=0  Best=0.00000229   BestAge=24  Time=0.063  Run Time=3.9
FIRESTARTER_EVOLVE_GPU: Seed=0  Test=226  Generation= 15  Old Result=10.00000000 >New Result=0.00000492  MinIndex=0  EvolveAge=0  Best=0.00000229   BestAge=26  Time=0.043  Run Time=4.2
FIRESTARTER_EVOLVE_GPU: Seed=0  Test=226  Generation= 16  Old Result=10.00000000 *New Result=0.00000029  MinIndex=0  EvolveAge=0  Best=0.00000029   BestAge=0  Time=0.067  Run Time=4.6
