CUDA devices = 1
Device 0: NVIDIA GeForce RTX 4090

variations = 1
instructions = 32
registers = 30
opcodes = 2

targetMin = 0.000000f
targetMax = 6.283185f
target = 0.000001f

mode = FIRESTARTER_OPTIMIZE
evolveSeed = 0
optimizeSeed = 0
tests = 256
streams = 1
units = 1
states = 1
generations = 0
population = 65536
passes = 384
attempts = 0
optimize = 1

scale = 0.300000f
startScale = 2.500000f
startResult = 10.000000f

FIRESTARTER_OPTIMIZE: Seed=0  Test=154  Generation=  2 *Result=0.00027421  Best=0.00027421   Time=0.1  Run Time=536.9
FIRESTARTER_OPTIMIZE: Seed=0  Test=154  Generation=  3 *Result=0.00008196  Best=0.00008196   Time=0.2  Run Time=537.4
FIRESTARTER_OPTIMIZE: Seed=0  Test=154  Generation=  4 *Result=0.00000125  Best=0.00000125   Time=0.1  Run Time=537.9
FIRESTARTER_OPTIMIZE: Seed=0  Test=154  Generation=  5  Result=0.00002700  Best=0.00000125   Time=0.1  Run Time=538.3
FIRESTARTER_OPTIMIZE: Seed=0  Test=154  Generation=  6  Result=0.00026459  Best=0.00000125   Time=0.1  Run Time=538.8
FIRESTARTER_OPTIMIZE: Seed=0  Test=154  Generation=  7  Result=0.00000778  Best=0.00000125   Time=0.1  Run Time=539.2
FIRESTARTER_OPTIMIZE: Seed=0  Test=154  Generation=  8  Result=0.00000972  Best=0.00000125   Time=0.1  Run Time=539.7
FIRESTARTER_OPTIMIZE: Seed=0  Test=154  Generation=  9 *Result=0.00000034  Best=0.00000034   Time=0.1  Run Time=540.1
