CUDA devices = 1
Device 0: NVIDIA GeForce RTX 4090

variations = 1
instructions = 32
registers = 30
opcodes = 2

targetMin = 0.000000f
targetMax = 6.283185f
target = 0.000001f

mode = FIRESTARTER_OPTIMIZE
evolveSeed = 0
optimizeSeed = 0
tests = 256
streams = 1
units = 1
states = 1
generations = 0
population = 65536
passes = 384
attempts = 0
optimize = 1

scale = 0.300000f
startScale = 2.500000f
startResult = 10.000000f

FIRESTARTER_OPTIMIZE: Seed=0  Test=88  Generation=  2 *Result=0.00186615  Best=0.00186615   Time=0.1  Run Time=287.9
FIRESTARTER_OPTIMIZE: Seed=0  Test=88  Generation=  3 *Result=0.00008874  Best=0.00008874   Time=0.1  Run Time=288.3
FIRESTARTER_OPTIMIZE: Seed=0  Test=88  Generation=  4  Result=0.00020579  Best=0.00008874   Time=0.1  Run Time=288.8
FIRESTARTER_OPTIMIZE: Seed=0  Test=88  Generation=  5  Result=0.00039442  Best=0.00008874   Time=0.1  Run Time=289.2
FIRESTARTER_OPTIMIZE: Seed=0  Test=88  Generation=  6  Result=0.00055592  Best=0.00008874   Time=0.1  Run Time=289.6
FIRESTARTER_OPTIMIZE: Seed=0  Test=88  Generation=  7 *Result=0.00001653  Best=0.00001653   Time=0.1  Run Time=290.1
FIRESTARTER_OPTIMIZE: Seed=0  Test=88  Generation=  8 *Result=0.00000025  Best=0.00000025   Time=0.1  Run Time=290.5
