CUDA devices = 1
Device 0: NVIDIA GeForce RTX 4090

variations = 1
instructions = 32
registers = 30
opcodes = 4

targetMin = 0.000000f
targetMax = 6.283185f
target = 0.000001f

mode = FIRESTARTER_OPTIMIZE
evolveSeed = 0
optimizeSeed = 0
tests = 256
streams = 1
units = 1
states = 1
generations = 0
population = 65536
passes = 384
attempts = 0
optimize = 1

scale = 0.300000f
startScale = 2.500000f
startResult = 10.000000f

FIRESTARTER_OPTIMIZE: Seed=0  Test=250  Generation=  2 *Result=0.00036731  Best=0.00036731   Time=0.1  Run Time=861.4
FIRESTARTER_OPTIMIZE: Seed=0  Test=250  Generation=  3 *Result=0.00000234  Best=0.00000234   Time=0.1  Run Time=861.8
FIRESTARTER_OPTIMIZE: Seed=0  Test=250  Generation=  4  Result=0.00002004  Best=0.00000234   Time=0.1  Run Time=862.3
FIRESTARTER_OPTIMIZE: Seed=0  Test=250  Generation=  5  Result=0.00230190  Best=0.00000234   Time=0.1  Run Time=862.7
FIRESTARTER_OPTIMIZE: Seed=0  Test=250  Generation=  6  Result=0.00000378  Best=0.00000234   Time=0.1  Run Time=863.1
FIRESTARTER_OPTIMIZE: Seed=0  Test=250  Generation=  7  Result=0.00000346  Best=0.00000234   Time=0.1  Run Time=863.6
FIRESTARTER_OPTIMIZE: Seed=0  Test=250  Generation=  8 *Result=0.00000061  Best=0.00000061   Time=0.1  Run Time=864.0
