CUDA devices = 1
Device 0: NVIDIA GeForce RTX 4090

variations = 1
instructions = 32
registers = 30
opcodes = 2

targetMin = 0.000000f
targetMax = 6.283185f
target = 0.000001f

mode = FIRESTARTER_OPTIMIZE
evolveSeed = 0
optimizeSeed = 0
tests = 256
streams = 1
units = 1
states = 1
generations = 0
population = 65536
passes = 384
attempts = 0
optimize = 1

scale = 0.300000f
startScale = 2.500000f
startResult = 10.000000f

FIRESTARTER_OPTIMIZE: Seed=0  Test=236  Generation=  2 *Result=0.00006270  Best=0.00006270   Time=0.1  Run Time=836.1
FIRESTARTER_OPTIMIZE: Seed=0  Test=236  Generation=  3  Result=0.00010612  Best=0.00006270   Time=0.1  Run Time=836.5
FIRESTARTER_OPTIMIZE: Seed=0  Test=236  Generation=  4  Result=0.00107445  Best=0.00006270   Time=0.1  Run Time=837.0
FIRESTARTER_OPTIMIZE: Seed=0  Test=236  Generation=  5  Result=0.00006700  Best=0.00006270   Time=0.1  Run Time=837.4
FIRESTARTER_OPTIMIZE: Seed=0  Test=236  Generation=  6 *Result=0.00005428  Best=0.00005428   Time=0.1  Run Time=837.8
FIRESTARTER_OPTIMIZE: Seed=0  Test=236  Generation=  7  Result=0.00026362  Best=0.00005428   Time=0.1  Run Time=838.3
FIRESTARTER_OPTIMIZE: Seed=0  Test=236  Generation=  8 *Result=0.00000296  Best=0.00000296   Time=0.1  Run Time=838.7
FIRESTARTER_OPTIMIZE: Seed=0  Test=236  Generation=  9  Result=0.00160146  Best=0.00000296   Time=0.1  Run Time=839.1
FIRESTARTER_OPTIMIZE: Seed=0  Test=236  Generation= 10  Result=0.00269989  Best=0.00000296   Time=0.1  Run Time=839.6
FIRESTARTER_OPTIMIZE: Seed=0  Test=236  Generation= 11  Result=0.00006562  Best=0.00000296   Time=0.1  Run Time=840.0
FIRESTARTER_OPTIMIZE: Seed=0  Test=236  Generation= 12 *Result=0.00000010  Best=0.00000010   Time=0.1  Run Time=840.4
