CUDA devices = 1
Device 0: NVIDIA GeForce RTX 4090

variations = 1
instructions = 32
registers = 30
opcodes = 4

targetMin = 0.000000f
targetMax = 6.283185f
target = 0.000001f

mode = FIRESTARTER_OPTIMIZE
evolveSeed = 0
optimizeSeed = 0
tests = 256
streams = 1
units = 1
states = 1
generations = 0
population = 65536
passes = 384
attempts = 0
optimize = 1

scale = 0.300000f
startScale = 2.500000f
startResult = 10.000000f

FIRESTARTER_OPTIMIZE: Seed=0  Test=225  Generation=  2 *Result=0.00011804  Best=0.00011804   Time=0.1  Run Time=771.9
FIRESTARTER_OPTIMIZE: Seed=0  Test=225  Generation=  3 *Result=0.00000839  Best=0.00000839   Time=0.1  Run Time=772.3
FIRESTARTER_OPTIMIZE: Seed=0  Test=225  Generation=  4  Result=0.00096381  Best=0.00000839   Time=0.1  Run Time=772.7
FIRESTARTER_OPTIMIZE: Seed=0  Test=225  Generation=  5  Result=0.00097440  Best=0.00000839   Time=0.1  Run Time=773.1
FIRESTARTER_OPTIMIZE: Seed=0  Test=225  Generation=  6  Result=0.00110556  Best=0.00000839   Time=0.1  Run Time=773.6
FIRESTARTER_OPTIMIZE: Seed=0  Test=225  Generation=  7  Result=0.00002054  Best=0.00000839   Time=0.1  Run Time=774.0
FIRESTARTER_OPTIMIZE: Seed=0  Test=225  Generation=  8  Result=0.00018282  Best=0.00000839   Time=0.1  Run Time=774.4
FIRESTARTER_OPTIMIZE: Seed=0  Test=225  Generation=  9  Result=0.00009083  Best=0.00000839   Time=0.1  Run Time=774.8
FIRESTARTER_OPTIMIZE: Seed=0  Test=225  Generation= 10  Result=0.00004246  Best=0.00000839   Time=0.1  Run Time=775.3
FIRESTARTER_OPTIMIZE: Seed=0  Test=225  Generation= 11 *Result=0.00000421  Best=0.00000421   Time=0.1  Run Time=775.7
FIRESTARTER_OPTIMIZE: Seed=0  Test=225  Generation= 12 *Result=0.00000011  Best=0.00000011   Time=0.1  Run Time=776.1
