CUDA devices = 1
Device 0: NVIDIA GeForce RTX 4090

variations = 1
instructions = 32
registers = 30
opcodes = 3

targetMin = 0.000000f
targetMax = 6.283185f
target = 0.000001f

mode = FIRESTARTER_OPTIMIZE
evolveSeed = 0
optimizeSeed = 0
tests = 256
streams = 1
units = 1
states = 1
population = 65536
generations = 0
passes = 512
samples = 15
iterations = 64
candidates = 0
optimize = 1

scale = 0.300000f
startScale = 2.500000f
startResult = 10.000000f

FIRESTARTER_OPTIMIZE: Seed=0  Test=147  Generation=  2 *Result=0.00000797  Best=0.00000797   Time=0.125  Run Time=0.7
FIRESTARTER_OPTIMIZE: Seed=0  Test=147  Generation=  3  Result=0.00005708  Best=0.00000797   Time=0.123  Run Time=1.2
FIRESTARTER_OPTIMIZE: Seed=0  Test=147  Generation=  4  Result=0.00046500  Best=0.00000797   Time=0.123  Run Time=1.5
FIRESTARTER_OPTIMIZE: Seed=0  Test=147  Generation=  5 *Result=0.00000033  Best=0.00000033   Time=0.121  Run Time=2.0
