CUDA devices = 1
Device 0: NVIDIA GeForce RTX 4090

variations = 1
instructions = 32
registers = 30
opcodes = 2

targetMin = 0.000000f
targetMax = 6.283185f
target = 0.000001f

mode = FIRESTARTER_OPTIMIZE
evolveSeed = 0
optimizeSeed = 0
tests = 256
streams = 1
units = 1
states = 1
generations = 0
population = 65536
passes = 384
attempts = 0
optimize = 1

scale = 0.300000f
startScale = 2.500000f
startResult = 10.000000f

FIRESTARTER_OPTIMIZE: Seed=0  Test=218  Generation=  2 *Result=0.00023893  Best=0.00023893   Time=0.1  Run Time=773.7
FIRESTARTER_OPTIMIZE: Seed=0  Test=218  Generation=  3 *Result=0.00004566  Best=0.00004566   Time=0.1  Run Time=774.1
FIRESTARTER_OPTIMIZE: Seed=0  Test=218  Generation=  4 *Result=0.00000131  Best=0.00000131   Time=0.1  Run Time=774.5
FIRESTARTER_OPTIMIZE: Seed=0  Test=218  Generation=  5  Result=0.00004277  Best=0.00000131   Time=0.1  Run Time=775.0
FIRESTARTER_OPTIMIZE: Seed=0  Test=218  Generation=  6  Result=0.00008246  Best=0.00000131   Time=0.1  Run Time=775.4
FIRESTARTER_OPTIMIZE: Seed=0  Test=218  Generation=  7 *Result=0.00000022  Best=0.00000022   Time=0.1  Run Time=775.8
