FIRESTARTER_RANDOM: Seed=         3  Generation=  0  Result=0.20662703  Best=0.20662703  BestError=0.00000000  BestSeed=         3  Time=33.1569 Seconds  Run Time=33.1569 Seconds  Result=0.20662703
FIRESTARTER_RANDOM: Seed=         5  Generation=  0  Result=0.22203457  Best=0.22203457  BestError=0.00000000  BestSeed=         5  Time=33.1599 Seconds  Run Time=33.1599 Seconds  Result=0.22203457
FIRESTARTER_RANDOM: Seed=         2  Generation=  0  Result=0.08405812  Best=0.08405812  BestError=0.00000000  BestSeed=         2  Time=33.2923 Seconds  Run Time=33.2923 Seconds  Result=0.08405812
CUDA devices = 1
Device 0: NVIDIA GeForce RTX 4090

variations = 3
instructions = 32
registers = 30
opcodes = 3

targetMin = 0.000000f
targetMax = 6.283185f
target = 0.000001f

mode = FIRESTARTER_RANDOM
evolveSeed = 0
optimizeSeed = 0
tests = 256
streams = 8
units = 1
states = 11000
generations = 0
population = 262144
passes = 512
attempts = 0
optimize = 0

scale = 0.300000f
startScale = 2.500000f
startResult = 10.000000f

FIRESTARTER_RANDOM: Seed=         0  Generation=  0  Result=0.06850084  Best=0.06850084  BestError=2.13919306  BestSeed=         0  Time=33.1568 Seconds  Run Time=33.1568 Seconds  Result=0.06850084
FIRESTARTER_RANDOM: Seed=         6  Generation=  0  Result=0.03501081  Best=0.03501081  BestError=0.00000000  BestSeed=         6  Time=33.4885 Seconds  Run Time=33.4885 Seconds  Result=0.03501081
FIRESTARTER_RANDOM: Seed=         7  Generation=  0  Result=0.09653684  Best=0.09653684  BestError=0.00000000  BestSeed=         7  Time=33.4989 Seconds  Run Time=33.4989 Seconds  Result=0.09653684
FIRESTARTER_RANDOM: Seed=         1  Generation=  0  Result=0.08833504  Best=0.08833504  BestError=0.00000000  BestSeed=         1  Time=33.5002 Seconds  Run Time=33.5002 Seconds  Result=0.08833504
FIRESTARTER_RANDOM: Seed=         4  Generation=  0  Result=0.01318688  Best=0.01318688  BestError=2.19450688  BestSeed=         4  Time=33.4785 Seconds  Run Time=33.4785 Seconds  Result=0.01318688
FIRESTARTER_RANDOM: Seed=         0  Generation=  0  Result=0.05674716  Best=0.05674716  BestError=2.13919306  BestSeed=         0  Time=11.9161 Seconds  Run Time=45.0728 Seconds  Result=0.05674716
FIRESTARTER_RANDOM: Seed=         5  Generation=  0  Result=1.48324537  Best=1.48324537  BestError=0.00000000  BestSeed=         5  Time=12.1027 Seconds  Run Time=45.2626 Seconds  Result=1.48324537
FIRESTARTER_RANDOM: Seed=         3  Generation=  0  Result=0.85227418  Best=0.85227418  BestError=0.00000000  BestSeed=         3  Time=12.1366 Seconds  Run Time=45.2935 Seconds  Result=0.85227418
FIRESTARTER_RANDOM: Seed=         2  Generation=  0  Result=0.15105078  Best=0.15105078  BestError=0.00000000  BestSeed=         2  Time=12.1922 Seconds  Run Time=45.4845 Seconds  Result=0.15105078
FIRESTARTER_RANDOM: Seed=         1  Generation=  0  Result=0.20587638  Best=0.20587638  BestError=0.00000000  BestSeed=         1  Time=12.2600 Seconds  Run Time=45.7601 Seconds  Result=0.20587638
FIRESTARTER_RANDOM: Seed=         4  Generation=  0  Result=0.07049409  Best=0.07049409  BestError=2.19450688  BestSeed=         4  Time=12.3468 Seconds  Run Time=45.8254 Seconds  Result=0.07049409
FIRESTARTER_RANDOM: Seed=         6  Generation=  0  Result=0.17891148  Best=0.17891148  BestError=0.00000000  BestSeed=         6  Time=12.4606 Seconds  Run Time=45.9490 Seconds  Result=0.17891148
FIRESTARTER_RANDOM: Seed=         7  Generation=  0  Result=1.05460799  Best=1.05460799  BestError=0.00000000  BestSeed=         7  Time=12.4518 Seconds  Run Time=45.9507 Seconds  Result=1.05460799
