CUDA devices = 1
Device 0: NVIDIA GeForce RTX 4090

variations = 1
instructions = 32
registers = 30
opcodes = 2

targetMin = 0.000000f
targetMax = 6.283185f
target = 0.000001f

mode = FIRESTARTER_OPTIMIZE
evolveSeed = 0
optimizeSeed = 0
tests = 256
streams = 1
units = 1
states = 1
generations = 0
population = 65536
passes = 384
attempts = 0
optimize = 1

scale = 0.300000f
startScale = 2.500000f
startResult = 10.000000f

FIRESTARTER_OPTIMIZE: Seed=0  Test=109  Generation=  2 *Result=0.00000225  Best=0.00000225   Time=0.1  Run Time=369.5
FIRESTARTER_OPTIMIZE: Seed=0  Test=109  Generation=  3  Result=0.00095683  Best=0.00000225   Time=0.1  Run Time=370.0
FIRESTARTER_OPTIMIZE: Seed=0  Test=109  Generation=  4  Result=0.00016855  Best=0.00000225   Time=0.1  Run Time=370.4
FIRESTARTER_OPTIMIZE: Seed=0  Test=109  Generation=  5  Result=0.00004299  Best=0.00000225   Time=0.1  Run Time=370.9
FIRESTARTER_OPTIMIZE: Seed=0  Test=109  Generation=  6  Result=0.00008484  Best=0.00000225   Time=0.1  Run Time=371.3
FIRESTARTER_OPTIMIZE: Seed=0  Test=109  Generation=  7  Result=0.00033552  Best=0.00000225   Time=0.1  Run Time=371.8
FIRESTARTER_OPTIMIZE: Seed=0  Test=109  Generation=  8  Result=0.00030877  Best=0.00000225   Time=0.1  Run Time=372.2
FIRESTARTER_OPTIMIZE: Seed=0  Test=109  Generation=  9 *Result=0.00000062  Best=0.00000062   Time=0.1  Run Time=372.6
