CUDA devices = 1
Device 0: NVIDIA GeForce RTX 4090

variations = 1
instructions = 32
registers = 30
opcodes = 3

targetMin = 0.000000f
targetMax = 6.283185f
target = 0.000001f

mode = FIRESTARTER_EVOLVE_GPU
evolveSeed = 0
optimizeSeed = 0
tests = 256
streams = 1
units = 1
states = 1
population = 65536
generations = 0
passes = 256
samples = 15
iterations = 64
candidates = 0
optimize = 1

scale = 0.300000f
startScale = 2.500000f
startResult = 10.000000f


FIRESTARTER_EVOLVE_GPU: Seed=0  Test=171  Generation=  2  Old Result=10.00000000 *New Result=0.00004423  MinIndex=0  EvolveAge=0  Best=0.00004423   BestAge=0  Time=0.066  Run Time=0.5
FIRESTARTER_EVOLVE_GPU: Seed=0  Test=171  Generation=  3  Old Result=10.00000000 >New Result=0.00004781  MinIndex=0  EvolveAge=0  Best=0.00004423   BestAge=2  Time=0.064  Run Time=0.7
FIRESTARTER_EVOLVE_GPU: Seed=0  Test=171  Generation=  4  Old Result=10.00000000 *New Result=0.00001331  MinIndex=0  EvolveAge=0  Best=0.00001331   BestAge=0  Time=0.066  Run Time=1.0
FIRESTARTER_EVOLVE_GPU: Seed=0  Test=171  Generation=  5  Old Result=10.00000000 >New Result=0.00008408  MinIndex=0  EvolveAge=0  Best=0.00001331   BestAge=2  Time=0.064  Run Time=1.3
FIRESTARTER_EVOLVE_GPU: Seed=0  Test=171  Generation=  6  Old Result=10.00000000 >New Result=0.00257946  MinIndex=0  EvolveAge=0  Best=0.00001331   BestAge=4  Time=0.063  Run Time=1.6
FIRESTARTER_EVOLVE_GPU: Seed=0  Test=171  Generation=  7  Old Result=10.00000000 >New Result=0.00018237  MinIndex=0  EvolveAge=0  Best=0.00001331   BestAge=6  Time=0.042  Run Time=1.9
FIRESTARTER_EVOLVE_GPU: Seed=0  Test=171  Generation=  8  Old Result=10.00000000 >New Result=0.00018223  MinIndex=0  EvolveAge=0  Best=0.00001331   BestAge=8  Time=0.042  Run Time=2.2
FIRESTARTER_EVOLVE_GPU: Seed=0  Test=171  Generation=  9  Old Result=10.00000000 >New Result=0.00011323  MinIndex=0  EvolveAge=0  Best=0.00001331   BestAge=10  Time=0.044  Run Time=2.5
FIRESTARTER_EVOLVE_GPU: Seed=0  Test=171  Generation= 10  Old Result=10.00000000 >New Result=0.00002095  MinIndex=0  EvolveAge=0  Best=0.00001331   BestAge=12  Time=0.044  Run Time=2.7
FIRESTARTER_EVOLVE_GPU: Seed=0  Test=171  Generation= 11  Old Result=10.00000000 *New Result=0.00000036  MinIndex=0  EvolveAge=0  Best=0.00000036   BestAge=0  Time=0.065  Run Time=3.0
