CUDA devices = 1
Device 0: NVIDIA GeForce RTX 4090

variations = 1
instructions = 32
registers = 30
opcodes = 2
patternOpcodes = 4

targetMin = 0.000000f
targetMax = 6.283185f
target = 0.000001f

mode = FIRESTARTER_OPTIMIZE
evolveSeed = 0
optimizeSeed = 0
tests = 256
streams = 1
units = 1
states = 1
generations = 0
population = 65536
passes = 384
attempts = 0
optimize = 1

scale = 0.300000f
startScale = 2.500000f
startResult = 10.000000f

FIRESTARTER_OPTIMIZE: Seed=0  Test=237  Generation=  2 *Result=0.00000261  Best=0.00000261   Time=0.1  Run Time=815.7
FIRESTARTER_OPTIMIZE: Seed=0  Test=237  Generation=  3  Result=0.00009805  Best=0.00000261   Time=0.1  Run Time=816.2
FIRESTARTER_OPTIMIZE: Seed=0  Test=237  Generation=  4  Result=0.00130939  Best=0.00000261   Time=0.1  Run Time=816.6
FIRESTARTER_OPTIMIZE: Seed=0  Test=237  Generation=  5  Result=0.00228231  Best=0.00000261   Time=0.1  Run Time=817.0
FIRESTARTER_OPTIMIZE: Seed=0  Test=237  Generation=  6  Result=0.00015203  Best=0.00000261   Time=0.1  Run Time=817.5
FIRESTARTER_OPTIMIZE: Seed=0  Test=237  Generation=  7  Result=0.00013633  Best=0.00000261   Time=0.1  Run Time=817.9
FIRESTARTER_OPTIMIZE: Seed=0  Test=237  Generation=  8  Result=0.00000859  Best=0.00000261   Time=0.1  Run Time=818.3
FIRESTARTER_OPTIMIZE: Seed=0  Test=237  Generation=  9 *Result=0.00000023  Best=0.00000023   Time=0.1  Run Time=818.8
