CUDA devices = 1
Device 0: NVIDIA GeForce RTX 4090

variations = 1
instructions = 32
registers = 30
opcodes = 2
patternOpcodes = 4

targetMin = 0.000000f
targetMax = 6.283185f
target = 0.000001f

mode = FIRESTARTER_OPTIMIZE
evolveSeed = 0
optimizeSeed = 0
tests = 256
streams = 1
units = 1
states = 1
generations = 0
population = 65536
passes = 384
attempts = 0
optimize = 1

scale = 0.300000f
startScale = 2.500000f
startResult = 10.000000f

FIRESTARTER_OPTIMIZE: Seed=0  Test=228  Generation=  2 *Result=0.00018212  Best=0.00018212   Time=0.1  Run Time=794.5
FIRESTARTER_OPTIMIZE: Seed=0  Test=228  Generation=  3 *Result=0.00006107  Best=0.00006107   Time=0.1  Run Time=795.0
FIRESTARTER_OPTIMIZE: Seed=0  Test=228  Generation=  4  Result=0.00139400  Best=0.00006107   Time=0.1  Run Time=795.4
FIRESTARTER_OPTIMIZE: Seed=0  Test=228  Generation=  5  Result=0.00031686  Best=0.00006107   Time=0.1  Run Time=795.8
FIRESTARTER_OPTIMIZE: Seed=0  Test=228  Generation=  6  Result=0.00007341  Best=0.00006107   Time=0.1  Run Time=796.3
FIRESTARTER_OPTIMIZE: Seed=0  Test=228  Generation=  7 *Result=0.00000429  Best=0.00000429   Time=0.1  Run Time=796.7
FIRESTARTER_OPTIMIZE: Seed=0  Test=228  Generation=  8  Result=0.00092955  Best=0.00000429   Time=0.1  Run Time=797.1
FIRESTARTER_OPTIMIZE: Seed=0  Test=228  Generation=  9 *Result=0.00000049  Best=0.00000049   Time=0.1  Run Time=797.6
