CUDA devices = 1
Device 0: NVIDIA GeForce RTX 4090

variations = 1
instructions = 32
registers = 30
opcodes = 2
patternOpcodes = 2

targetMin = 0.000000f
targetMax = 6.283185f
target = 0.000001f

mode = FIRESTARTER_OPTIMIZE
evolveSeed = 0
optimizeSeed = 0
tests = 256
streams = 1
units = 1
states = 1
generations = 0
population = 65536
passes = 384
attempts = 0
optimize = 1

scale = 0.300000f
startScale = 2.500000f
startResult = 10.000000f

FIRESTARTER_OPTIMIZE: Seed=0  Test=99  Generation=  2 *Result=0.00000227  Best=0.00000227   Time=0.1  Run Time=340.1
FIRESTARTER_OPTIMIZE: Seed=0  Test=99  Generation=  3  Result=0.00006366  Best=0.00000227   Time=0.1  Run Time=340.6
FIRESTARTER_OPTIMIZE: Seed=0  Test=99  Generation=  4  Result=0.00041246  Best=0.00000227   Time=0.1  Run Time=341.0
FIRESTARTER_OPTIMIZE: Seed=0  Test=99  Generation=  5  Result=0.00001532  Best=0.00000227   Time=0.1  Run Time=341.4
FIRESTARTER_OPTIMIZE: Seed=0  Test=99  Generation=  6  Result=0.00005203  Best=0.00000227   Time=0.1  Run Time=341.9
FIRESTARTER_OPTIMIZE: Seed=0  Test=99  Generation=  7  Result=0.00007135  Best=0.00000227   Time=0.1  Run Time=342.3
FIRESTARTER_OPTIMIZE: Seed=0  Test=99  Generation=  8  Result=0.00002345  Best=0.00000227   Time=0.1  Run Time=342.8
FIRESTARTER_OPTIMIZE: Seed=0  Test=99  Generation=  9 *Result=0.00000025  Best=0.00000025   Time=0.1  Run Time=343.2
