CUDA devices = 1
Device 0: NVIDIA GeForce RTX 4090

variations = 1
instructions = 32
registers = 30
opcodes = 3

targetMin = 0.000000f
targetMax = 6.283185f
target = 0.000001f

mode = FIRESTARTER_OPTIMIZE
evolveSeed = 0
optimizeSeed = 0
tests = 256
streams = 1
units = 1
states = 1
generations = 0
population = 65536
passes = 384
attempts = 0
optimize = 1

scale = 0.300000f
startScale = 2.500000f
startResult = 10.000000f

FIRESTARTER_OPTIMIZE: Seed=0  Test=29  Generation=  2 *Result=0.00000927  Best=0.00000927   Time=0.1  Run Time=98.3
FIRESTARTER_OPTIMIZE: Seed=0  Test=29  Generation=  3 *Result=0.00000370  Best=0.00000370   Time=0.1  Run Time=98.7
FIRESTARTER_OPTIMIZE: Seed=0  Test=29  Generation=  4  Result=0.00002154  Best=0.00000370   Time=0.1  Run Time=99.1
FIRESTARTER_OPTIMIZE: Seed=0  Test=29  Generation=  5  Result=0.00233209  Best=0.00000370   Time=0.1  Run Time=99.6
FIRESTARTER_OPTIMIZE: Seed=0  Test=29  Generation=  6  Result=0.00001503  Best=0.00000370   Time=0.1  Run Time=100.1
FIRESTARTER_OPTIMIZE: Seed=0  Test=29  Generation=  7  Result=0.00149557  Best=0.00000370   Time=0.1  Run Time=100.5
FIRESTARTER_OPTIMIZE: Seed=0  Test=29  Generation=  8  Result=0.00016448  Best=0.00000370   Time=0.1  Run Time=101.0
FIRESTARTER_OPTIMIZE: Seed=0  Test=29  Generation=  9  Result=0.00012301  Best=0.00000370   Time=0.1  Run Time=101.4
FIRESTARTER_OPTIMIZE: Seed=0  Test=29  Generation= 10  Result=0.00046838  Best=0.00000370   Time=0.1  Run Time=101.8
FIRESTARTER_OPTIMIZE: Seed=0  Test=29  Generation= 11 *Result=0.00000089  Best=0.00000089   Time=0.1  Run Time=102.3
