CUDA devices = 1
Device 0: NVIDIA GeForce RTX 4090

variations = 1
instructions = 32
registers = 30
opcodes = 2

targetMin = 0.000000f
targetMax = 6.283185f
target = 0.000001f

mode = FIRESTARTER_OPTIMIZE
evolveSeed = 0
optimizeSeed = 0
tests = 256
streams = 1
units = 1
states = 1
generations = 0
population = 65536
passes = 384
attempts = 0
optimize = 1

scale = 0.300000f
startScale = 2.500000f
startResult = 10.000000f

FIRESTARTER_OPTIMIZE: Seed=0  Test=124  Generation=  2 *Result=0.00046457  Best=0.00046457   Time=0.1  Run Time=427.4
FIRESTARTER_OPTIMIZE: Seed=0  Test=124  Generation=  3 *Result=0.00005843  Best=0.00005843   Time=0.1  Run Time=427.9
FIRESTARTER_OPTIMIZE: Seed=0  Test=124  Generation=  4  Result=0.00014663  Best=0.00005843   Time=0.1  Run Time=428.3
FIRESTARTER_OPTIMIZE: Seed=0  Test=124  Generation=  5  Result=0.00008249  Best=0.00005843   Time=0.1  Run Time=428.7
FIRESTARTER_OPTIMIZE: Seed=0  Test=124  Generation=  6  Result=0.00021703  Best=0.00005843   Time=0.1  Run Time=429.2
FIRESTARTER_OPTIMIZE: Seed=0  Test=124  Generation=  7  Result=0.00006924  Best=0.00005843   Time=0.1  Run Time=429.7
FIRESTARTER_OPTIMIZE: Seed=0  Test=124  Generation=  8  Result=0.00008738  Best=0.00005843   Time=0.1  Run Time=430.1
FIRESTARTER_OPTIMIZE: Seed=0  Test=124  Generation=  9  Result=0.00017979  Best=0.00005843   Time=0.1  Run Time=430.5
FIRESTARTER_OPTIMIZE: Seed=0  Test=124  Generation= 10 *Result=0.00000115  Best=0.00000115   Time=0.1  Run Time=431.0
FIRESTARTER_OPTIMIZE: Seed=0  Test=124  Generation= 11  Result=0.00143389  Best=0.00000115   Time=0.1  Run Time=431.4
FIRESTARTER_OPTIMIZE: Seed=0  Test=124  Generation= 12 *Result=0.00000021  Best=0.00000021   Time=0.2  Run Time=431.9
