CUDA devices = 1
Device 0: NVIDIA GeForce RTX 4090

variations = 1
instructions = 32
registers = 30
opcodes = 3

targetMin = 0.000000f
targetMax = 6.283185f
target = 0.000001f

mode = FIRESTARTER_OPTIMIZE
evolveSeed = 0
optimizeSeed = 0
tests = 256
streams = 1
units = 1
states = 1
generations = 0
population = 65536
passes = 384
attempts = 0
optimize = 1

scale = 0.300000f
startScale = 2.500000f
startResult = 10.000000f

FIRESTARTER_OPTIMIZE: Seed=0  Test=223  Generation=  2 *Result=0.00018237  Best=0.00018237   Time=0.1  Run Time=490.0
FIRESTARTER_OPTIMIZE: Seed=0  Test=223  Generation=  3  Result=0.00030964  Best=0.00018237   Time=0.1  Run Time=490.3
FIRESTARTER_OPTIMIZE: Seed=0  Test=223  Generation=  4  Result=0.00125188  Best=0.00018237   Time=0.1  Run Time=490.6
FIRESTARTER_OPTIMIZE: Seed=0  Test=223  Generation=  5  Result=0.00018711  Best=0.00018237   Time=0.1  Run Time=491.0
FIRESTARTER_OPTIMIZE: Seed=0  Test=223  Generation=  6 *Result=0.00000435  Best=0.00000435   Time=0.1  Run Time=491.3
FIRESTARTER_OPTIMIZE: Seed=0  Test=223  Generation=  7  Result=0.00003315  Best=0.00000435   Time=0.1  Run Time=491.6
FIRESTARTER_OPTIMIZE: Seed=0  Test=223  Generation=  8 *Result=0.00000063  Best=0.00000063   Time=0.1  Run Time=491.9
