CUDA devices = 1
Device 0: NVIDIA GeForce RTX 4090

variations = 1
instructions = 32
registers = 30
opcodes = 3

targetMin = 0.000000f
targetMax = 6.283185f
target = 0.000001f

mode = FIRESTARTER_EVOLVE_GPU
evolveSeed = 0
optimizeSeed = 0
tests = 256
streams = 1
units = 1
states = 1
population = 65536
generations = 0
passes = 256
samples = 15
iterations = 64
candidates = 0
optimize = 1

scale = 0.300000f
startScale = 2.500000f
startResult = 10.000000f


FIRESTARTER_EVOLVE_GPU: Seed=0  Test=29  Generation=  2  Old Result=10.00000000 *New Result=0.00007330  MinIndex=0  EvolveAge=0  Best=0.00007330   BestAge=0  Time=0.065  Run Time=0.5
FIRESTARTER_EVOLVE_GPU: Seed=0  Test=29  Generation=  3  Old Result=10.00000000 *New Result=0.00005576  MinIndex=0  EvolveAge=0  Best=0.00005576   BestAge=0  Time=0.064  Run Time=0.8
FIRESTARTER_EVOLVE_GPU: Seed=0  Test=29  Generation=  4  Old Result=10.00000000 >New Result=0.00211734  MinIndex=0  EvolveAge=0  Best=0.00005576   BestAge=2  Time=0.065  Run Time=1.1
FIRESTARTER_EVOLVE_GPU: Seed=0  Test=29  Generation=  5  Old Result=10.00000000 *New Result=0.00000248  MinIndex=0  EvolveAge=0  Best=0.00000248   BestAge=0  Time=0.064  Run Time=1.4
FIRESTARTER_EVOLVE_GPU: Seed=0  Test=29  Generation=  6  Old Result=10.00000000 >New Result=0.00145000  MinIndex=0  EvolveAge=0  Best=0.00000248   BestAge=2  Time=0.065  Run Time=1.7
FIRESTARTER_EVOLVE_GPU: Seed=0  Test=29  Generation=  7  Old Result=10.00000000 >New Result=0.00021240  MinIndex=0  EvolveAge=0  Best=0.00000248   BestAge=4  Time=0.065  Run Time=2.1
FIRESTARTER_EVOLVE_GPU: Seed=0  Test=29  Generation=  8  Old Result=10.00000000 >New Result=0.00025606  MinIndex=0  EvolveAge=0  Best=0.00000248   BestAge=6  Time=0.062  Run Time=2.4
FIRESTARTER_EVOLVE_GPU: Seed=0  Test=29  Generation=  9  Old Result=10.00000000 >New Result=0.00292236  MinIndex=0  EvolveAge=0  Best=0.00000248   BestAge=8  Time=0.062  Run Time=2.7
FIRESTARTER_EVOLVE_GPU: Seed=0  Test=29  Generation= 10  Old Result=10.00000000 >New Result=0.00018274  MinIndex=0  EvolveAge=0  Best=0.00000248   BestAge=10  Time=0.065  Run Time=3.0
FIRESTARTER_EVOLVE_GPU: Seed=0  Test=29  Generation= 11  Old Result=10.00000000 >New Result=0.00018043  MinIndex=0  EvolveAge=0  Best=0.00000248   BestAge=12  Time=0.066  Run Time=3.3
FIRESTARTER_EVOLVE_GPU: Seed=0  Test=29  Generation= 12  Old Result=10.00000000 >New Result=0.00018249  MinIndex=0  EvolveAge=0  Best=0.00000248   BestAge=14  Time=0.066  Run Time=3.5
FIRESTARTER_EVOLVE_GPU: Seed=0  Test=29  Generation= 13  Old Result=10.00000000 *New Result=0.00000015  MinIndex=0  EvolveAge=0  Best=0.00000015   BestAge=0  Time=0.066  Run Time=3.8
