CUDA devices = 1
Device 0: NVIDIA GeForce RTX 4090

variations = 1
instructions = 32
registers = 30
opcodes = 2

targetMin = 0.000000f
targetMax = 6.283185f
target = 0.000001f

mode = FIRESTARTER_OPTIMIZE
evolveSeed = 0
optimizeSeed = 0
tests = 256
streams = 1
units = 1
states = 1
generations = 0
population = 65536
passes = 384
attempts = 0
optimize = 1

scale = 0.300000f
startScale = 2.500000f
startResult = 10.000000f

FIRESTARTER_OPTIMIZE: Seed=0  Test=221  Generation=  2 *Result=0.00175655  Best=0.00175655   Time=0.1  Run Time=779.5
FIRESTARTER_OPTIMIZE: Seed=0  Test=221  Generation=  3 *Result=0.00025737  Best=0.00025737   Time=0.1  Run Time=779.9
FIRESTARTER_OPTIMIZE: Seed=0  Test=221  Generation=  4 *Result=0.00018236  Best=0.00018236   Time=0.1  Run Time=780.4
FIRESTARTER_OPTIMIZE: Seed=0  Test=221  Generation=  5  Result=0.00030153  Best=0.00018236   Time=0.1  Run Time=780.8
FIRESTARTER_OPTIMIZE: Seed=0  Test=221  Generation=  6 *Result=0.00011425  Best=0.00011425   Time=0.1  Run Time=781.2
FIRESTARTER_OPTIMIZE: Seed=0  Test=221  Generation=  7 *Result=0.00005386  Best=0.00005386   Time=0.1  Run Time=781.7
FIRESTARTER_OPTIMIZE: Seed=0  Test=221  Generation=  8 *Result=0.00000020  Best=0.00000020   Time=0.1  Run Time=782.1
