CUDA devices = 1
Device 0: NVIDIA GeForce RTX 4090

variations = 1
instructions = 32
registers = 30
opcodes = 2
patternOpcodes = 4

targetMin = 0.000000f
targetMax = 6.283185f
target = 0.000001f

mode = FIRESTARTER_OPTIMIZE
evolveSeed = 0
optimizeSeed = 0
tests = 256
streams = 1
units = 1
states = 1
generations = 0
population = 65536
passes = 384
attempts = 0
optimize = 1

scale = 0.300000f
startScale = 2.500000f
startResult = 10.000000f

FIRESTARTER_OPTIMIZE: Seed=0  Test=54  Generation=  2 *Result=0.00614070  Best=0.00614070   Time=0.1  Run Time=141.8
FIRESTARTER_OPTIMIZE: Seed=0  Test=54  Generation=  3 *Result=0.00525518  Best=0.00525518   Time=0.1  Run Time=142.2
FIRESTARTER_OPTIMIZE: Seed=0  Test=54  Generation=  4 *Result=0.00004068  Best=0.00004068   Time=0.1  Run Time=142.6
FIRESTARTER_OPTIMIZE: Seed=0  Test=54  Generation=  5 *Result=0.00000764  Best=0.00000764   Time=0.1  Run Time=143.1
FIRESTARTER_OPTIMIZE: Seed=0  Test=54  Generation=  6 *Result=0.00000190  Best=0.00000190   Time=0.1  Run Time=143.5
FIRESTARTER_OPTIMIZE: Seed=0  Test=54  Generation=  7  Result=0.00085837  Best=0.00000190   Time=0.1  Run Time=144.0
FIRESTARTER_OPTIMIZE: Seed=0  Test=54  Generation=  8 *Result=0.00000057  Best=0.00000057   Time=0.1  Run Time=144.4
