CUDA devices = 1
Device 0: NVIDIA GeForce RTX 4090

variations = 1
instructions = 32
registers = 30
opcodes = 2

targetMin = 0.000000f
targetMax = 6.283185f
target = 0.000001f

mode = FIRESTARTER_OPTIMIZE
evolveSeed = 0
optimizeSeed = 0
tests = 256
streams = 1
units = 1
states = 1
generations = 0
population = 65536
passes = 384
attempts = 0
optimize = 1

scale = 0.300000f
startScale = 2.500000f
startResult = 10.000000f

FIRESTARTER_OPTIMIZE: Seed=0  Test= 6  Generation=  2 *Result=0.00013071  Best=0.00013071   Time=0.1  Run Time=18.9
FIRESTARTER_OPTIMIZE: Seed=0  Test= 6  Generation=  3  Result=0.00020967  Best=0.00013071   Time=0.1  Run Time=19.4
FIRESTARTER_OPTIMIZE: Seed=0  Test= 6  Generation=  4 *Result=0.00003139  Best=0.00003139   Time=0.2  Run Time=19.9
FIRESTARTER_OPTIMIZE: Seed=0  Test= 6  Generation=  5  Result=0.00009909  Best=0.00003139   Time=0.1  Run Time=20.3
FIRESTARTER_OPTIMIZE: Seed=0  Test= 6  Generation=  6  Result=0.00029331  Best=0.00003139   Time=0.1  Run Time=20.8
FIRESTARTER_OPTIMIZE: Seed=0  Test= 6  Generation=  7  Result=0.00011879  Best=0.00003139   Time=0.1  Run Time=21.2
FIRESTARTER_OPTIMIZE: Seed=0  Test= 6  Generation=  8  Result=0.00018686  Best=0.00003139   Time=0.1  Run Time=21.6
FIRESTARTER_OPTIMIZE: Seed=0  Test= 6  Generation=  9 *Result=0.00000106  Best=0.00000106   Time=0.1  Run Time=22.1
FIRESTARTER_OPTIMIZE: Seed=0  Test= 6  Generation= 10  Result=0.00010246  Best=0.00000106   Time=0.1  Run Time=22.5
FIRESTARTER_OPTIMIZE: Seed=0  Test= 6  Generation= 11  Result=0.00002034  Best=0.00000106   Time=0.1  Run Time=23.0
FIRESTARTER_OPTIMIZE: Seed=0  Test= 6  Generation= 12 *Result=0.00000083  Best=0.00000083   Time=0.2  Run Time=23.5
