CUDA devices = 1
Device 0: NVIDIA GeForce RTX 4090

variations = 1
instructions = 32
registers = 30
opcodes = 3

targetMin = 0.000000f
targetMax = 6.283185f
target = 0.000001f

mode = FIRESTARTER_OPTIMIZE
evolveSeed = 0
optimizeSeed = 0
tests = 256
streams = 1
units = 1
states = 1
generations = 0
population = 65536
passes = 384
attempts = 0
optimize = 1

scale = 0.300000f
startScale = 2.500000f
startResult = 10.000000f

FIRESTARTER_OPTIMIZE: Seed=0  Test=19  Generation=  2 *Result=0.00005262  Best=0.00005262   Time=0.1  Run Time=59.7
FIRESTARTER_OPTIMIZE: Seed=0  Test=19  Generation=  3 *Result=0.00000157  Best=0.00000157   Time=0.1  Run Time=60.1
FIRESTARTER_OPTIMIZE: Seed=0  Test=19  Generation=  4  Result=0.00208807  Best=0.00000157   Time=0.1  Run Time=60.5
FIRESTARTER_OPTIMIZE: Seed=0  Test=19  Generation=  5  Result=0.00020072  Best=0.00000157   Time=0.1  Run Time=61.0
FIRESTARTER_OPTIMIZE: Seed=0  Test=19  Generation=  6  Result=0.00002962  Best=0.00000157   Time=0.1  Run Time=61.4
FIRESTARTER_OPTIMIZE: Seed=0  Test=19  Generation=  7  Result=0.00094543  Best=0.00000157   Time=0.1  Run Time=61.9
FIRESTARTER_OPTIMIZE: Seed=0  Test=19  Generation=  8  Result=0.00002644  Best=0.00000157   Time=0.1  Run Time=62.3
FIRESTARTER_OPTIMIZE: Seed=0  Test=19  Generation=  9  Result=0.00018919  Best=0.00000157   Time=0.1  Run Time=62.8
FIRESTARTER_OPTIMIZE: Seed=0  Test=19  Generation= 10 *Result=0.00000045  Best=0.00000045   Time=0.1  Run Time=63.3
