CUDA devices = 1
Device 0: NVIDIA GeForce RTX 4090

variations = 1
instructions = 32
registers = 30
opcodes = 3

targetMin = 0.000000f
targetMax = 6.283185f
target = 0.000001f

mode = FIRESTARTER_OPTIMIZE
evolveSeed = 0
optimizeSeed = 0
tests = 256
streams = 1
units = 1
states = 1
population = 65536
generations = 0
passes = 512
samples = 15
iterations = 64
candidates = 0
optimize = 1

scale = 0.300000f
startScale = 2.500000f
startResult = 10.000000f

FIRESTARTER_OPTIMIZE: Seed=0  Test=61  Generation=  2 *Result=0.00133331  Best=0.00133331   Time=0.124  Run Time=0.7
FIRESTARTER_OPTIMIZE: Seed=0  Test=61  Generation=  3  Result=0.00221015  Best=0.00133331   Time=0.121  Run Time=1.2
FIRESTARTER_OPTIMIZE: Seed=0  Test=61  Generation=  4 *Result=0.00000163  Best=0.00000163   Time=0.149  Run Time=1.8
FIRESTARTER_OPTIMIZE: Seed=0  Test=61  Generation=  5  Result=0.00000191  Best=0.00000163   Time=0.126  Run Time=2.1
FIRESTARTER_OPTIMIZE: Seed=0  Test=61  Generation=  6  Result=0.00006379  Best=0.00000163   Time=0.123  Run Time=2.6
FIRESTARTER_OPTIMIZE: Seed=0  Test=61  Generation=  7  Result=0.00082691  Best=0.00000163   Time=0.124  Run Time=2.9
FIRESTARTER_OPTIMIZE: Seed=0  Test=61  Generation=  8  Result=0.00011097  Best=0.00000163   Time=0.124  Run Time=3.2
FIRESTARTER_OPTIMIZE: Seed=0  Test=61  Generation=  9  Result=0.00007032  Best=0.00000163   Time=0.124  Run Time=3.5
FIRESTARTER_OPTIMIZE: Seed=0  Test=61  Generation= 10  Result=0.00001695  Best=0.00000163   Time=0.124  Run Time=3.8
FIRESTARTER_OPTIMIZE: Seed=0  Test=61  Generation= 11 *Result=0.00000012  Best=0.00000012   Time=0.124  Run Time=4.4
