CUDA devices = 1
Device 0: NVIDIA GeForce RTX 4090

variations = 1
instructions = 32
registers = 30
opcodes = 3

targetMin = 0.000000f
targetMax = 6.283185f
target = 0.000001f

mode = FIRESTARTER_OPTIMIZE
evolveSeed = 0
optimizeSeed = 0
tests = 256
streams = 1
units = 1
states = 1
generations = 0
population = 65536
passes = 384
attempts = 0
optimize = 1

scale = 0.300000f
startScale = 2.500000f
startResult = 10.000000f

FIRESTARTER_OPTIMIZE: Seed=0  Test=230  Generation=  2 *Result=0.00000679  Best=0.00000679   Time=0.1  Run Time=676.3
FIRESTARTER_OPTIMIZE: Seed=0  Test=230  Generation=  3  Result=0.00005536  Best=0.00000679   Time=0.1  Run Time=676.8
FIRESTARTER_OPTIMIZE: Seed=0  Test=230  Generation=  4  Result=0.00032556  Best=0.00000679   Time=0.1  Run Time=677.3
FIRESTARTER_OPTIMIZE: Seed=0  Test=230  Generation=  5 *Result=0.00000289  Best=0.00000289   Time=0.1  Run Time=677.7
FIRESTARTER_OPTIMIZE: Seed=0  Test=230  Generation=  6  Result=0.00005356  Best=0.00000289   Time=0.1  Run Time=678.2
FIRESTARTER_OPTIMIZE: Seed=0  Test=230  Generation=  7  Result=0.00000632  Best=0.00000289   Time=0.1  Run Time=678.6
FIRESTARTER_OPTIMIZE: Seed=0  Test=230  Generation=  8  Result=0.00113917  Best=0.00000289   Time=0.1  Run Time=679.1
FIRESTARTER_OPTIMIZE: Seed=0  Test=230  Generation=  9  Result=0.00010234  Best=0.00000289   Time=0.1  Run Time=679.6
FIRESTARTER_OPTIMIZE: Seed=0  Test=230  Generation= 10  Result=0.00029751  Best=0.00000289   Time=0.1  Run Time=680.0
FIRESTARTER_OPTIMIZE: Seed=0  Test=230  Generation= 11 *Result=0.00000010  Best=0.00000010   Time=0.2  Run Time=680.5
