CUDA devices = 1
Device 0: NVIDIA GeForce RTX 4090

variations = 1
instructions = 32
registers = 30
opcodes = 4

targetMin = 0.000000f
targetMax = 6.283185f
target = 0.000001f

mode = FIRESTARTER_OPTIMIZE
evolveSeed = 0
optimizeSeed = 0
tests = 256
streams = 1
units = 1
states = 1
generations = 0
population = 65536
passes = 384
attempts = 0
optimize = 1

scale = 0.300000f
startScale = 2.500000f
startResult = 10.000000f

FIRESTARTER_OPTIMIZE: Seed=0  Test=30  Generation=  2 *Result=0.00002820  Best=0.00002820   Time=0.1  Run Time=96.2
FIRESTARTER_OPTIMIZE: Seed=0  Test=30  Generation=  3 *Result=0.00000597  Best=0.00000597   Time=0.1  Run Time=96.6
FIRESTARTER_OPTIMIZE: Seed=0  Test=30  Generation=  4  Result=0.00007763  Best=0.00000597   Time=0.1  Run Time=97.1
FIRESTARTER_OPTIMIZE: Seed=0  Test=30  Generation=  5  Result=0.00614476  Best=0.00000597   Time=0.1  Run Time=97.5
FIRESTARTER_OPTIMIZE: Seed=0  Test=30  Generation=  6  Result=0.00003538  Best=0.00000597   Time=0.1  Run Time=97.9
FIRESTARTER_OPTIMIZE: Seed=0  Test=30  Generation=  7  Result=0.00238508  Best=0.00000597   Time=0.1  Run Time=98.3
FIRESTARTER_OPTIMIZE: Seed=0  Test=30  Generation=  8  Result=0.00002207  Best=0.00000597   Time=0.1  Run Time=98.7
FIRESTARTER_OPTIMIZE: Seed=0  Test=30  Generation=  9  Result=0.00023097  Best=0.00000597   Time=0.1  Run Time=99.2
FIRESTARTER_OPTIMIZE: Seed=0  Test=30  Generation= 10 *Result=0.00000042  Best=0.00000042   Time=0.1  Run Time=99.6
