CUDA devices = 1
Device 0: NVIDIA GeForce RTX 4090

variations = 1
instructions = 32
registers = 30
opcodes = 2
patternOpcodes = 2

targetMin = 0.000000f
targetMax = 6.283185f
target = 0.000001f

mode = FIRESTARTER_OPTIMIZE
evolveSeed = 0
optimizeSeed = 0
tests = 256
streams = 1
units = 1
states = 1
generations = 0
population = 65536
passes = 384
attempts = 0
optimize = 1

scale = 0.300000f
startScale = 2.500000f
startResult = 10.000000f

FIRESTARTER_OPTIMIZE: Seed=0  Test=104  Generation=  2 *Result=0.00040140  Best=0.00040140   Time=0.1  Run Time=355.0
FIRESTARTER_OPTIMIZE: Seed=0  Test=104  Generation=  3 *Result=0.00018641  Best=0.00018641   Time=0.1  Run Time=355.4
FIRESTARTER_OPTIMIZE: Seed=0  Test=104  Generation=  4  Result=0.00032384  Best=0.00018641   Time=0.1  Run Time=355.9
FIRESTARTER_OPTIMIZE: Seed=0  Test=104  Generation=  5 *Result=0.00018215  Best=0.00018215   Time=0.1  Run Time=356.3
FIRESTARTER_OPTIMIZE: Seed=0  Test=104  Generation=  6 *Result=0.00005204  Best=0.00005204   Time=0.1  Run Time=356.7
FIRESTARTER_OPTIMIZE: Seed=0  Test=104  Generation=  7  Result=0.00018549  Best=0.00005204   Time=0.1  Run Time=357.1
FIRESTARTER_OPTIMIZE: Seed=0  Test=104  Generation=  8  Result=0.00016025  Best=0.00005204   Time=0.1  Run Time=357.6
FIRESTARTER_OPTIMIZE: Seed=0  Test=104  Generation=  9 *Result=0.00000623  Best=0.00000623   Time=0.1  Run Time=358.0
FIRESTARTER_OPTIMIZE: Seed=0  Test=104  Generation= 10 *Result=0.00000009  Best=0.00000009   Time=0.1  Run Time=358.4
