CUDA devices = 2
Device 0: NVIDIA GeForce RTX 5090
Device 1: NVIDIA GeForce RTX 5090

variations = 1
instructions = 32
registers = 30
opcodes = 3

targetMin = 0.000000f
targetMax = 6.283185f
target = 0.000001f

mode = FIRESTARTER_EVOLVE_GPU
evolveSeed = 0
optimizeSeed = 0
tests = 256
streams = 1
units = 1
states = 1
population = 65536
generations = 0
passes = 256
samples = 15
iterations = 64
candidates = 0
optimize = 1

scale = 0.300000f
startScale = 2.500000f
startResult = 10.000000f


FIRESTARTER_EVOLVE_GPU: Seed=0  Test=48  Generation=  1  Old Result=10.00000000 *New Result=0.00075185  MinIndex=0  EvolveAge=0  Best=0.00075185   BestAge=0  Time=0.033  Run Time=0.7
FIRESTARTER_EVOLVE_GPU: Seed=0  Test=48  Generation=  1  Old Result=10.00000000 *New Result=0.00015891  MinIndex=0  EvolveAge=0  Best=0.00015891   BestAge=0  Time=0.175  Run Time=1.1
FIRESTARTER_EVOLVE_GPU: Seed=0  Test=48  Generation=  1  Old Result=10.00000000 >New Result=0.00018270  MinIndex=0  EvolveAge=0  Best=0.00015891   BestAge=2  Time=0.030  Run Time=1.3
FIRESTARTER_EVOLVE_GPU: Seed=0  Test=48  Generation=  1  Old Result=10.00000000 *New Result=0.00002453  MinIndex=0  EvolveAge=0  Best=0.00002453   BestAge=0  Time=0.033  Run Time=1.6
FIRESTARTER_EVOLVE_GPU: Seed=0  Test=48  Generation=  1  Old Result=10.00000000 >New Result=0.00143008  MinIndex=0  EvolveAge=0  Best=0.00002453   BestAge=2  Time=0.031  Run Time=1.9
FIRESTARTER_EVOLVE_GPU: Seed=0  Test=48  Generation=  1  Old Result=10.00000000 >New Result=0.00022087  MinIndex=0  EvolveAge=0  Best=0.00002453   BestAge=4  Time=0.032  Run Time=2.2
FIRESTARTER_EVOLVE_GPU: Seed=0  Test=48  Generation=  1  Old Result=10.00000000 >New Result=0.00009673  MinIndex=0  EvolveAge=0  Best=0.00002453   BestAge=6  Time=0.031  Run Time=2.4
FIRESTARTER_EVOLVE_GPU: Seed=0  Test=48  Generation=  1  Old Result=10.00000000 >New Result=0.00622736  MinIndex=0  EvolveAge=0  Best=0.00002453   BestAge=8  Time=0.035  Run Time=2.7
FIRESTARTER_EVOLVE_GPU: Seed=0  Test=48  Generation=  1  Old Result=10.00000000 >New Result=0.00012394  MinIndex=0  EvolveAge=0  Best=0.00002453   BestAge=10  Time=0.035  Run Time=3.0
FIRESTARTER_EVOLVE_GPU: Seed=0  Test=48  Generation=  1  Old Result=10.00000000 >New Result=0.00061737  MinIndex=0  EvolveAge=0  Best=0.00002453   BestAge=12  Time=0.034  Run Time=3.3
FIRESTARTER_EVOLVE_GPU: Seed=0  Test=48  Generation=  1  Old Result=10.00000000 >New Result=0.00141382  MinIndex=0  EvolveAge=0  Best=0.00002453   BestAge=14  Time=0.035  Run Time=3.5
FIRESTARTER_EVOLVE_GPU: Seed=0  Test=48  Generation=  1  Old Result=10.00000000 >New Result=0.00002518  MinIndex=0  EvolveAge=0  Best=0.00002453   BestAge=16  Time=0.036  Run Time=3.8
FIRESTARTER_EVOLVE_GPU: Seed=0  Test=48  Generation=  1  Old Result=10.00000000 >New Result=0.00012280  MinIndex=0  EvolveAge=0  Best=0.00002453   BestAge=18  Time=0.034  Run Time=4.1
FIRESTARTER_EVOLVE_GPU: Seed=0  Test=48  Generation=  1  Old Result=10.00000000 >New Result=0.00018297  MinIndex=0  EvolveAge=0  Best=0.00002453   BestAge=20  Time=0.035  Run Time=4.4
FIRESTARTER_EVOLVE_GPU: Seed=0  Test=48  Generation=  1  Old Result=10.00000000 >New Result=0.00236803  MinIndex=0  EvolveAge=0  Best=0.00002453   BestAge=22  Time=0.035  Run Time=4.6
FIRESTARTER_EVOLVE_GPU: Seed=0  Test=48  Generation=  1  Old Result=10.00000000 >New Result=0.00075185  MinIndex=0  EvolveAge=0  Best=0.00002453   BestAge=24  Time=0.035  Run Time=4.7
FIRESTARTER_EVOLVE_GPU: Seed=0  Test=48  Generation=  2  Old Result=10.00000000 >New Result=0.00002480  MinIndex=0  EvolveAge=0  Best=0.00002453   BestAge=26  Time=0.031  Run Time=5.4
FIRESTARTER_EVOLVE_GPU: Seed=0  Test=48  Generation=  2  Old Result=10.00000000 *New Result=0.00000039  MinIndex=0  EvolveAge=0  Best=0.00000039   BestAge=0  Time=0.033  Run Time=5.6
