CUDA devices = 1
Device 0: NVIDIA GeForce RTX 4090

variations = 1
instructions = 32
registers = 30
opcodes = 3

targetMin = 0.000000f
targetMax = 6.283185f
target = 0.000001f

mode = FIRESTARTER_OPTIMIZE
evolveSeed = 0
optimizeSeed = 0
tests = 256
streams = 1
units = 1
states = 1
generations = 0
population = 65536
passes = 384
attempts = 0
optimize = 1

scale = 0.300000f
startScale = 2.500000f
startResult = 10.000000f

FIRESTARTER_OPTIMIZE: Seed=0  Test=238  Generation=  2 *Result=0.00246869  Best=0.00246869   Time=0.1  Run Time=705.4
FIRESTARTER_OPTIMIZE: Seed=0  Test=238  Generation=  3 *Result=0.00079341  Best=0.00079341   Time=0.1  Run Time=705.8
FIRESTARTER_OPTIMIZE: Seed=0  Test=238  Generation=  4  Result=0.00085627  Best=0.00079341   Time=0.1  Run Time=706.3
FIRESTARTER_OPTIMIZE: Seed=0  Test=238  Generation=  5 *Result=0.00020708  Best=0.00020708   Time=0.1  Run Time=706.7
FIRESTARTER_OPTIMIZE: Seed=0  Test=238  Generation=  6 *Result=0.00000193  Best=0.00000193   Time=0.1  Run Time=707.2
FIRESTARTER_OPTIMIZE: Seed=0  Test=238  Generation=  7  Result=0.00001156  Best=0.00000193   Time=0.1  Run Time=707.6
FIRESTARTER_OPTIMIZE: Seed=0  Test=238  Generation=  8  Result=0.00118190  Best=0.00000193   Time=0.1  Run Time=708.1
FIRESTARTER_OPTIMIZE: Seed=0  Test=238  Generation=  9  Result=0.00003060  Best=0.00000193   Time=0.1  Run Time=708.5
FIRESTARTER_OPTIMIZE: Seed=0  Test=238  Generation= 10 *Result=0.00000013  Best=0.00000013   Time=0.1  Run Time=709.0
