CUDA devices = 1
Device 0: NVIDIA GeForce RTX 4090

variations = 1
instructions = 32
registers = 30
opcodes = 4

targetMin = 0.000000f
targetMax = 6.283185f
target = 0.000001f

mode = FIRESTARTER_OPTIMIZE
evolveSeed = 0
optimizeSeed = 0
tests = 256
streams = 1
units = 1
states = 1
generations = 0
population = 65536
passes = 384
attempts = 0
optimize = 1

scale = 0.300000f
startScale = 2.500000f
startResult = 10.000000f

FIRESTARTER_OPTIMIZE: Seed=0  Test=144  Generation=  2 *Result=0.00037440  Best=0.00037440   Time=0.1  Run Time=489.0
FIRESTARTER_OPTIMIZE: Seed=0  Test=144  Generation=  3 *Result=0.00013278  Best=0.00013278   Time=0.2  Run Time=489.5
FIRESTARTER_OPTIMIZE: Seed=0  Test=144  Generation=  4 *Result=0.00002629  Best=0.00002629   Time=0.1  Run Time=489.9
FIRESTARTER_OPTIMIZE: Seed=0  Test=144  Generation=  5 *Result=0.00000023  Best=0.00000023   Time=0.1  Run Time=490.4
