CUDA devices = 1
Device 0: NVIDIA GeForce RTX 4090

variations = 1
instructions = 32
registers = 30
opcodes = 3

targetMin = 0.000000f
targetMax = 6.283185f
target = 0.000001f

mode = FIRESTARTER_OPTIMIZE
evolveSeed = 0
optimizeSeed = 0
tests = 256
streams = 1
units = 1
states = 1
generations = 0
population = 65536
passes = 384
attempts = 0
optimize = 1

scale = 0.300000f
startScale = 2.500000f
startResult = 10.000000f

FIRESTARTER_OPTIMIZE: Seed=0  Test=185  Generation=  2 *Result=0.00002379  Best=0.00002379   Time=0.1  Run Time=543.3
FIRESTARTER_OPTIMIZE: Seed=0  Test=185  Generation=  3 *Result=0.00000121  Best=0.00000121   Time=0.1  Run Time=543.7
FIRESTARTER_OPTIMIZE: Seed=0  Test=185  Generation=  4  Result=0.00003145  Best=0.00000121   Time=0.1  Run Time=544.2
FIRESTARTER_OPTIMIZE: Seed=0  Test=185  Generation=  5  Result=0.00001028  Best=0.00000121   Time=0.1  Run Time=544.6
FIRESTARTER_OPTIMIZE: Seed=0  Test=185  Generation=  6  Result=0.00000794  Best=0.00000121   Time=0.1  Run Time=545.1
FIRESTARTER_OPTIMIZE: Seed=0  Test=185  Generation=  7  Result=0.00018244  Best=0.00000121   Time=0.1  Run Time=545.5
FIRESTARTER_OPTIMIZE: Seed=0  Test=185  Generation=  8 *Result=0.00000075  Best=0.00000075   Time=0.1  Run Time=545.9
