CUDA devices = 1
Device 0: NVIDIA GeForce RTX 4090

variations = 1
instructions = 32
registers = 30
opcodes = 2

targetMin = 0.000000f
targetMax = 6.283185f
target = 0.000001f

mode = FIRESTARTER_OPTIMIZE
evolveSeed = 0
optimizeSeed = 0
tests = 256
streams = 1
units = 1
states = 1
generations = 0
population = 65536
passes = 384
attempts = 0
optimize = 1

scale = 0.300000f
startScale = 2.500000f
startResult = 10.000000f

FIRESTARTER_OPTIMIZE: Seed=0  Test=228  Generation=  2 *Result=0.00013154  Best=0.00013154   Time=0.1  Run Time=805.8
FIRESTARTER_OPTIMIZE: Seed=0  Test=228  Generation=  3 *Result=0.00009412  Best=0.00009412   Time=0.1  Run Time=806.3
FIRESTARTER_OPTIMIZE: Seed=0  Test=228  Generation=  4  Result=0.00009470  Best=0.00009412   Time=0.1  Run Time=806.7
FIRESTARTER_OPTIMIZE: Seed=0  Test=228  Generation=  5 *Result=0.00004283  Best=0.00004283   Time=0.1  Run Time=807.1
FIRESTARTER_OPTIMIZE: Seed=0  Test=228  Generation=  6 *Result=0.00003791  Best=0.00003791   Time=0.1  Run Time=807.6
FIRESTARTER_OPTIMIZE: Seed=0  Test=228  Generation=  7 *Result=0.00002821  Best=0.00002821   Time=0.1  Run Time=808.0
FIRESTARTER_OPTIMIZE: Seed=0  Test=228  Generation=  8  Result=0.00012581  Best=0.00002821   Time=0.1  Run Time=808.4
FIRESTARTER_OPTIMIZE: Seed=0  Test=228  Generation=  9 *Result=0.00000008  Best=0.00000008   Time=0.1  Run Time=808.9
