CUDA devices = 1
Device 0: NVIDIA GeForce RTX 4090

variations = 1
instructions = 32
registers = 30
opcodes = 3

targetMin = 0.000000f
targetMax = 6.283185f
target = 0.000001f

mode = FIRESTARTER_OPTIMIZE
evolveSeed = 0
optimizeSeed = 0
tests = 256
streams = 1
units = 1
states = 1
generations = 0
population = 65536
passes = 384
attempts = 0
optimize = 1

scale = 0.300000f
startScale = 2.500000f
startResult = 10.000000f

FIRESTARTER_OPTIMIZE: Seed=0  Test=116  Generation=  2 *Result=0.00007235  Best=0.00007235   Time=0.1  Run Time=266.3
FIRESTARTER_OPTIMIZE: Seed=0  Test=116  Generation=  3 *Result=0.00006836  Best=0.00006836   Time=0.1  Run Time=266.7
FIRESTARTER_OPTIMIZE: Seed=0  Test=116  Generation=  4 *Result=0.00003597  Best=0.00003597   Time=0.1  Run Time=267.0
FIRESTARTER_OPTIMIZE: Seed=0  Test=116  Generation=  5 *Result=0.00000195  Best=0.00000195   Time=0.1  Run Time=267.3
FIRESTARTER_OPTIMIZE: Seed=0  Test=116  Generation=  6 *Result=0.00000055  Best=0.00000055   Time=0.1  Run Time=267.7
