CUDA devices = 1
Device 0: NVIDIA GeForce RTX 4090

variations = 1
instructions = 32
registers = 30
opcodes = 3

targetMin = 0.000000f
targetMax = 6.283185f
target = 0.000001f

mode = FIRESTARTER_EVOLVE_GPU
evolveSeed = 0
optimizeSeed = 0
tests = 256
streams = 1
units = 1
states = 1
population = 65536
generations = 0
passes = 256
samples = 15
iterations = 64
candidates = 0
optimize = 1

scale = 0.300000f
startScale = 2.500000f
startResult = 10.000000f


FIRESTARTER_EVOLVE_GPU: Seed=0  Test=82  Generation=  2  Old Result=10.00000000 *New Result=0.00023126  MinIndex=0  EvolveAge=0  Best=0.00023126   BestAge=0  Time=0.048  Run Time=0.5
FIRESTARTER_EVOLVE_GPU: Seed=0  Test=82  Generation=  3  Old Result=10.00000000 >New Result=0.00027300  MinIndex=0  EvolveAge=0  Best=0.00023126   BestAge=2  Time=0.046  Run Time=0.7
FIRESTARTER_EVOLVE_GPU: Seed=0  Test=82  Generation=  4  Old Result=10.00000000 *New Result=0.00014584  MinIndex=0  EvolveAge=0  Best=0.00014584   BestAge=0  Time=0.065  Run Time=1.0
FIRESTARTER_EVOLVE_GPU: Seed=0  Test=82  Generation=  5  Old Result=10.00000000 *New Result=0.00003570  MinIndex=0  EvolveAge=0  Best=0.00003570   BestAge=0  Time=0.065  Run Time=1.3
FIRESTARTER_EVOLVE_GPU: Seed=0  Test=82  Generation=  6  Old Result=10.00000000 >New Result=0.00003824  MinIndex=0  EvolveAge=0  Best=0.00003570   BestAge=2  Time=0.064  Run Time=1.6
FIRESTARTER_EVOLVE_GPU: Seed=0  Test=82  Generation=  7  Old Result=10.00000000 *New Result=0.00001752  MinIndex=0  EvolveAge=0  Best=0.00001752   BestAge=0  Time=0.065  Run Time=1.9
FIRESTARTER_EVOLVE_GPU: Seed=0  Test=82  Generation=  8  Old Result=10.00000000 >New Result=0.00020410  MinIndex=0  EvolveAge=0  Best=0.00001752   BestAge=2  Time=0.065  Run Time=2.2
FIRESTARTER_EVOLVE_GPU: Seed=0  Test=82  Generation=  9  Old Result=10.00000000 >New Result=0.00003025  MinIndex=0  EvolveAge=0  Best=0.00001752   BestAge=4  Time=0.064  Run Time=2.5
FIRESTARTER_EVOLVE_GPU: Seed=0  Test=82  Generation= 10  Old Result=10.00000000 >New Result=0.00002265  MinIndex=0  EvolveAge=0  Best=0.00001752   BestAge=6  Time=0.064  Run Time=2.7
FIRESTARTER_EVOLVE_GPU: Seed=0  Test=82  Generation= 11  Old Result=10.00000000 >New Result=0.00004157  MinIndex=0  EvolveAge=0  Best=0.00001752   BestAge=8  Time=0.064  Run Time=3.0
FIRESTARTER_EVOLVE_GPU: Seed=0  Test=82  Generation= 12  Old Result=10.00000000 >New Result=0.00002867  MinIndex=0  EvolveAge=0  Best=0.00001752   BestAge=10  Time=0.064  Run Time=3.3
FIRESTARTER_EVOLVE_GPU: Seed=0  Test=82  Generation= 13  Old Result=10.00000000 >New Result=0.00002527  MinIndex=0  EvolveAge=0  Best=0.00001752   BestAge=12  Time=0.064  Run Time=3.5
FIRESTARTER_EVOLVE_GPU: Seed=0  Test=82  Generation= 14  Old Result=10.00000000 >New Result=0.00003093  MinIndex=0  EvolveAge=0  Best=0.00001752   BestAge=14  Time=0.064  Run Time=3.8
FIRESTARTER_EVOLVE_GPU: Seed=0  Test=82  Generation= 15  Old Result=10.00000000 *New Result=0.00001529  MinIndex=0  EvolveAge=0  Best=0.00001529   BestAge=0  Time=0.066  Run Time=4.1
FIRESTARTER_EVOLVE_GPU: Seed=0  Test=82  Generation= 16  Old Result=10.00000000 >New Result=0.00012046  MinIndex=0  EvolveAge=0  Best=0.00001529   BestAge=2  Time=0.065  Run Time=4.4
FIRESTARTER_EVOLVE_GPU: Seed=0  Test=82  Generation= 17  Old Result=10.00000000 >New Result=0.00013224  MinIndex=0  EvolveAge=0  Best=0.00001529   BestAge=4  Time=0.065  Run Time=4.7
FIRESTARTER_EVOLVE_GPU: Seed=0  Test=82  Generation= 18  Old Result=10.00000000 *New Result=0.00000010  MinIndex=0  EvolveAge=0  Best=0.00000010   BestAge=0  Time=0.044  Run Time=5.0
