CUDA devices = 1
Device 0: NVIDIA GeForce RTX 4090

variations = 1
instructions = 32
registers = 30
opcodes = 4

targetMin = 0.000000f
targetMax = 6.283185f
target = 0.000001f

mode = FIRESTARTER_OPTIMIZE
evolveSeed = 0
optimizeSeed = 0
tests = 256
streams = 1
units = 1
states = 1
generations = 0
population = 65536
passes = 384
attempts = 0
optimize = 1

scale = 0.300000f
startScale = 2.500000f
startResult = 10.000000f

FIRESTARTER_OPTIMIZE: Seed=0  Test=239  Generation=  2 *Result=0.00045490  Best=0.00045490   Time=0.1  Run Time=830.2
FIRESTARTER_OPTIMIZE: Seed=0  Test=239  Generation=  3 *Result=0.00001276  Best=0.00001276   Time=0.1  Run Time=830.7
FIRESTARTER_OPTIMIZE: Seed=0  Test=239  Generation=  4  Result=0.00104199  Best=0.00001276   Time=0.1  Run Time=831.1
FIRESTARTER_OPTIMIZE: Seed=0  Test=239  Generation=  5  Result=0.00008750  Best=0.00001276   Time=0.1  Run Time=831.5
FIRESTARTER_OPTIMIZE: Seed=0  Test=239  Generation=  6 *Result=0.00000279  Best=0.00000279   Time=0.1  Run Time=832.0
FIRESTARTER_OPTIMIZE: Seed=0  Test=239  Generation=  7  Result=0.00011268  Best=0.00000279   Time=0.1  Run Time=832.4
FIRESTARTER_OPTIMIZE: Seed=0  Test=239  Generation=  8 *Result=0.00000014  Best=0.00000014   Time=0.1  Run Time=832.9
