CUDA devices = 1
Device 0: NVIDIA GeForce RTX 4090

variations = 1
instructions = 32
registers = 30
opcodes = 4

targetMin = 0.000000f
targetMax = 6.283185f
target = 0.000001f

mode = FIRESTARTER_OPTIMIZE
evolveSeed = 0
optimizeSeed = 0
tests = 256
streams = 1
units = 1
states = 1
generations = 0
population = 65536
passes = 384
attempts = 0
optimize = 1

scale = 0.300000f
startScale = 2.500000f
startResult = 10.000000f

FIRESTARTER_OPTIMIZE: Seed=0  Test=38  Generation=  2 *Result=0.00002182  Best=0.00002182   Time=0.1  Run Time=124.7
FIRESTARTER_OPTIMIZE: Seed=0  Test=38  Generation=  3 *Result=0.00000182  Best=0.00000182   Time=0.1  Run Time=125.1
FIRESTARTER_OPTIMIZE: Seed=0  Test=38  Generation=  4  Result=0.00104185  Best=0.00000182   Time=0.1  Run Time=125.5
FIRESTARTER_OPTIMIZE: Seed=0  Test=38  Generation=  5  Result=0.00000440  Best=0.00000182   Time=0.1  Run Time=126.0
FIRESTARTER_OPTIMIZE: Seed=0  Test=38  Generation=  6  Result=0.00018287  Best=0.00000182   Time=0.1  Run Time=126.4
FIRESTARTER_OPTIMIZE: Seed=0  Test=38  Generation=  7  Result=0.00008613  Best=0.00000182   Time=0.1  Run Time=126.8
FIRESTARTER_OPTIMIZE: Seed=0  Test=38  Generation=  8  Result=0.00186639  Best=0.00000182   Time=0.1  Run Time=127.2
FIRESTARTER_OPTIMIZE: Seed=0  Test=38  Generation=  9  Result=0.00001864  Best=0.00000182   Time=0.1  Run Time=127.7
FIRESTARTER_OPTIMIZE: Seed=0  Test=38  Generation= 10  Result=0.00000382  Best=0.00000182   Time=0.1  Run Time=128.1
FIRESTARTER_OPTIMIZE: Seed=0  Test=38  Generation= 11  Result=0.00030988  Best=0.00000182   Time=0.1  Run Time=128.5
FIRESTARTER_OPTIMIZE: Seed=0  Test=38  Generation= 12 *Result=0.00000047  Best=0.00000047   Time=0.1  Run Time=128.9
