CUDA devices = 1
Device 0: NVIDIA GeForce RTX 4090

variations = 1
instructions = 32
registers = 30
opcodes = 2
patternOpcodes = 4

targetMin = 0.000000f
targetMax = 6.283185f
target = 0.000001f

mode = FIRESTARTER_OPTIMIZE
evolveSeed = 0
optimizeSeed = 0
tests = 256
streams = 1
units = 1
states = 1
generations = 0
population = 65536
passes = 384
attempts = 0
optimize = 1

scale = 0.300000f
startScale = 2.500000f
startResult = 10.000000f

FIRESTARTER_OPTIMIZE: Seed=0  Test=17  Generation=  2 *Result=0.00300369  Best=0.00300369   Time=0.1  Run Time=48.1
FIRESTARTER_OPTIMIZE: Seed=0  Test=17  Generation=  3 *Result=0.00006693  Best=0.00006693   Time=0.1  Run Time=48.6
FIRESTARTER_OPTIMIZE: Seed=0  Test=17  Generation=  4  Result=0.00042262  Best=0.00006693   Time=0.1  Run Time=49.0
FIRESTARTER_OPTIMIZE: Seed=0  Test=17  Generation=  5 *Result=0.00000474  Best=0.00000474   Time=0.1  Run Time=49.4
FIRESTARTER_OPTIMIZE: Seed=0  Test=17  Generation=  6  Result=0.00000937  Best=0.00000474   Time=0.1  Run Time=49.9
FIRESTARTER_OPTIMIZE: Seed=0  Test=17  Generation=  7  Result=0.00034930  Best=0.00000474   Time=0.1  Run Time=50.3
FIRESTARTER_OPTIMIZE: Seed=0  Test=17  Generation=  8  Result=0.00001292  Best=0.00000474   Time=0.1  Run Time=50.8
FIRESTARTER_OPTIMIZE: Seed=0  Test=17  Generation=  9  Result=0.00221022  Best=0.00000474   Time=0.1  Run Time=51.2
FIRESTARTER_OPTIMIZE: Seed=0  Test=17  Generation= 10  Result=0.00004123  Best=0.00000474   Time=0.1  Run Time=51.6
FIRESTARTER_OPTIMIZE: Seed=0  Test=17  Generation= 11  Result=0.00000556  Best=0.00000474   Time=0.1  Run Time=52.1
FIRESTARTER_OPTIMIZE: Seed=0  Test=17  Generation= 12 *Result=0.00000060  Best=0.00000060   Time=0.1  Run Time=52.5
