CUDA devices = 1
Device 0: NVIDIA GeForce RTX 4090

variations = 1
instructions = 32
registers = 30
opcodes = 2

targetMin = 0.000000f
targetMax = 6.283185f
target = 0.000001f

mode = FIRESTARTER_OPTIMIZE
evolveSeed = 0
optimizeSeed = 0
tests = 256
streams = 1
units = 1
states = 1
generations = 0
population = 65536
passes = 384
attempts = 0
optimize = 1

scale = 0.300000f
startScale = 2.500000f
startResult = 10.000000f

FIRESTARTER_OPTIMIZE: Seed=0  Test=114  Generation=  2 *Result=0.00023791  Best=0.00023791   Time=0.1  Run Time=384.1
FIRESTARTER_OPTIMIZE: Seed=0  Test=114  Generation=  3 *Result=0.00005252  Best=0.00005252   Time=0.2  Run Time=384.6
FIRESTARTER_OPTIMIZE: Seed=0  Test=114  Generation=  4 *Result=0.00003277  Best=0.00003277   Time=0.1  Run Time=385.1
FIRESTARTER_OPTIMIZE: Seed=0  Test=114  Generation=  5  Result=0.00017800  Best=0.00003277   Time=0.1  Run Time=385.5
FIRESTARTER_OPTIMIZE: Seed=0  Test=114  Generation=  6 *Result=0.00000246  Best=0.00000246   Time=0.1  Run Time=386.0
FIRESTARTER_OPTIMIZE: Seed=0  Test=114  Generation=  7  Result=0.00008606  Best=0.00000246   Time=0.1  Run Time=386.4
FIRESTARTER_OPTIMIZE: Seed=0  Test=114  Generation=  8  Result=0.00000626  Best=0.00000246   Time=0.1  Run Time=386.8
FIRESTARTER_OPTIMIZE: Seed=0  Test=114  Generation=  9  Result=0.00058299  Best=0.00000246   Time=0.1  Run Time=387.3
FIRESTARTER_OPTIMIZE: Seed=0  Test=114  Generation= 10 *Result=0.00000049  Best=0.00000049   Time=0.1  Run Time=387.7
