CUDA devices = 1
Device 0: NVIDIA GeForce RTX 4090

variations = 1
instructions = 32
registers = 30
opcodes = 2
patternOpcodes = 4

targetMin = 0.000000f
targetMax = 6.283185f
target = 0.000001f

mode = FIRESTARTER_OPTIMIZE
evolveSeed = 0
optimizeSeed = 0
tests = 256
streams = 1
units = 1
states = 1
generations = 0
population = 65536
passes = 384
attempts = 0
optimize = 1

scale = 0.300000f
startScale = 2.500000f
startResult = 10.000000f

FIRESTARTER_OPTIMIZE: Seed=0  Test=43  Generation=  2 *Result=0.00000947  Best=0.00000947   Time=0.1  Run Time=116.0
FIRESTARTER_OPTIMIZE: Seed=0  Test=43  Generation=  3  Result=0.00228575  Best=0.00000947   Time=0.1  Run Time=116.4
FIRESTARTER_OPTIMIZE: Seed=0  Test=43  Generation=  4  Result=0.00080884  Best=0.00000947   Time=0.1  Run Time=116.9
FIRESTARTER_OPTIMIZE: Seed=0  Test=43  Generation=  5  Result=0.00012990  Best=0.00000947   Time=0.1  Run Time=117.3
FIRESTARTER_OPTIMIZE: Seed=0  Test=43  Generation=  6 *Result=0.00000103  Best=0.00000103   Time=0.1  Run Time=117.7
FIRESTARTER_OPTIMIZE: Seed=0  Test=43  Generation=  7  Result=0.00001908  Best=0.00000103   Time=0.1  Run Time=118.1
FIRESTARTER_OPTIMIZE: Seed=0  Test=43  Generation=  8  Result=0.00199406  Best=0.00000103   Time=0.1  Run Time=118.6
FIRESTARTER_OPTIMIZE: Seed=0  Test=43  Generation=  9  Result=0.00012678  Best=0.00000103   Time=0.1  Run Time=119.0
FIRESTARTER_OPTIMIZE: Seed=0  Test=43  Generation= 10  Result=0.00000832  Best=0.00000103   Time=0.1  Run Time=119.4
FIRESTARTER_OPTIMIZE: Seed=0  Test=43  Generation= 11 *Result=0.00000012  Best=0.00000012   Time=0.1  Run Time=119.9
