CUDA devices = 1
Device 0: NVIDIA GeForce RTX 4090

variations = 1
instructions = 32
registers = 30
opcodes = 3

targetMin = 0.000000f
targetMax = 6.283185f
target = 0.000001f

mode = FIRESTARTER_OPTIMIZE
evolveSeed = 0
optimizeSeed = 0
tests = 256
streams = 1
units = 1
states = 1
generations = 0
population = 65536
passes = 384
attempts = 0
optimize = 1

scale = 0.300000f
startScale = 2.500000f
startResult = 10.000000f

FIRESTARTER_OPTIMIZE: Seed=0  Test=210  Generation=  2 *Result=0.00000806  Best=0.00000806   Time=0.1  Run Time=621.4
FIRESTARTER_OPTIMIZE: Seed=0  Test=210  Generation=  3  Result=0.00269548  Best=0.00000806   Time=0.1  Run Time=621.8
FIRESTARTER_OPTIMIZE: Seed=0  Test=210  Generation=  4  Result=0.00084567  Best=0.00000806   Time=0.1  Run Time=622.3
FIRESTARTER_OPTIMIZE: Seed=0  Test=210  Generation=  5 *Result=0.00000355  Best=0.00000355   Time=0.1  Run Time=622.7
FIRESTARTER_OPTIMIZE: Seed=0  Test=210  Generation=  6 *Result=0.00000065  Best=0.00000065   Time=0.2  Run Time=623.3
