CUDA devices = 1
Device 0: NVIDIA GeForce RTX 4090

variations = 1
instructions = 32
registers = 30
opcodes = 4

targetMin = 0.000000f
targetMax = 6.283185f
target = 0.000001f

mode = FIRESTARTER_OPTIMIZE
evolveSeed = 0
optimizeSeed = 0
tests = 256
streams = 1
units = 1
states = 1
generations = 0
population = 65536
passes = 384
attempts = 0
optimize = 1

scale = 0.300000f
startScale = 2.500000f
startResult = 10.000000f

FIRESTARTER_OPTIMIZE: Seed=0  Test=157  Generation=  2 *Result=0.00267554  Best=0.00267554   Time=0.1  Run Time=537.0
FIRESTARTER_OPTIMIZE: Seed=0  Test=157  Generation=  3 *Result=0.00008892  Best=0.00008892   Time=0.2  Run Time=537.6
FIRESTARTER_OPTIMIZE: Seed=0  Test=157  Generation=  4 *Result=0.00001555  Best=0.00001555   Time=0.1  Run Time=538.0
FIRESTARTER_OPTIMIZE: Seed=0  Test=157  Generation=  5  Result=0.00592736  Best=0.00001555   Time=0.1  Run Time=538.5
FIRESTARTER_OPTIMIZE: Seed=0  Test=157  Generation=  6  Result=0.00013500  Best=0.00001555   Time=0.1  Run Time=538.9
FIRESTARTER_OPTIMIZE: Seed=0  Test=157  Generation=  7  Result=0.00011702  Best=0.00001555   Time=0.1  Run Time=539.3
FIRESTARTER_OPTIMIZE: Seed=0  Test=157  Generation=  8  Result=0.00080012  Best=0.00001555   Time=0.1  Run Time=539.8
FIRESTARTER_OPTIMIZE: Seed=0  Test=157  Generation=  9  Result=0.00006251  Best=0.00001555   Time=0.1  Run Time=540.2
FIRESTARTER_OPTIMIZE: Seed=0  Test=157  Generation= 10 *Result=0.00001299  Best=0.00001299   Time=0.1  Run Time=540.7
FIRESTARTER_OPTIMIZE: Seed=0  Test=157  Generation= 11 *Result=0.00000039  Best=0.00000039   Time=0.2  Run Time=541.2
