CUDA devices = 1
Device 0: NVIDIA GeForce RTX 4090

variations = 1
instructions = 32
registers = 30
opcodes = 2
patternOpcodes = 4

targetMin = 0.000000f
targetMax = 6.283185f
target = 0.000001f

mode = FIRESTARTER_OPTIMIZE
evolveSeed = 0
optimizeSeed = 0
tests = 256
streams = 1
units = 1
states = 1
generations = 0
population = 65536
passes = 384
attempts = 0
optimize = 1

scale = 0.300000f
startScale = 2.500000f
startResult = 10.000000f

FIRESTARTER_OPTIMIZE: Seed=0  Test=238  Generation=  2 *Result=0.00003433  Best=0.00003433   Time=0.1  Run Time=819.4
FIRESTARTER_OPTIMIZE: Seed=0  Test=238  Generation=  3  Result=0.00006520  Best=0.00003433   Time=0.1  Run Time=819.9
FIRESTARTER_OPTIMIZE: Seed=0  Test=238  Generation=  4  Result=0.00030855  Best=0.00003433   Time=0.1  Run Time=820.3
FIRESTARTER_OPTIMIZE: Seed=0  Test=238  Generation=  5 *Result=0.00000346  Best=0.00000346   Time=0.1  Run Time=820.8
FIRESTARTER_OPTIMIZE: Seed=0  Test=238  Generation=  6  Result=0.00000897  Best=0.00000346   Time=0.1  Run Time=821.2
FIRESTARTER_OPTIMIZE: Seed=0  Test=238  Generation=  7  Result=0.00001755  Best=0.00000346   Time=0.1  Run Time=821.6
FIRESTARTER_OPTIMIZE: Seed=0  Test=238  Generation=  8 *Result=0.00000005  Best=0.00000005   Time=0.1  Run Time=822.1
