CUDA devices = 1
Device 0: NVIDIA GeForce RTX 4090

variations = 1
instructions = 32
registers = 30
opcodes = 3

targetMin = 0.000000f
targetMax = 6.283185f
target = 0.000001f

mode = FIRESTARTER_EVOLVE_GPU
evolveSeed = 0
optimizeSeed = 0
tests = 256
streams = 1
units = 1
states = 1
population = 65536
generations = 0
passes = 256
samples = 15
iterations = 64
candidates = 0
optimize = 1

scale = 0.300000f
startScale = 2.500000f
startResult = 10.000000f


FIRESTARTER_EVOLVE_GPU: Seed=0  Test=17  Generation=  2  Old Result=10.00000000 *New Result=0.00002926  MinIndex=0  EvolveAge=0  Best=0.00002926   BestAge=0  Time=0.067  Run Time=0.5
FIRESTARTER_EVOLVE_GPU: Seed=0  Test=17  Generation=  3  Old Result=10.00000000 >New Result=0.00121751  MinIndex=0  EvolveAge=0  Best=0.00002926   BestAge=2  Time=0.064  Run Time=0.8
FIRESTARTER_EVOLVE_GPU: Seed=0  Test=17  Generation=  4  Old Result=10.00000000 *New Result=0.00002849  MinIndex=0  EvolveAge=0  Best=0.00002849   BestAge=0  Time=0.045  Run Time=1.1
FIRESTARTER_EVOLVE_GPU: Seed=0  Test=17  Generation=  5  Old Result=10.00000000 >New Result=0.00057927  MinIndex=0  EvolveAge=0  Best=0.00002849   BestAge=2  Time=0.063  Run Time=1.4
FIRESTARTER_EVOLVE_GPU: Seed=0  Test=17  Generation=  6  Old Result=10.00000000 >New Result=0.00010233  MinIndex=0  EvolveAge=0  Best=0.00002849   BestAge=4  Time=0.062  Run Time=1.7
FIRESTARTER_EVOLVE_GPU: Seed=0  Test=17  Generation=  7  Old Result=10.00000000 *New Result=0.00002652  MinIndex=0  EvolveAge=0  Best=0.00002652   BestAge=0  Time=0.045  Run Time=2.0
FIRESTARTER_EVOLVE_GPU: Seed=0  Test=17  Generation=  8  Old Result=10.00000000 >New Result=0.00012032  MinIndex=0  EvolveAge=0  Best=0.00002652   BestAge=2  Time=0.063  Run Time=2.3
FIRESTARTER_EVOLVE_GPU: Seed=0  Test=17  Generation=  9  Old Result=10.00000000 >New Result=0.00003131  MinIndex=0  EvolveAge=0  Best=0.00002652   BestAge=4  Time=0.065  Run Time=2.6
FIRESTARTER_EVOLVE_GPU: Seed=0  Test=17  Generation= 10  Old Result=10.00000000 >New Result=0.00058106  MinIndex=0  EvolveAge=0  Best=0.00002652   BestAge=6  Time=0.062  Run Time=2.9
FIRESTARTER_EVOLVE_GPU: Seed=0  Test=17  Generation= 11  Old Result=10.00000000 >New Result=0.00020472  MinIndex=0  EvolveAge=0  Best=0.00002652   BestAge=8  Time=0.065  Run Time=3.2
FIRESTARTER_EVOLVE_GPU: Seed=0  Test=17  Generation= 12  Old Result=10.00000000 >New Result=0.00023739  MinIndex=0  EvolveAge=0  Best=0.00002652   BestAge=10  Time=0.062  Run Time=3.6
FIRESTARTER_EVOLVE_GPU: Seed=0  Test=17  Generation= 13  Old Result=10.00000000 >New Result=0.00009505  MinIndex=0  EvolveAge=0  Best=0.00002652   BestAge=12  Time=0.063  Run Time=3.8
FIRESTARTER_EVOLVE_GPU: Seed=0  Test=17  Generation= 14  Old Result=10.00000000 >New Result=0.00207098  MinIndex=0  EvolveAge=0  Best=0.00002652   BestAge=14  Time=0.063  Run Time=4.1
FIRESTARTER_EVOLVE_GPU: Seed=0  Test=17  Generation= 15  Old Result=10.00000000 *New Result=0.00000012  MinIndex=0  EvolveAge=0  Best=0.00000012   BestAge=0  Time=0.066  Run Time=4.5
