CUDA devices = 1
Device 0: NVIDIA GeForce RTX 4090

variations = 3
instructions = 32
registers = 30
opcodes = 3

targetMin = 0.000000f
targetMax = 6.283185f
target = 0.000001f

mode = FIRESTARTER_OPTIMIZE
evolveSeed = 0
optimizeSeed = 0
tests = 1
streams = 1
units = 1
states = 1
population = 65536
generations = 0
passes = 384
samples = 15
iterations = 64
candidates = 0
attempts = 0
optimize = 1

scale = 0.300000f
startScale = 2.500000f
startResult = 10.000000f

FIRESTARTER_OPTIMIZE: Seed=0  Test= 0  Generation=  2 *Result=0.00288198  Best=0.00288198   Time=1.455  Run Time=5.0
FIRESTARTER_OPTIMIZE: Seed=0  Test= 0  Generation=  3 *Result=0.00136444  Best=0.00136444   Time=0.272  Run Time=5.9
FIRESTARTER_OPTIMIZE: Seed=0  Test= 0  Generation=  4 *Result=0.00098604  Best=0.00098604   Time=0.277  Run Time=6.7
FIRESTARTER_OPTIMIZE: Seed=0  Test= 0  Generation=  5  Result=1.05672812  Best=0.00098604   Time=0.267  Run Time=7.6
FIRESTARTER_OPTIMIZE: Seed=0  Test= 0  Generation=  6 *Result=0.00058830  Best=0.00058830   Time=0.279  Run Time=8.5
FIRESTARTER_OPTIMIZE: Seed=0  Test= 0  Generation=  7  Result=0.01638579  Best=0.00058830   Time=0.275  Run Time=9.3
FIRESTARTER_OPTIMIZE: Seed=0  Test= 0  Generation=  8  Result=0.03969839  Best=0.00058830   Time=0.266  Run Time=10.2
FIRESTARTER_OPTIMIZE: Seed=0  Test= 0  Generation=  9  Result=0.85227418  Best=0.00058830   Time=0.277  Run Time=11.0
