CUDA devices = 1
Device 0: NVIDIA GeForce RTX 4090

variations = 1
instructions = 32
registers = 30
opcodes = 4

targetMin = 0.000000f
targetMax = 6.283185f
target = 0.000001f

mode = FIRESTARTER_OPTIMIZE
evolveSeed = 0
optimizeSeed = 0
tests = 256
streams = 1
units = 1
states = 1
generations = 0
population = 65536
passes = 384
attempts = 0
optimize = 1

scale = 0.300000f
startScale = 2.500000f
startResult = 10.000000f

FIRESTARTER_OPTIMIZE: Seed=0  Test=179  Generation=  2 *Result=0.00203454  Best=0.00203454   Time=0.1  Run Time=608.3
FIRESTARTER_OPTIMIZE: Seed=0  Test=179  Generation=  3 *Result=0.00012724  Best=0.00012724   Time=0.1  Run Time=608.7
FIRESTARTER_OPTIMIZE: Seed=0  Test=179  Generation=  4  Result=0.00016311  Best=0.00012724   Time=0.1  Run Time=609.2
FIRESTARTER_OPTIMIZE: Seed=0  Test=179  Generation=  5  Result=0.00018936  Best=0.00012724   Time=0.1  Run Time=609.6
FIRESTARTER_OPTIMIZE: Seed=0  Test=179  Generation=  6  Result=0.00034424  Best=0.00012724   Time=0.1  Run Time=610.0
FIRESTARTER_OPTIMIZE: Seed=0  Test=179  Generation=  7 *Result=0.00000405  Best=0.00000405   Time=0.1  Run Time=610.5
FIRESTARTER_OPTIMIZE: Seed=0  Test=179  Generation=  8  Result=0.00014303  Best=0.00000405   Time=0.1  Run Time=610.9
FIRESTARTER_OPTIMIZE: Seed=0  Test=179  Generation=  9  Result=0.00008472  Best=0.00000405   Time=0.1  Run Time=611.4
FIRESTARTER_OPTIMIZE: Seed=0  Test=179  Generation= 10 *Result=0.00000007  Best=0.00000007   Time=0.1  Run Time=611.8
