CUDA devices = 1
Device 0: NVIDIA GeForce RTX 4090

variations = 1
instructions = 32
registers = 30
opcodes = 3

targetMin = 0.000000f
targetMax = 6.283185f
target = 0.000001f

mode = FIRESTARTER_EVOLVE_GPU
evolveSeed = 0
optimizeSeed = 0
tests = 256
streams = 1
units = 1
states = 1
population = 65536
generations = 0
passes = 256
samples = 15
iterations = 64
candidates = 0
optimize = 1

scale = 0.300000f
startScale = 2.500000f
startResult = 10.000000f


FIRESTARTER_EVOLVE_GPU: Seed=0  Test=255  Generation=  2  Old Result=10.00000000 *New Result=0.00060422  MinIndex=0  EvolveAge=0  Best=0.00060422   BestAge=0  Time=0.066  Run Time=0.5
FIRESTARTER_EVOLVE_GPU: Seed=0  Test=255  Generation=  3  Old Result=10.00000000 *New Result=0.00001115  MinIndex=0  EvolveAge=0  Best=0.00001115   BestAge=0  Time=0.047  Run Time=0.8
FIRESTARTER_EVOLVE_GPU: Seed=0  Test=255  Generation=  4  Old Result=10.00000000 >New Result=0.00152558  MinIndex=0  EvolveAge=0  Best=0.00001115   BestAge=2  Time=0.062  Run Time=1.1
FIRESTARTER_EVOLVE_GPU: Seed=0  Test=255  Generation=  5  Old Result=10.00000000 >New Result=0.00002068  MinIndex=0  EvolveAge=0  Best=0.00001115   BestAge=4  Time=0.046  Run Time=1.3
FIRESTARTER_EVOLVE_GPU: Seed=0  Test=255  Generation=  6  Old Result=10.00000000 >New Result=0.00006223  MinIndex=0  EvolveAge=0  Best=0.00001115   BestAge=6  Time=0.046  Run Time=1.6
FIRESTARTER_EVOLVE_GPU: Seed=0  Test=255  Generation=  7  Old Result=10.00000000 >New Result=0.00004602  MinIndex=0  EvolveAge=0  Best=0.00001115   BestAge=8  Time=0.043  Run Time=1.9
FIRESTARTER_EVOLVE_GPU: Seed=0  Test=255  Generation=  8  Old Result=10.00000000 >New Result=0.00123160  MinIndex=0  EvolveAge=0  Best=0.00001115   BestAge=10  Time=0.065  Run Time=2.2
FIRESTARTER_EVOLVE_GPU: Seed=0  Test=255  Generation=  9  Old Result=10.00000000 *New Result=0.00000015  MinIndex=0  EvolveAge=0  Best=0.00000015   BestAge=0  Time=0.065  Run Time=2.5
