CUDA devices = 1
Device 0: NVIDIA GeForce RTX 4090

variations = 1
instructions = 32
registers = 30
opcodes = 2
patternOpcodes = 4

targetMin = 0.000000f
targetMax = 6.283185f
target = 0.000001f

mode = FIRESTARTER_OPTIMIZE
evolveSeed = 0
optimizeSeed = 0
tests = 256
streams = 1
units = 1
states = 1
generations = 0
population = 65536
passes = 384
attempts = 0
optimize = 1

scale = 0.300000f
startScale = 2.500000f
startResult = 10.000000f

FIRESTARTER_OPTIMIZE: Seed=0  Test=53  Generation=  2 *Result=0.00000177  Best=0.00000177   Time=0.1  Run Time=137.6
FIRESTARTER_OPTIMIZE: Seed=0  Test=53  Generation=  3  Result=0.00030822  Best=0.00000177   Time=0.1  Run Time=138.1
FIRESTARTER_OPTIMIZE: Seed=0  Test=53  Generation=  4  Result=0.00003220  Best=0.00000177   Time=0.1  Run Time=138.5
FIRESTARTER_OPTIMIZE: Seed=0  Test=53  Generation=  5  Result=0.00010776  Best=0.00000177   Time=0.1  Run Time=138.9
FIRESTARTER_OPTIMIZE: Seed=0  Test=53  Generation=  6  Result=0.00000280  Best=0.00000177   Time=0.1  Run Time=139.4
FIRESTARTER_OPTIMIZE: Seed=0  Test=53  Generation=  7  Result=0.00004345  Best=0.00000177   Time=0.1  Run Time=139.8
FIRESTARTER_OPTIMIZE: Seed=0  Test=53  Generation=  8  Result=0.00000482  Best=0.00000177   Time=0.1  Run Time=140.2
FIRESTARTER_OPTIMIZE: Seed=0  Test=53  Generation=  9  Result=0.00000262  Best=0.00000177   Time=0.1  Run Time=140.7
FIRESTARTER_OPTIMIZE: Seed=0  Test=53  Generation= 10 *Result=0.00000033  Best=0.00000033   Time=0.1  Run Time=141.1
