CUDA devices = 1
Device 0: NVIDIA GeForce RTX 4090

variations = 1
instructions = 32
registers = 30
opcodes = 3

targetMin = 0.000000f
targetMax = 6.283185f
target = 0.000001f

mode = FIRESTARTER_OPTIMIZE
evolveSeed = 0
optimizeSeed = 0
tests = 256
streams = 1
units = 1
states = 1
generations = 0
population = 65536
passes = 384
attempts = 0
optimize = 1

scale = 0.300000f
startScale = 2.500000f
startResult = 10.000000f

FIRESTARTER_OPTIMIZE: Seed=0  Test=246  Generation=  2 *Result=0.00008091  Best=0.00008091   Time=0.1  Run Time=547.8
FIRESTARTER_OPTIMIZE: Seed=0  Test=246  Generation=  3  Result=0.00010409  Best=0.00008091   Time=0.1  Run Time=548.2
FIRESTARTER_OPTIMIZE: Seed=0  Test=246  Generation=  4 *Result=0.00000674  Best=0.00000674   Time=0.1  Run Time=548.5
FIRESTARTER_OPTIMIZE: Seed=0  Test=246  Generation=  5 *Result=0.00000062  Best=0.00000062   Time=0.1  Run Time=548.9
