CUDA devices = 1
Device 0: NVIDIA GeForce RTX 4090

variations = 1
instructions = 32
registers = 30
opcodes = 4

targetMin = 0.000000f
targetMax = 6.283185f
target = 0.000001f

mode = FIRESTARTER_OPTIMIZE
evolveSeed = 0
optimizeSeed = 0
tests = 256
streams = 1
units = 1
states = 1
generations = 0
population = 65536
passes = 384
attempts = 0
optimize = 1

scale = 0.300000f
startScale = 2.500000f
startResult = 10.000000f

FIRESTARTER_OPTIMIZE: Seed=0  Test=112  Generation=  2 *Result=0.00003225  Best=0.00003225   Time=0.1  Run Time=375.7
FIRESTARTER_OPTIMIZE: Seed=0  Test=112  Generation=  3  Result=0.00018349  Best=0.00003225   Time=0.1  Run Time=376.2
FIRESTARTER_OPTIMIZE: Seed=0  Test=112  Generation=  4  Result=0.00369990  Best=0.00003225   Time=0.1  Run Time=376.6
FIRESTARTER_OPTIMIZE: Seed=0  Test=112  Generation=  5 *Result=0.00000210  Best=0.00000210   Time=0.1  Run Time=377.0
FIRESTARTER_OPTIMIZE: Seed=0  Test=112  Generation=  6  Result=0.00008059  Best=0.00000210   Time=0.1  Run Time=377.4
FIRESTARTER_OPTIMIZE: Seed=0  Test=112  Generation=  7  Result=0.00000538  Best=0.00000210   Time=0.1  Run Time=377.9
FIRESTARTER_OPTIMIZE: Seed=0  Test=112  Generation=  8  Result=0.00000298  Best=0.00000210   Time=0.1  Run Time=378.3
FIRESTARTER_OPTIMIZE: Seed=0  Test=112  Generation=  9 *Result=0.00000018  Best=0.00000018   Time=0.1  Run Time=378.7
