CUDA devices = 1
Device 0: NVIDIA GeForce RTX 4090

variations = 1
instructions = 32
registers = 30
opcodes = 2
patternOpcodes = 2

targetMin = 0.000000f
targetMax = 6.283185f
target = 0.000001f

mode = FIRESTARTER_OPTIMIZE
evolveSeed = 0
optimizeSeed = 0
tests = 256
streams = 1
units = 1
states = 1
generations = 0
population = 65536
passes = 384
attempts = 0
optimize = 1

scale = 0.300000f
startScale = 2.500000f
startResult = 10.000000f

FIRESTARTER_OPTIMIZE: Seed=0  Test=48  Generation=  2 *Result=0.00008438  Best=0.00008438   Time=0.1  Run Time=174.6
FIRESTARTER_OPTIMIZE: Seed=0  Test=48  Generation=  3 *Result=0.00006294  Best=0.00006294   Time=0.1  Run Time=175.0
FIRESTARTER_OPTIMIZE: Seed=0  Test=48  Generation=  4  Result=0.00019165  Best=0.00006294   Time=0.1  Run Time=175.5
FIRESTARTER_OPTIMIZE: Seed=0  Test=48  Generation=  5  Result=0.00079047  Best=0.00006294   Time=0.1  Run Time=175.9
FIRESTARTER_OPTIMIZE: Seed=0  Test=48  Generation=  6 *Result=0.00002587  Best=0.00002587   Time=0.1  Run Time=176.3
FIRESTARTER_OPTIMIZE: Seed=0  Test=48  Generation=  7  Result=0.00012550  Best=0.00002587   Time=0.1  Run Time=176.8
FIRESTARTER_OPTIMIZE: Seed=0  Test=48  Generation=  8 *Result=0.00000022  Best=0.00000022   Time=0.1  Run Time=177.2
