CUDA devices = 1
Device 0: NVIDIA GeForce RTX 4090

variations = 1
instructions = 32
registers = 30
opcodes = 2

targetMin = 0.000000f
targetMax = 6.283185f
target = 0.000001f

mode = FIRESTARTER_OPTIMIZE
evolveSeed = 0
optimizeSeed = 0
tests = 256
streams = 1
units = 1
states = 1
generations = 0
population = 65536
passes = 384
attempts = 0
optimize = 1

scale = 0.300000f
startScale = 2.500000f
startResult = 10.000000f

FIRESTARTER_OPTIMIZE: Seed=0  Test=80  Generation=  2 *Result=0.00025202  Best=0.00025202   Time=0.1  Run Time=248.9
FIRESTARTER_OPTIMIZE: Seed=0  Test=80  Generation=  3 *Result=0.00015992  Best=0.00015992   Time=0.1  Run Time=249.3
FIRESTARTER_OPTIMIZE: Seed=0  Test=80  Generation=  4 *Result=0.00000659  Best=0.00000659   Time=0.1  Run Time=249.8
FIRESTARTER_OPTIMIZE: Seed=0  Test=80  Generation=  5  Result=0.00018238  Best=0.00000659   Time=0.1  Run Time=250.2
FIRESTARTER_OPTIMIZE: Seed=0  Test=80  Generation=  6 *Result=0.00000145  Best=0.00000145   Time=0.1  Run Time=250.6
FIRESTARTER_OPTIMIZE: Seed=0  Test=80  Generation=  7  Result=0.00046456  Best=0.00000145   Time=0.1  Run Time=251.1
FIRESTARTER_OPTIMIZE: Seed=0  Test=80  Generation=  8  Result=0.00013322  Best=0.00000145   Time=0.1  Run Time=251.5
FIRESTARTER_OPTIMIZE: Seed=0  Test=80  Generation=  9 *Result=0.00000009  Best=0.00000009   Time=0.1  Run Time=251.9
