CUDA devices = 1
Device 0: NVIDIA GeForce RTX 4090

variations = 1
instructions = 32
registers = 30
opcodes = 4

targetMin = 0.000000f
targetMax = 6.283185f
target = 0.000001f

mode = FIRESTARTER_OPTIMIZE
evolveSeed = 0
optimizeSeed = 0
tests = 256
streams = 1
units = 1
states = 1
generations = 0
population = 65536
passes = 384
attempts = 0
optimize = 1

scale = 0.300000f
startScale = 2.500000f
startResult = 10.000000f

FIRESTARTER_OPTIMIZE: Seed=0  Test=37  Generation=  2 *Result=0.00000221  Best=0.00000221   Time=0.1  Run Time=117.7
FIRESTARTER_OPTIMIZE: Seed=0  Test=37  Generation=  3  Result=0.00002343  Best=0.00000221   Time=0.1  Run Time=118.1
FIRESTARTER_OPTIMIZE: Seed=0  Test=37  Generation=  4  Result=0.00034165  Best=0.00000221   Time=0.1  Run Time=118.5
FIRESTARTER_OPTIMIZE: Seed=0  Test=37  Generation=  5  Result=0.00030767  Best=0.00000221   Time=0.1  Run Time=118.9
FIRESTARTER_OPTIMIZE: Seed=0  Test=37  Generation=  6  Result=0.00008449  Best=0.00000221   Time=0.1  Run Time=119.4
FIRESTARTER_OPTIMIZE: Seed=0  Test=37  Generation=  7 *Result=0.00000017  Best=0.00000017   Time=0.1  Run Time=119.8
