CUDA devices = 1
Device 0: NVIDIA GeForce RTX 4090

variations = 1
instructions = 32
registers = 30
opcodes = 2
patternOpcodes = 4

targetMin = 0.000000f
targetMax = 6.283185f
target = 0.000001f

mode = FIRESTARTER_OPTIMIZE
evolveSeed = 0
optimizeSeed = 0
tests = 256
streams = 1
units = 1
states = 1
generations = 0
population = 65536
passes = 384
attempts = 0
optimize = 1

scale = 0.300000f
startScale = 2.500000f
startResult = 10.000000f

FIRESTARTER_OPTIMIZE: Seed=0  Test=110  Generation=  2 *Result=0.00001206  Best=0.00001206   Time=0.1  Run Time=336.2
FIRESTARTER_OPTIMIZE: Seed=0  Test=110  Generation=  3  Result=0.00613374  Best=0.00001206   Time=0.1  Run Time=336.6
FIRESTARTER_OPTIMIZE: Seed=0  Test=110  Generation=  4  Result=0.00011216  Best=0.00001206   Time=0.1  Run Time=337.0
FIRESTARTER_OPTIMIZE: Seed=0  Test=110  Generation=  5  Result=0.00714813  Best=0.00001206   Time=0.1  Run Time=337.5
FIRESTARTER_OPTIMIZE: Seed=0  Test=110  Generation=  6 *Result=0.00000107  Best=0.00000107   Time=0.1  Run Time=337.9
FIRESTARTER_OPTIMIZE: Seed=0  Test=110  Generation=  7  Result=0.00001499  Best=0.00000107   Time=0.1  Run Time=338.3
FIRESTARTER_OPTIMIZE: Seed=0  Test=110  Generation=  8  Result=0.00002828  Best=0.00000107   Time=0.1  Run Time=338.8
FIRESTARTER_OPTIMIZE: Seed=0  Test=110  Generation=  9  Result=0.00001163  Best=0.00000107   Time=0.1  Run Time=339.2
FIRESTARTER_OPTIMIZE: Seed=0  Test=110  Generation= 10 *Result=0.00000016  Best=0.00000016   Time=0.1  Run Time=339.6
