CUDA devices = 1
Device 0: NVIDIA GeForce RTX 4090

variations = 1
instructions = 32
registers = 30
opcodes = 3

targetMin = 0.000000f
targetMax = 6.283185f
target = 0.000001f

mode = FIRESTARTER_OPTIMIZE
evolveSeed = 0
optimizeSeed = 0
tests = 256
streams = 1
units = 1
states = 1
population = 65536
generations = 0
passes = 384
samples = 15
iterations = 64
candidates = 0
attempts = 0
optimize = 1

scale = 0.300000f
startScale = 2.500000f
startResult = 10.000000f

FIRESTARTER_OPTIMIZE: Seed=0  Test= 4  Generation=  2 *Result=0.00000971  Best=0.00000971   Time=0.106  Run Time=0.5
FIRESTARTER_OPTIMIZE: Seed=0  Test= 4  Generation=  3  Result=0.00018735  Best=0.00000971   Time=0.102  Run Time=0.8
FIRESTARTER_OPTIMIZE: Seed=0  Test= 4  Generation=  4  Result=0.00003846  Best=0.00000971   Time=0.102  Run Time=1.2
FIRESTARTER_OPTIMIZE: Seed=0  Test= 4  Generation=  5  Result=0.00004173  Best=0.00000971   Time=0.105  Run Time=1.5
FIRESTARTER_OPTIMIZE: Seed=0  Test= 4  Generation=  6 *Result=0.00000694  Best=0.00000694   Time=0.106  Run Time=1.8
FIRESTARTER_OPTIMIZE: Seed=0  Test= 4  Generation=  7  Result=0.00062948  Best=0.00000694   Time=0.101  Run Time=2.1
FIRESTARTER_OPTIMIZE: Seed=0  Test= 4  Generation=  8 *Result=0.00000558  Best=0.00000558   Time=0.106  Run Time=2.5
FIRESTARTER_OPTIMIZE: Seed=0  Test= 4  Generation=  9  Result=0.00003160  Best=0.00000558   Time=0.102  Run Time=2.8
FIRESTARTER_OPTIMIZE: Seed=0  Test= 4  Generation= 10  Result=0.00000607  Best=0.00000558   Time=0.099  Run Time=3.1
FIRESTARTER_OPTIMIZE: Seed=0  Test= 4  Generation= 11  Result=0.00029516  Best=0.00000558   Time=0.106  Run Time=3.4
FIRESTARTER_OPTIMIZE: Seed=0  Test= 4  Generation= 12 *Result=0.00000100  Best=0.00000100   Time=0.105  Run Time=3.8
