CUDA devices = 1
Device 0: NVIDIA GeForce RTX 4090

variations = 1
instructions = 32
registers = 30
opcodes = 2
patternOpcodes = 2

targetMin = 0.000000f
targetMax = 6.283185f
target = 0.000001f

mode = FIRESTARTER_OPTIMIZE
evolveSeed = 0
optimizeSeed = 0
tests = 256
streams = 1
units = 1
states = 1
generations = 0
population = 65536
passes = 384
attempts = 0
optimize = 1

scale = 0.300000f
startScale = 2.500000f
startResult = 10.000000f

FIRESTARTER_OPTIMIZE: Seed=0  Test=131  Generation=  2 *Result=0.00121037  Best=0.00121037   Time=0.1  Run Time=440.3
FIRESTARTER_OPTIMIZE: Seed=0  Test=131  Generation=  3 *Result=0.00018237  Best=0.00018237   Time=0.1  Run Time=440.8
FIRESTARTER_OPTIMIZE: Seed=0  Test=131  Generation=  4 *Result=0.00006098  Best=0.00006098   Time=0.1  Run Time=441.2
FIRESTARTER_OPTIMIZE: Seed=0  Test=131  Generation=  5  Result=0.00050058  Best=0.00006098   Time=0.1  Run Time=441.6
FIRESTARTER_OPTIMIZE: Seed=0  Test=131  Generation=  6  Result=0.00008315  Best=0.00006098   Time=0.1  Run Time=442.0
FIRESTARTER_OPTIMIZE: Seed=0  Test=131  Generation=  7  Result=0.00019178  Best=0.00006098   Time=0.1  Run Time=442.5
FIRESTARTER_OPTIMIZE: Seed=0  Test=131  Generation=  8  Result=0.00012041  Best=0.00006098   Time=0.1  Run Time=442.9
FIRESTARTER_OPTIMIZE: Seed=0  Test=131  Generation=  9  Result=0.00012366  Best=0.00006098   Time=0.1  Run Time=443.3
FIRESTARTER_OPTIMIZE: Seed=0  Test=131  Generation= 10  Result=0.00053111  Best=0.00006098   Time=0.1  Run Time=443.7
FIRESTARTER_OPTIMIZE: Seed=0  Test=131  Generation= 11 *Result=0.00000049  Best=0.00000049   Time=0.1  Run Time=444.2
