CUDA devices = 1
Device 0: NVIDIA GeForce RTX 4090

variations = 1
instructions = 32
registers = 30
opcodes = 2

targetMin = 0.000000f
targetMax = 6.283185f
target = 0.000001f

mode = FIRESTARTER_OPTIMIZE
evolveSeed = 0
optimizeSeed = 0
tests = 256
streams = 1
units = 1
states = 1
generations = 0
population = 65536
passes = 384
attempts = 0
optimize = 1

scale = 0.300000f
startScale = 2.500000f
startResult = 10.000000f

FIRESTARTER_OPTIMIZE: Seed=0  Test=107  Generation=  2 *Result=0.00001028  Best=0.00001028   Time=0.1  Run Time=360.1
FIRESTARTER_OPTIMIZE: Seed=0  Test=107  Generation=  3  Result=0.00010715  Best=0.00001028   Time=0.1  Run Time=360.5
FIRESTARTER_OPTIMIZE: Seed=0  Test=107  Generation=  4  Result=0.00039096  Best=0.00001028   Time=0.1  Run Time=360.9
FIRESTARTER_OPTIMIZE: Seed=0  Test=107  Generation=  5  Result=0.00001591  Best=0.00001028   Time=0.1  Run Time=361.4
FIRESTARTER_OPTIMIZE: Seed=0  Test=107  Generation=  6  Result=0.00016022  Best=0.00001028   Time=0.1  Run Time=361.9
FIRESTARTER_OPTIMIZE: Seed=0  Test=107  Generation=  7  Result=0.00002105  Best=0.00001028   Time=0.1  Run Time=362.3
FIRESTARTER_OPTIMIZE: Seed=0  Test=107  Generation=  8  Result=0.00001115  Best=0.00001028   Time=0.1  Run Time=362.8
FIRESTARTER_OPTIMIZE: Seed=0  Test=107  Generation=  9  Result=0.00045281  Best=0.00001028   Time=0.1  Run Time=363.2
FIRESTARTER_OPTIMIZE: Seed=0  Test=107  Generation= 10  Result=0.00006863  Best=0.00001028   Time=0.1  Run Time=363.6
FIRESTARTER_OPTIMIZE: Seed=0  Test=107  Generation= 11  Result=0.00029036  Best=0.00001028   Time=0.1  Run Time=364.1
FIRESTARTER_OPTIMIZE: Seed=0  Test=107  Generation= 12 *Result=0.00000017  Best=0.00000017   Time=0.1  Run Time=364.5
