CUDA devices = 1
Device 0: NVIDIA GeForce RTX 4090

variations = 1
instructions = 32
registers = 30
opcodes = 2
patternOpcodes = 4

targetMin = 0.000000f
targetMax = 6.283185f
target = 0.000001f

mode = FIRESTARTER_OPTIMIZE
evolveSeed = 0
optimizeSeed = 0
tests = 256
streams = 1
units = 1
states = 1
generations = 0
population = 65536
passes = 384
attempts = 0
optimize = 1

scale = 0.300000f
startScale = 2.500000f
startResult = 10.000000f

FIRESTARTER_OPTIMIZE: Seed=0  Test=249  Generation=  2 *Result=0.00034951  Best=0.00034951   Time=0.1  Run Time=862.0
FIRESTARTER_OPTIMIZE: Seed=0  Test=249  Generation=  3 *Result=0.00000218  Best=0.00000218   Time=0.1  Run Time=862.4
FIRESTARTER_OPTIMIZE: Seed=0  Test=249  Generation=  4  Result=0.00018257  Best=0.00000218   Time=0.1  Run Time=862.9
FIRESTARTER_OPTIMIZE: Seed=0  Test=249  Generation=  5  Result=0.00001797  Best=0.00000218   Time=0.1  Run Time=863.4
FIRESTARTER_OPTIMIZE: Seed=0  Test=249  Generation=  6  Result=0.00234724  Best=0.00000218   Time=0.1  Run Time=863.8
FIRESTARTER_OPTIMIZE: Seed=0  Test=249  Generation=  7  Result=0.00094263  Best=0.00000218   Time=0.1  Run Time=864.2
FIRESTARTER_OPTIMIZE: Seed=0  Test=249  Generation=  8 *Result=0.00000048  Best=0.00000048   Time=0.1  Run Time=864.7
