CUDA devices = 1
Device 0: NVIDIA GeForce RTX 4090

variations = 1
instructions = 32
registers = 30
opcodes = 3

targetMin = 0.000000f
targetMax = 6.283185f
target = 0.000001f

mode = FIRESTARTER_OPTIMIZE
evolveSeed = 0
optimizeSeed = 0
tests = 256
streams = 1
units = 1
states = 1
population = 65536
generations = 0
passes = 512
samples = 15
iterations = 64
candidates = 0
optimize = 1

scale = 0.300000f
startScale = 2.500000f
startResult = 10.000000f

FIRESTARTER_OPTIMIZE: Seed=0  Test= 4  Generation=  2 *Result=0.00000927  Best=0.00000927   Time=0.241  Run Time=0.6
FIRESTARTER_OPTIMIZE: Seed=0  Test= 4  Generation=  3 *Result=0.00000155  Best=0.00000155   Time=0.125  Run Time=0.9
FIRESTARTER_OPTIMIZE: Seed=0  Test= 4  Generation=  4  Result=0.00018371  Best=0.00000155   Time=0.123  Run Time=1.2
FIRESTARTER_OPTIMIZE: Seed=0  Test= 4  Generation=  5  Result=0.00031379  Best=0.00000155   Time=0.126  Run Time=1.5
FIRESTARTER_OPTIMIZE: Seed=0  Test= 4  Generation=  6  Result=0.00021687  Best=0.00000155   Time=0.122  Run Time=1.8
FIRESTARTER_OPTIMIZE: Seed=0  Test= 4  Generation=  7  Result=0.00031381  Best=0.00000155   Time=0.126  Run Time=2.2
FIRESTARTER_OPTIMIZE: Seed=0  Test= 4  Generation=  8  Result=0.00001347  Best=0.00000155   Time=0.121  Run Time=2.5
FIRESTARTER_OPTIMIZE: Seed=0  Test= 4  Generation=  9  Result=0.00000198  Best=0.00000155   Time=0.119  Run Time=2.8
FIRESTARTER_OPTIMIZE: Seed=0  Test= 4  Generation= 10  Result=0.00031399  Best=0.00000155   Time=0.126  Run Time=3.1
FIRESTARTER_OPTIMIZE: Seed=0  Test= 4  Generation= 11  Result=0.00031380  Best=0.00000155   Time=0.126  Run Time=3.4
FIRESTARTER_OPTIMIZE: Seed=0  Test= 4  Generation= 12  Result=0.00005576  Best=0.00000155   Time=0.125  Run Time=3.8
FIRESTARTER_OPTIMIZE: Seed=0  Test= 4  Generation= 13 *Result=0.00000026  Best=0.00000026   Time=0.123  Run Time=4.1
