CUDA devices = 1
Device 0: NVIDIA GeForce RTX 4090

variations = 1
instructions = 32
registers = 30
opcodes = 3

targetMin = 0.000000f
targetMax = 6.283185f
target = 0.000001f

mode = FIRESTARTER_OPTIMIZE
evolveSeed = 0
optimizeSeed = 0
tests = 256
streams = 1
units = 1
states = 1
population = 65536
generations = 0
passes = 384
samples = 15
iterations = 64
candidates = 0
attempts = 0
optimize = 1

scale = 0.300000f
startScale = 2.500000f
startResult = 10.000000f

FIRESTARTER_OPTIMIZE: Seed=0  Test=203  Generation=  2 *Result=0.00037054  Best=0.00037054   Time=0.193  Run Time=0.7
FIRESTARTER_OPTIMIZE: Seed=0  Test=203  Generation=  3 *Result=0.00012764  Best=0.00012764   Time=0.098  Run Time=1.2
FIRESTARTER_OPTIMIZE: Seed=0  Test=203  Generation=  4 *Result=0.00003080  Best=0.00003080   Time=0.099  Run Time=1.6
FIRESTARTER_OPTIMIZE: Seed=0  Test=203  Generation=  5 *Result=0.00000895  Best=0.00000895   Time=0.100  Run Time=2.1
FIRESTARTER_OPTIMIZE: Seed=0  Test=203  Generation=  6  Result=0.00122333  Best=0.00000895   Time=0.100  Run Time=2.5
FIRESTARTER_OPTIMIZE: Seed=0  Test=203  Generation=  7 *Result=0.00000472  Best=0.00000472   Time=0.102  Run Time=3.0
FIRESTARTER_OPTIMIZE: Seed=0  Test=203  Generation=  8  Result=0.00000699  Best=0.00000472   Time=0.098  Run Time=3.5
FIRESTARTER_OPTIMIZE: Seed=0  Test=203  Generation=  9  Result=0.00001316  Best=0.00000472   Time=0.102  Run Time=4.0
FIRESTARTER_OPTIMIZE: Seed=0  Test=203  Generation= 10  Result=0.00022595  Best=0.00000472   Time=0.100  Run Time=4.4
FIRESTARTER_OPTIMIZE: Seed=0  Test=203  Generation= 11  Result=0.00009243  Best=0.00000472   Time=0.096  Run Time=4.9
FIRESTARTER_OPTIMIZE: Seed=0  Test=203  Generation= 12 *Result=0.00000077  Best=0.00000077   Time=0.098  Run Time=5.3
