CUDA devices = 1
Device 0: NVIDIA GeForce RTX 4090

variations = 1
instructions = 32
registers = 30
opcodes = 3

targetMin = 0.000000f
targetMax = 6.283185f
target = 0.000001f

mode = FIRESTARTER_EVOLVE_NEW
evolveSeed = 0
optimizeSeed = 0
tests = 256
streams = 1
units = 1
states = 1
generations = 0
population = 262144
passes = 256
attempts = 0
optimize = 1

scale = 0.300000f
startScale = 2.500000f
startResult = 10.000000f

FIRESTARTER_EVOLVE_NEW: Seed=0  Test= 0  Generation=  0  Old Result=0.00000000  Bad Result=0.50457954  MinIndex=110814  EvolveAge=110814  Best=0.50457954   BestAge=0  Time=2.593  Run Time=2.6
FIRESTARTER_EVOLVE_NEW: Seed=0  Test= 0  Generation=  1  Old Result=0.50457954  Bad Result=0.53183395  MinIndex=188850  EvolveAge=188850  Best=0.50457954   BestAge=1  Time=1.461  Run Time=4.1
FIRESTARTER_EVOLVE_NEW: Seed=0  Test= 0  Generation=  2  Old Result=0.53183395 *New Result=0.48648736  MinIndex=34407  EvolveAge=34407  Best=0.48648736   BestAge=0  Time=1.462  Run Time=5.5
FIRESTARTER_EVOLVE_NEW: Seed=0  Test= 0  Generation=  3  Old Result=0.48648736  Bad Result=0.49433449  MinIndex=56236  EvolveAge=56236  Best=0.48648736   BestAge=1  Time=1.466  Run Time=7.0
FIRESTARTER_EVOLVE_NEW: Seed=0  Test= 0  Generation=  4  Old Result=0.49433449  Bad Result=0.50658727  MinIndex=109683  EvolveAge=109683  Best=0.48648736   BestAge=2  Time=1.477  Run Time=8.5
