CUDA devices = 1
Device 0: NVIDIA GeForce RTX 4090

variations = 1
instructions = 32
registers = 30
opcodes = 2
patternOpcodes = 4

targetMin = 0.000000f
targetMax = 6.283185f
target = 0.000001f

mode = FIRESTARTER_OPTIMIZE
evolveSeed = 0
optimizeSeed = 0
tests = 256
streams = 1
units = 1
states = 1
generations = 0
population = 65536
passes = 384
attempts = 0
optimize = 1

scale = 0.300000f
startScale = 2.500000f
startResult = 10.000000f

FIRESTARTER_OPTIMIZE: Seed=0  Test=135  Generation=  2 *Result=0.00035566  Best=0.00035566   Time=0.1  Run Time=420.0
FIRESTARTER_OPTIMIZE: Seed=0  Test=135  Generation=  3 *Result=0.00004047  Best=0.00004047   Time=0.1  Run Time=420.4
FIRESTARTER_OPTIMIZE: Seed=0  Test=135  Generation=  4  Result=0.00277342  Best=0.00004047   Time=0.1  Run Time=420.8
FIRESTARTER_OPTIMIZE: Seed=0  Test=135  Generation=  5  Result=0.00112968  Best=0.00004047   Time=0.1  Run Time=421.2
FIRESTARTER_OPTIMIZE: Seed=0  Test=135  Generation=  6  Result=0.00004759  Best=0.00004047   Time=0.1  Run Time=421.7
FIRESTARTER_OPTIMIZE: Seed=0  Test=135  Generation=  7 *Result=0.00000017  Best=0.00000017   Time=0.1  Run Time=422.1
