CUDA devices = 1
Device 0: NVIDIA GeForce RTX 4090

variations = 1
instructions = 32
registers = 30
opcodes = 4

targetMin = 0.000000f
targetMax = 6.283185f
target = 0.000001f

mode = FIRESTARTER_OPTIMIZE
evolveSeed = 0
optimizeSeed = 0
tests = 256
streams = 1
units = 1
states = 1
generations = 0
population = 65536
passes = 384
attempts = 0
optimize = 1

scale = 0.300000f
startScale = 2.500000f
startResult = 10.000000f

FIRESTARTER_OPTIMIZE: Seed=0  Test=47  Generation=  2 *Result=0.00003096  Best=0.00003096   Time=0.1  Run Time=147.0
FIRESTARTER_OPTIMIZE: Seed=0  Test=47  Generation=  3  Result=0.00078684  Best=0.00003096   Time=0.1  Run Time=147.4
FIRESTARTER_OPTIMIZE: Seed=0  Test=47  Generation=  4  Result=0.00234616  Best=0.00003096   Time=0.1  Run Time=147.8
FIRESTARTER_OPTIMIZE: Seed=0  Test=47  Generation=  5  Result=0.00221126  Best=0.00003096   Time=0.1  Run Time=148.3
FIRESTARTER_OPTIMIZE: Seed=0  Test=47  Generation=  6  Result=0.00141475  Best=0.00003096   Time=0.1  Run Time=148.7
FIRESTARTER_OPTIMIZE: Seed=0  Test=47  Generation=  7  Result=0.00018088  Best=0.00003096   Time=0.1  Run Time=149.1
FIRESTARTER_OPTIMIZE: Seed=0  Test=47  Generation=  8  Result=0.00159198  Best=0.00003096   Time=0.1  Run Time=149.5
FIRESTARTER_OPTIMIZE: Seed=0  Test=47  Generation=  9 *Result=0.00000083  Best=0.00000083   Time=0.1  Run Time=150.0
