CUDA devices = 1
Device 0: NVIDIA GeForce RTX 4090

variations = 1
instructions = 32
registers = 30
opcodes = 3

targetMin = 0.000000f
targetMax = 6.283185f
target = 0.000001f

mode = FIRESTARTER_OPTIMIZE
evolveSeed = 0
optimizeSeed = 0
tests = 256
streams = 1
units = 1
states = 1
population = 65536
generations = 0
passes = 384
samples = 15
iterations = 64
candidates = 0
attempts = 0
optimize = 1

scale = 0.300000f
startScale = 2.500000f
startResult = 10.000000f

FIRESTARTER_OPTIMIZE: Seed=0  Test=120  Generation=  2 *Result=0.00006997  Best=0.00006997   Time=0.102  Run Time=0.6
FIRESTARTER_OPTIMIZE: Seed=0  Test=120  Generation=  3 *Result=0.00000881  Best=0.00000881   Time=0.098  Run Time=1.1
FIRESTARTER_OPTIMIZE: Seed=0  Test=120  Generation=  4  Result=0.00010492  Best=0.00000881   Time=0.098  Run Time=1.5
FIRESTARTER_OPTIMIZE: Seed=0  Test=120  Generation=  5 *Result=0.00000332  Best=0.00000332   Time=0.101  Run Time=2.0
FIRESTARTER_OPTIMIZE: Seed=0  Test=120  Generation=  6  Result=0.00001460  Best=0.00000332   Time=0.099  Run Time=2.5
FIRESTARTER_OPTIMIZE: Seed=0  Test=120  Generation=  7  Result=0.00028506  Best=0.00000332   Time=0.095  Run Time=2.9
FIRESTARTER_OPTIMIZE: Seed=0  Test=120  Generation=  8 *Result=0.00000036  Best=0.00000036   Time=0.098  Run Time=3.4
