CUDA devices = 1
Device 0: NVIDIA GeForce RTX 4090

variations = 1
instructions = 32
registers = 30
opcodes = 4

targetMin = 0.000000f
targetMax = 6.283185f
target = 0.000001f

mode = FIRESTARTER_OPTIMIZE
evolveSeed = 0
optimizeSeed = 0
tests = 256
streams = 1
units = 1
states = 1
generations = 0
population = 65536
passes = 384
attempts = 0
optimize = 1

scale = 0.300000f
startScale = 2.500000f
startResult = 10.000000f

FIRESTARTER_OPTIMIZE: Seed=0  Test=84  Generation=  2 *Result=0.00006142  Best=0.00006142   Time=0.1  Run Time=276.0
FIRESTARTER_OPTIMIZE: Seed=0  Test=84  Generation=  3  Result=0.00036255  Best=0.00006142   Time=0.1  Run Time=276.5
FIRESTARTER_OPTIMIZE: Seed=0  Test=84  Generation=  4  Result=0.00230683  Best=0.00006142   Time=0.1  Run Time=276.9
FIRESTARTER_OPTIMIZE: Seed=0  Test=84  Generation=  5  Result=0.00043173  Best=0.00006142   Time=0.1  Run Time=277.3
FIRESTARTER_OPTIMIZE: Seed=0  Test=84  Generation=  6  Result=0.00064638  Best=0.00006142   Time=0.1  Run Time=277.7
FIRESTARTER_OPTIMIZE: Seed=0  Test=84  Generation=  7  Result=0.00150406  Best=0.00006142   Time=0.1  Run Time=278.2
FIRESTARTER_OPTIMIZE: Seed=0  Test=84  Generation=  8 *Result=0.00000029  Best=0.00000029   Time=0.1  Run Time=278.6
