CUDA devices = 1
Device 0: NVIDIA GeForce RTX 4090

variations = 1
instructions = 32
registers = 30
opcodes = 2
patternOpcodes = 4

targetMin = 0.000000f
targetMax = 6.283185f
target = 0.000001f

mode = FIRESTARTER_OPTIMIZE
evolveSeed = 0
optimizeSeed = 0
tests = 256
streams = 1
units = 1
states = 1
generations = 0
population = 65536
passes = 384
attempts = 0
optimize = 1

scale = 0.300000f
startScale = 2.500000f
startResult = 10.000000f

FIRESTARTER_OPTIMIZE: Seed=0  Test=108  Generation=  2 *Result=0.00001269  Best=0.00001269   Time=0.1  Run Time=319.7
FIRESTARTER_OPTIMIZE: Seed=0  Test=108  Generation=  3  Result=0.00003385  Best=0.00001269   Time=0.1  Run Time=320.1
FIRESTARTER_OPTIMIZE: Seed=0  Test=108  Generation=  4  Result=0.00001878  Best=0.00001269   Time=0.1  Run Time=320.5
FIRESTARTER_OPTIMIZE: Seed=0  Test=108  Generation=  5  Result=0.00091222  Best=0.00001269   Time=0.1  Run Time=321.0
FIRESTARTER_OPTIMIZE: Seed=0  Test=108  Generation=  6  Result=0.00007763  Best=0.00001269   Time=0.1  Run Time=321.4
FIRESTARTER_OPTIMIZE: Seed=0  Test=108  Generation=  7 *Result=0.00000137  Best=0.00000137   Time=0.1  Run Time=321.8
FIRESTARTER_OPTIMIZE: Seed=0  Test=108  Generation=  8  Result=0.00003958  Best=0.00000137   Time=0.1  Run Time=322.3
FIRESTARTER_OPTIMIZE: Seed=0  Test=108  Generation=  9  Result=0.00000353  Best=0.00000137   Time=0.1  Run Time=322.7
FIRESTARTER_OPTIMIZE: Seed=0  Test=108  Generation= 10  Result=0.00001331  Best=0.00000137   Time=0.1  Run Time=323.2
FIRESTARTER_OPTIMIZE: Seed=0  Test=108  Generation= 11 *Result=0.00000042  Best=0.00000042   Time=0.1  Run Time=323.6
