CUDA devices = 1
Device 0: NVIDIA GeForce RTX 4090

variations = 1
instructions = 32
registers = 30
opcodes = 3

targetMin = 0.000000f
targetMax = 6.283185f
target = 0.000001f

mode = FIRESTARTER_OPTIMIZE
evolveSeed = 0
optimizeSeed = 0
tests = 256
streams = 1
units = 1
states = 1
population = 65536
generations = 0
passes = 512
samples = 15
iterations = 64
candidates = 0
optimize = 1

scale = 0.300000f
startScale = 2.500000f
startResult = 10.000000f

FIRESTARTER_OPTIMIZE: Seed=0  Test=198  Generation=  2 *Result=0.00013372  Best=0.00013372   Time=0.124  Run Time=0.7
FIRESTARTER_OPTIMIZE: Seed=0  Test=198  Generation=  3 *Result=0.00005728  Best=0.00005728   Time=0.124  Run Time=1.0
FIRESTARTER_OPTIMIZE: Seed=0  Test=198  Generation=  4  Result=0.00023805  Best=0.00005728   Time=0.124  Run Time=1.6
FIRESTARTER_OPTIMIZE: Seed=0  Test=198  Generation=  5  Result=0.00012855  Best=0.00005728   Time=0.121  Run Time=1.9
FIRESTARTER_OPTIMIZE: Seed=0  Test=198  Generation=  6 *Result=0.00004895  Best=0.00004895   Time=0.123  Run Time=2.4
FIRESTARTER_OPTIMIZE: Seed=0  Test=198  Generation=  7  Result=0.00062498  Best=0.00004895   Time=0.124  Run Time=2.9
FIRESTARTER_OPTIMIZE: Seed=0  Test=198  Generation=  8  Result=0.00049185  Best=0.00004895   Time=0.123  Run Time=3.2
FIRESTARTER_OPTIMIZE: Seed=0  Test=198  Generation=  9 *Result=0.00000013  Best=0.00000013   Time=0.127  Run Time=3.8
