CUDA devices = 1
Device 0: NVIDIA GeForce RTX 4090

variations = 1
instructions = 32
registers = 30
opcodes = 4

targetMin = 0.000000f
targetMax = 6.283185f
target = 0.000001f

mode = FIRESTARTER_OPTIMIZE
evolveSeed = 0
optimizeSeed = 0
tests = 256
streams = 1
units = 1
states = 1
generations = 0
population = 65536
passes = 384
attempts = 0
optimize = 1

scale = 0.300000f
startScale = 2.500000f
startResult = 10.000000f

FIRESTARTER_OPTIMIZE: Seed=0  Test=148  Generation=  2 *Result=0.00013763  Best=0.00013763   Time=0.1  Run Time=497.9
FIRESTARTER_OPTIMIZE: Seed=0  Test=148  Generation=  3 *Result=0.00001851  Best=0.00001851   Time=0.1  Run Time=498.4
FIRESTARTER_OPTIMIZE: Seed=0  Test=148  Generation=  4  Result=0.00069565  Best=0.00001851   Time=0.1  Run Time=498.8
FIRESTARTER_OPTIMIZE: Seed=0  Test=148  Generation=  5  Result=0.00040525  Best=0.00001851   Time=0.1  Run Time=499.2
FIRESTARTER_OPTIMIZE: Seed=0  Test=148  Generation=  6  Result=0.00022995  Best=0.00001851   Time=0.1  Run Time=499.6
FIRESTARTER_OPTIMIZE: Seed=0  Test=148  Generation=  7  Result=0.00371203  Best=0.00001851   Time=0.1  Run Time=500.1
FIRESTARTER_OPTIMIZE: Seed=0  Test=148  Generation=  8  Result=0.00018253  Best=0.00001851   Time=0.1  Run Time=500.5
FIRESTARTER_OPTIMIZE: Seed=0  Test=148  Generation=  9  Result=0.00049971  Best=0.00001851   Time=0.1  Run Time=500.9
FIRESTARTER_OPTIMIZE: Seed=0  Test=148  Generation= 10  Result=0.00020021  Best=0.00001851   Time=0.1  Run Time=501.3
FIRESTARTER_OPTIMIZE: Seed=0  Test=148  Generation= 11 *Result=0.00000110  Best=0.00000110   Time=0.1  Run Time=501.8
FIRESTARTER_OPTIMIZE: Seed=0  Test=148  Generation= 12 *Result=0.00000093  Best=0.00000093   Time=0.1  Run Time=502.2
