CUDA devices = 1
Device 0: NVIDIA GeForce RTX 4090

variations = 1
instructions = 32
registers = 30
opcodes = 2

targetMin = 0.000000f
targetMax = 6.283185f
target = 0.000001f

mode = FIRESTARTER_OPTIMIZE
evolveSeed = 0
optimizeSeed = 0
tests = 256
streams = 1
units = 1
states = 1
generations = 0
population = 65536
passes = 384
attempts = 0
optimize = 1

scale = 0.300000f
startScale = 2.500000f
startResult = 10.000000f

FIRESTARTER_OPTIMIZE: Seed=0  Test=62  Generation=  2 *Result=0.00005465  Best=0.00005465   Time=0.1  Run Time=199.6
FIRESTARTER_OPTIMIZE: Seed=0  Test=62  Generation=  3 *Result=0.00003773  Best=0.00003773   Time=0.1  Run Time=200.0
FIRESTARTER_OPTIMIZE: Seed=0  Test=62  Generation=  4 *Result=0.00000674  Best=0.00000674   Time=0.1  Run Time=200.4
FIRESTARTER_OPTIMIZE: Seed=0  Test=62  Generation=  5 *Result=0.00000498  Best=0.00000498   Time=0.1  Run Time=200.9
FIRESTARTER_OPTIMIZE: Seed=0  Test=62  Generation=  6  Result=0.00221787  Best=0.00000498   Time=0.1  Run Time=201.3
FIRESTARTER_OPTIMIZE: Seed=0  Test=62  Generation=  7 *Result=0.00000011  Best=0.00000011   Time=0.1  Run Time=201.8
