CUDA devices = 1
Device 0: NVIDIA GeForce RTX 4090

variations = 1
instructions = 32
registers = 30
opcodes = 3

targetMin = 0.000000f
targetMax = 6.283185f
target = 0.000001f

mode = FIRESTARTER_OPTIMIZE
evolveSeed = 0
optimizeSeed = 0
tests = 256
streams = 1
units = 1
states = 1
population = 65536
generations = 0
passes = 512
samples = 15
iterations = 64
candidates = 0
optimize = 1

scale = 0.300000f
startScale = 2.500000f
startResult = 10.000000f

FIRESTARTER_OPTIMIZE: Seed=0  Test=237  Generation=  2 *Result=0.00001987  Best=0.00001987   Time=0.123  Run Time=0.7
FIRESTARTER_OPTIMIZE: Seed=0  Test=237  Generation=  3 *Result=0.00000252  Best=0.00000252   Time=0.128  Run Time=1.2
FIRESTARTER_OPTIMIZE: Seed=0  Test=237  Generation=  4 *Result=0.00000248  Best=0.00000248   Time=0.132  Run Time=1.5
FIRESTARTER_OPTIMIZE: Seed=0  Test=237  Generation=  5 *Result=0.00000226  Best=0.00000226   Time=0.127  Run Time=1.9
FIRESTARTER_OPTIMIZE: Seed=0  Test=237  Generation=  6  Result=0.00002134  Best=0.00000226   Time=0.121  Run Time=2.2
FIRESTARTER_OPTIMIZE: Seed=0  Test=237  Generation=  7  Result=0.00001945  Best=0.00000226   Time=0.122  Run Time=2.5
FIRESTARTER_OPTIMIZE: Seed=0  Test=237  Generation=  8 *Result=0.00000075  Best=0.00000075   Time=0.127  Run Time=3.0
