CUDA devices = 1
Device 0: NVIDIA GeForce RTX 4090

variations = 1
instructions = 32
registers = 30
opcodes = 2
patternOpcodes = 4

targetMin = 0.000000f
targetMax = 6.283185f
target = 0.000001f

mode = FIRESTARTER_OPTIMIZE
evolveSeed = 0
optimizeSeed = 0
tests = 256
streams = 1
units = 1
states = 1
generations = 0
population = 65536
passes = 384
attempts = 0
optimize = 1

scale = 0.300000f
startScale = 2.500000f
startResult = 10.000000f

FIRESTARTER_OPTIMIZE: Seed=0  Test=20  Generation=  2 *Result=0.00000934  Best=0.00000934   Time=0.1  Run Time=57.1
FIRESTARTER_OPTIMIZE: Seed=0  Test=20  Generation=  3  Result=0.00088272  Best=0.00000934   Time=0.1  Run Time=57.5
FIRESTARTER_OPTIMIZE: Seed=0  Test=20  Generation=  4  Result=0.00001515  Best=0.00000934   Time=0.1  Run Time=57.9
FIRESTARTER_OPTIMIZE: Seed=0  Test=20  Generation=  5  Result=0.00077882  Best=0.00000934   Time=0.1  Run Time=58.4
FIRESTARTER_OPTIMIZE: Seed=0  Test=20  Generation=  6  Result=0.00009547  Best=0.00000934   Time=0.1  Run Time=58.8
FIRESTARTER_OPTIMIZE: Seed=0  Test=20  Generation=  7  Result=0.00136495  Best=0.00000934   Time=0.1  Run Time=59.2
FIRESTARTER_OPTIMIZE: Seed=0  Test=20  Generation=  8  Result=0.00007688  Best=0.00000934   Time=0.1  Run Time=59.7
FIRESTARTER_OPTIMIZE: Seed=0  Test=20  Generation=  9 *Result=0.00000057  Best=0.00000057   Time=0.1  Run Time=60.1
