CUDA devices = 1
Device 0: NVIDIA GeForce RTX 4090

variations = 1
instructions = 32
registers = 30
opcodes = 3

targetMin = 0.000000f
targetMax = 6.283185f
target = 0.000001f

mode = FIRESTARTER_OPTIMIZE
evolveSeed = 0
optimizeSeed = 0
tests = 256
streams = 1
units = 1
states = 1
generations = 0
population = 65536
passes = 384
attempts = 0
optimize = 1

scale = 0.300000f
startScale = 2.500000f
startResult = 10.000000f

FIRESTARTER_OPTIMIZE: Seed=0  Test=20  Generation=  2 *Result=0.00012124  Best=0.00012124   Time=0.1  Run Time=62.4
FIRESTARTER_OPTIMIZE: Seed=0  Test=20  Generation=  3  Result=0.00048508  Best=0.00012124   Time=0.1  Run Time=62.8
FIRESTARTER_OPTIMIZE: Seed=0  Test=20  Generation=  4  Result=0.00018238  Best=0.00012124   Time=0.1  Run Time=63.2
FIRESTARTER_OPTIMIZE: Seed=0  Test=20  Generation=  5  Result=0.00023083  Best=0.00012124   Time=0.1  Run Time=63.7
FIRESTARTER_OPTIMIZE: Seed=0  Test=20  Generation=  6  Result=0.00026093  Best=0.00012124   Time=0.1  Run Time=64.1
FIRESTARTER_OPTIMIZE: Seed=0  Test=20  Generation=  7 *Result=0.00000363  Best=0.00000363   Time=0.1  Run Time=64.5
FIRESTARTER_OPTIMIZE: Seed=0  Test=20  Generation=  8  Result=0.00000802  Best=0.00000363   Time=0.1  Run Time=64.9
FIRESTARTER_OPTIMIZE: Seed=0  Test=20  Generation=  9  Result=0.00001820  Best=0.00000363   Time=0.1  Run Time=65.4
FIRESTARTER_OPTIMIZE: Seed=0  Test=20  Generation= 10  Result=0.00008859  Best=0.00000363   Time=0.1  Run Time=65.8
