CUDA devices = 1
Device 0: NVIDIA GeForce RTX 4090

variations = 1
instructions = 32
registers = 30
opcodes = 4

targetMin = 0.000000f
targetMax = 6.283185f
target = 0.000001f

mode = FIRESTARTER_OPTIMIZE
evolveSeed = 0
optimizeSeed = 0
tests = 256
streams = 1
units = 1
states = 1
generations = 0
population = 65536
passes = 384
attempts = 0
optimize = 1

scale = 0.300000f
startScale = 2.500000f
startResult = 10.000000f

FIRESTARTER_OPTIMIZE: Seed=0  Test=165  Generation=  2 *Result=0.00206251  Best=0.00206251   Time=0.1  Run Time=560.8
FIRESTARTER_OPTIMIZE: Seed=0  Test=165  Generation=  3 *Result=0.00001900  Best=0.00001900   Time=0.1  Run Time=561.3
FIRESTARTER_OPTIMIZE: Seed=0  Test=165  Generation=  4  Result=0.00027167  Best=0.00001900   Time=0.1  Run Time=561.7
FIRESTARTER_OPTIMIZE: Seed=0  Test=165  Generation=  5  Result=0.00004268  Best=0.00001900   Time=0.1  Run Time=562.1
FIRESTARTER_OPTIMIZE: Seed=0  Test=165  Generation=  6  Result=0.00013322  Best=0.00001900   Time=0.1  Run Time=562.6
FIRESTARTER_OPTIMIZE: Seed=0  Test=165  Generation=  7  Result=0.00014564  Best=0.00001900   Time=0.1  Run Time=563.0
FIRESTARTER_OPTIMIZE: Seed=0  Test=165  Generation=  8  Result=0.00127003  Best=0.00001900   Time=0.1  Run Time=563.5
FIRESTARTER_OPTIMIZE: Seed=0  Test=165  Generation=  9 *Result=0.00000008  Best=0.00000008   Time=0.1  Run Time=563.9
