CUDA devices = 1
Device 0: NVIDIA GeForce RTX 4090

variations = 1
instructions = 32
registers = 30
opcodes = 2
patternOpcodes = 2

targetMin = 0.000000f
targetMax = 6.283185f
target = 0.000001f

mode = FIRESTARTER_OPTIMIZE
evolveSeed = 0
optimizeSeed = 0
tests = 256
streams = 1
units = 1
states = 1
generations = 0
population = 65536
passes = 384
attempts = 0
optimize = 1

scale = 0.300000f
startScale = 2.500000f
startResult = 10.000000f

FIRESTARTER_OPTIMIZE: Seed=0  Test=229  Generation=  2 *Result=0.00005292  Best=0.00005292   Time=0.1  Run Time=771.7
FIRESTARTER_OPTIMIZE: Seed=0  Test=229  Generation=  3  Result=0.00018254  Best=0.00005292   Time=0.1  Run Time=772.1
FIRESTARTER_OPTIMIZE: Seed=0  Test=229  Generation=  4  Result=0.00006330  Best=0.00005292   Time=0.1  Run Time=772.5
FIRESTARTER_OPTIMIZE: Seed=0  Test=229  Generation=  5 *Result=0.00000351  Best=0.00000351   Time=0.1  Run Time=773.0
FIRESTARTER_OPTIMIZE: Seed=0  Test=229  Generation=  6  Result=0.00024125  Best=0.00000351   Time=0.1  Run Time=773.5
FIRESTARTER_OPTIMIZE: Seed=0  Test=229  Generation=  7  Result=0.00003767  Best=0.00000351   Time=0.1  Run Time=773.9
FIRESTARTER_OPTIMIZE: Seed=0  Test=229  Generation=  8  Result=0.00000426  Best=0.00000351   Time=0.1  Run Time=774.3
FIRESTARTER_OPTIMIZE: Seed=0  Test=229  Generation=  9 *Result=0.00000015  Best=0.00000015   Time=0.1  Run Time=774.8
