CUDA devices = 1
Device 0: NVIDIA GeForce RTX 4090

variations = 1
instructions = 32
registers = 30
opcodes = 3

targetMin = 0.000000f
targetMax = 6.283185f
target = 0.000001f

mode = FIRESTARTER_OPTIMIZE
evolveSeed = 0
optimizeSeed = 0
tests = 256
streams = 1
units = 1
states = 1
population = 65536
generations = 0
passes = 384
samples = 15
iterations = 64
candidates = 0
attempts = 0
optimize = 1

scale = 0.300000f
startScale = 2.500000f
startResult = 10.000000f

FIRESTARTER_OPTIMIZE: Seed=0  Test=214  Generation=  2 *Result=0.00006776  Best=0.00006776   Time=0.100  Run Time=0.6
FIRESTARTER_OPTIMIZE: Seed=0  Test=214  Generation=  3  Result=0.00111687  Best=0.00006776   Time=0.097  Run Time=1.1
FIRESTARTER_OPTIMIZE: Seed=0  Test=214  Generation=  4  Result=0.00194433  Best=0.00006776   Time=0.099  Run Time=1.5
FIRESTARTER_OPTIMIZE: Seed=0  Test=214  Generation=  5 *Result=0.00000013  Best=0.00000013   Time=0.142  Run Time=2.0
