CUDA devices = 2
Device 0: NVIDIA GeForce RTX 5090
Device 1: NVIDIA GeForce RTX 5090

variations = 1
instructions = 32
registers = 30
opcodes = 3

targetMin = 0.000000f
targetMax = 6.283185f
target = 0.000001f

mode = FIRESTARTER_OPTIMIZE
evolveSeed = 0
optimizeSeed = 0
tests = 256
streams = 1
units = 1
states = 1
population = 65536
generations = 0
passes = 384
samples = 15
iterations = 64
candidates = 0
attempts = 0
optimize = 1

scale = 0.300000f
startScale = 2.500000f
startResult = 10.000000f

FIRESTARTER_OPTIMIZE: Seed=0  Test=214  Generation=  2 *Result=0.00000161  Best=0.00000161   Time=0.052  Run Time=0.5
FIRESTARTER_OPTIMIZE: Seed=0  Test=214  Generation=  3  Result=0.00013351  Best=0.00000161   Time=0.047  Run Time=0.8
FIRESTARTER_OPTIMIZE: Seed=0  Test=214  Generation=  4  Result=0.00008685  Best=0.00000161   Time=0.048  Run Time=1.1
FIRESTARTER_OPTIMIZE: Seed=0  Test=214  Generation=  5  Result=0.00000728  Best=0.00000161   Time=0.047  Run Time=1.4
FIRESTARTER_OPTIMIZE: Seed=0  Test=214  Generation=  6 *Result=0.00000017  Best=0.00000017   Time=0.047  Run Time=1.7
