CUDA devices = 1
Device 0: NVIDIA GeForce RTX 4090

variations = 1
instructions = 32
registers = 30
opcodes = 2
patternOpcodes = 2

targetMin = 0.000000f
targetMax = 6.283185f
target = 0.000001f

mode = FIRESTARTER_OPTIMIZE
evolveSeed = 0
optimizeSeed = 0
tests = 256
streams = 1
units = 1
states = 1
generations = 0
population = 65536
passes = 384
attempts = 0
optimize = 1

scale = 0.300000f
startScale = 2.500000f
startResult = 10.000000f

FIRESTARTER_OPTIMIZE: Seed=0  Test=90  Generation=  2 *Result=0.00022090  Best=0.00022090   Time=0.1  Run Time=307.1
FIRESTARTER_OPTIMIZE: Seed=0  Test=90  Generation=  3 *Result=0.00000728  Best=0.00000728   Time=0.1  Run Time=307.6
FIRESTARTER_OPTIMIZE: Seed=0  Test=90  Generation=  4  Result=0.00069343  Best=0.00000728   Time=0.1  Run Time=308.0
FIRESTARTER_OPTIMIZE: Seed=0  Test=90  Generation=  5  Result=0.00001197  Best=0.00000728   Time=0.1  Run Time=308.4
FIRESTARTER_OPTIMIZE: Seed=0  Test=90  Generation=  6  Result=0.00006660  Best=0.00000728   Time=0.1  Run Time=308.9
FIRESTARTER_OPTIMIZE: Seed=0  Test=90  Generation=  7  Result=0.00043179  Best=0.00000728   Time=0.1  Run Time=309.3
FIRESTARTER_OPTIMIZE: Seed=0  Test=90  Generation=  8  Result=0.00059986  Best=0.00000728   Time=0.1  Run Time=309.8
FIRESTARTER_OPTIMIZE: Seed=0  Test=90  Generation=  9  Result=0.00149646  Best=0.00000728   Time=0.1  Run Time=310.2
FIRESTARTER_OPTIMIZE: Seed=0  Test=90  Generation= 10 *Result=0.00000105  Best=0.00000105   Time=0.1  Run Time=310.6
FIRESTARTER_OPTIMIZE: Seed=0  Test=90  Generation= 11  Result=0.00001798  Best=0.00000105   Time=0.1  Run Time=311.1
FIRESTARTER_OPTIMIZE: Seed=0  Test=90  Generation= 12 *Result=0.00000032  Best=0.00000032   Time=0.1  Run Time=311.5
