CUDA devices = 1
Device 0: NVIDIA GeForce RTX 4090

variations = 1
instructions = 32
registers = 30
opcodes = 3

targetMin = 0.000000f
targetMax = 6.283185f
target = 0.000001f

mode = FIRESTARTER_OPTIMIZE
evolveSeed = 0
optimizeSeed = 0
tests = 256
streams = 1
units = 1
states = 1
population = 65536
generations = 0
passes = 512
samples = 15
iterations = 64
candidates = 0
optimize = 1

scale = 0.300000f
startScale = 2.500000f
startResult = 10.000000f

FIRESTARTER_OPTIMIZE: Seed=0  Test=19  Generation=  2 *Result=0.00172862  Best=0.00172862   Time=0.255  Run Time=0.6
FIRESTARTER_OPTIMIZE: Seed=0  Test=19  Generation=  3 *Result=0.00025542  Best=0.00025542   Time=0.123  Run Time=0.9
FIRESTARTER_OPTIMIZE: Seed=0  Test=19  Generation=  4 *Result=0.00022692  Best=0.00022692   Time=0.126  Run Time=1.2
FIRESTARTER_OPTIMIZE: Seed=0  Test=19  Generation=  5 *Result=0.00002932  Best=0.00002932   Time=0.124  Run Time=1.5
FIRESTARTER_OPTIMIZE: Seed=0  Test=19  Generation=  6  Result=0.00185506  Best=0.00002932   Time=0.125  Run Time=1.8
FIRESTARTER_OPTIMIZE: Seed=0  Test=19  Generation=  7  Result=0.00013036  Best=0.00002932   Time=0.122  Run Time=2.2
FIRESTARTER_OPTIMIZE: Seed=0  Test=19  Generation=  8 *Result=0.00001736  Best=0.00001736   Time=0.123  Run Time=2.5
FIRESTARTER_OPTIMIZE: Seed=0  Test=19  Generation=  9  Result=0.00018248  Best=0.00001736   Time=0.126  Run Time=2.8
FIRESTARTER_OPTIMIZE: Seed=0  Test=19  Generation= 10  Result=0.00018240  Best=0.00001736   Time=0.126  Run Time=3.1
FIRESTARTER_OPTIMIZE: Seed=0  Test=19  Generation= 11 *Result=0.00000011  Best=0.00000011   Time=0.121  Run Time=3.4
