CUDA devices = 2
Device 0: NVIDIA GeForce RTX 5090
Device 1: NVIDIA GeForce RTX 5090

variations = 1
instructions = 32
registers = 30
opcodes = 3

targetMin = 0.000000f
targetMax = 6.283185f
target = 0.000001f

mode = FIRESTARTER_OPTIMIZE
evolveSeed = 0
optimizeSeed = 0
tests = 256
streams = 1
units = 1
states = 1
population = 65536
generations = 0
passes = 384
samples = 15
iterations = 64
candidates = 0
attempts = 0
optimize = 1

scale = 0.300000f
startScale = 2.500000f
startResult = 10.000000f

FIRESTARTER_OPTIMIZE: Seed=0  Test=67  Generation=  2 *Result=0.00009993  Best=0.00009993   Time=0.049  Run Time=0.5
FIRESTARTER_OPTIMIZE: Seed=0  Test=67  Generation=  3 *Result=0.00001803  Best=0.00001803   Time=0.048  Run Time=0.8
FIRESTARTER_OPTIMIZE: Seed=0  Test=67  Generation=  4 *Result=0.00000181  Best=0.00000181   Time=0.117  Run Time=1.2
FIRESTARTER_OPTIMIZE: Seed=0  Test=67  Generation=  5  Result=0.00006311  Best=0.00000181   Time=0.048  Run Time=1.5
FIRESTARTER_OPTIMIZE: Seed=0  Test=67  Generation=  6  Result=0.00009909  Best=0.00000181   Time=0.048  Run Time=1.8
FIRESTARTER_OPTIMIZE: Seed=0  Test=67  Generation=  7 *Result=0.00000037  Best=0.00000037   Time=0.049  Run Time=2.1
