CUDA devices = 1
Device 0: NVIDIA GeForce RTX 4090

variations = 1
instructions = 32
registers = 30
opcodes = 2
patternOpcodes = 4

targetMin = 0.000000f
targetMax = 6.283185f
target = 0.000001f

mode = FIRESTARTER_OPTIMIZE
evolveSeed = 0
optimizeSeed = 0
tests = 256
streams = 1
units = 1
states = 1
generations = 0
population = 65536
passes = 384
attempts = 0
optimize = 1

scale = 0.300000f
startScale = 2.500000f
startResult = 10.000000f

FIRESTARTER_OPTIMIZE: Seed=0  Test=184  Generation=  2 *Result=0.00473466  Best=0.00473466   Time=0.1  Run Time=582.8
FIRESTARTER_OPTIMIZE: Seed=0  Test=184  Generation=  3 *Result=0.00002041  Best=0.00002041   Time=0.1  Run Time=583.3
FIRESTARTER_OPTIMIZE: Seed=0  Test=184  Generation=  4 *Result=0.00001661  Best=0.00001661   Time=0.1  Run Time=583.7
FIRESTARTER_OPTIMIZE: Seed=0  Test=184  Generation=  5  Result=0.00163358  Best=0.00001661   Time=0.1  Run Time=584.2
FIRESTARTER_OPTIMIZE: Seed=0  Test=184  Generation=  6  Result=0.00022697  Best=0.00001661   Time=0.1  Run Time=584.6
FIRESTARTER_OPTIMIZE: Seed=0  Test=184  Generation=  7  Result=0.00003295  Best=0.00001661   Time=0.1  Run Time=585.1
FIRESTARTER_OPTIMIZE: Seed=0  Test=184  Generation=  8  Result=0.00047344  Best=0.00001661   Time=0.1  Run Time=585.5
FIRESTARTER_OPTIMIZE: Seed=0  Test=184  Generation=  9  Result=0.00017799  Best=0.00001661   Time=0.1  Run Time=585.9
FIRESTARTER_OPTIMIZE: Seed=0  Test=184  Generation= 10  Result=0.00006885  Best=0.00001661   Time=0.1  Run Time=586.4
FIRESTARTER_OPTIMIZE: Seed=0  Test=184  Generation= 11 *Result=0.00000198  Best=0.00000198   Time=0.1  Run Time=586.8
FIRESTARTER_OPTIMIZE: Seed=0  Test=184  Generation= 12 *Result=0.00000079  Best=0.00000079   Time=0.1  Run Time=587.3
