CUDA devices = 1
Device 0: NVIDIA GeForce RTX 4090

variations = 1
instructions = 32
registers = 30
opcodes = 3

targetMin = 0.000000f
targetMax = 6.283185f
target = 0.000001f

mode = FIRESTARTER_EVOLVE_GPU
evolveSeed = 0
optimizeSeed = 0
tests = 256
streams = 1
units = 1
states = 1
population = 65536
generations = 0
passes = 256
samples = 15
iterations = 64
candidates = 0
optimize = 1

scale = 0.300000f
startScale = 2.500000f
startResult = 10.000000f


FIRESTARTER_EVOLVE_GPU: Seed=0  Test=182  Generation=  2  Old Result=10.00000000 *New Result=0.00004400  MinIndex=0  EvolveAge=0  Best=0.00004400   BestAge=0  Time=0.045  Run Time=0.5
FIRESTARTER_EVOLVE_GPU: Seed=0  Test=182  Generation=  3  Old Result=10.00000000 >New Result=0.00016891  MinIndex=0  EvolveAge=0  Best=0.00004400   BestAge=2  Time=0.043  Run Time=0.7
FIRESTARTER_EVOLVE_GPU: Seed=0  Test=182  Generation=  4  Old Result=10.00000000 >New Result=0.00044621  MinIndex=0  EvolveAge=0  Best=0.00004400   BestAge=4  Time=0.043  Run Time=0.9
FIRESTARTER_EVOLVE_GPU: Seed=0  Test=182  Generation=  5  Old Result=10.00000000 *New Result=0.00001884  MinIndex=0  EvolveAge=0  Best=0.00001884   BestAge=0  Time=0.067  Run Time=1.3
FIRESTARTER_EVOLVE_GPU: Seed=0  Test=182  Generation=  6  Old Result=10.00000000 >New Result=0.00002009  MinIndex=0  EvolveAge=0  Best=0.00001884   BestAge=2  Time=0.065  Run Time=1.5
FIRESTARTER_EVOLVE_GPU: Seed=0  Test=182  Generation=  7  Old Result=10.00000000 >New Result=0.00149735  MinIndex=0  EvolveAge=0  Best=0.00001884   BestAge=4  Time=0.064  Run Time=1.8
FIRESTARTER_EVOLVE_GPU: Seed=0  Test=182  Generation=  8  Old Result=10.00000000 >New Result=0.00018254  MinIndex=0  EvolveAge=0  Best=0.00001884   BestAge=6  Time=0.065  Run Time=2.1
FIRESTARTER_EVOLVE_GPU: Seed=0  Test=182  Generation=  9  Old Result=10.00000000 >New Result=0.00149642  MinIndex=0  EvolveAge=0  Best=0.00001884   BestAge=8  Time=0.065  Run Time=2.4
FIRESTARTER_EVOLVE_GPU: Seed=0  Test=182  Generation= 10  Old Result=10.00000000 >New Result=0.00009465  MinIndex=0  EvolveAge=0  Best=0.00001884   BestAge=10  Time=0.064  Run Time=2.7
FIRESTARTER_EVOLVE_GPU: Seed=0  Test=182  Generation= 11  Old Result=10.00000000 >New Result=0.00053623  MinIndex=0  EvolveAge=0  Best=0.00001884   BestAge=12  Time=0.065  Run Time=3.0
FIRESTARTER_EVOLVE_GPU: Seed=0  Test=182  Generation= 12  Old Result=10.00000000 >New Result=0.00037736  MinIndex=0  EvolveAge=0  Best=0.00001884   BestAge=14  Time=0.064  Run Time=3.3
FIRESTARTER_EVOLVE_GPU: Seed=0  Test=182  Generation= 13  Old Result=10.00000000 >New Result=0.00014354  MinIndex=0  EvolveAge=0  Best=0.00001884   BestAge=16  Time=0.043  Run Time=3.6
FIRESTARTER_EVOLVE_GPU: Seed=0  Test=182  Generation= 14  Old Result=10.00000000 >New Result=0.00010042  MinIndex=0  EvolveAge=0  Best=0.00001884   BestAge=18  Time=0.062  Run Time=4.0
FIRESTARTER_EVOLVE_GPU: Seed=0  Test=182  Generation= 15  Old Result=10.00000000 *New Result=0.00000098  MinIndex=0  EvolveAge=0  Best=0.00000098   BestAge=0  Time=0.065  Run Time=4.3
