CUDA devices = 1
Device 0: NVIDIA GeForce RTX 4090

variations = 1
instructions = 32
registers = 30
opcodes = 2
patternOpcodes = 4

targetMin = 0.000000f
targetMax = 6.283185f
target = 0.000001f

mode = FIRESTARTER_OPTIMIZE
evolveSeed = 0
optimizeSeed = 0
tests = 256
streams = 1
units = 1
states = 1
generations = 0
population = 65536
passes = 384
attempts = 0
optimize = 1

scale = 0.300000f
startScale = 2.500000f
startResult = 10.000000f

FIRESTARTER_OPTIMIZE: Seed=0  Test=65  Generation=  2 *Result=0.00001471  Best=0.00001471   Time=0.1  Run Time=183.1
FIRESTARTER_OPTIMIZE: Seed=0  Test=65  Generation=  3  Result=0.00001573  Best=0.00001471   Time=0.1  Run Time=183.5
FIRESTARTER_OPTIMIZE: Seed=0  Test=65  Generation=  4  Result=0.00031590  Best=0.00001471   Time=0.1  Run Time=184.0
FIRESTARTER_OPTIMIZE: Seed=0  Test=65  Generation=  5  Result=0.00159214  Best=0.00001471   Time=0.1  Run Time=184.4
FIRESTARTER_OPTIMIZE: Seed=0  Test=65  Generation=  6  Result=0.00026131  Best=0.00001471   Time=0.1  Run Time=184.8
FIRESTARTER_OPTIMIZE: Seed=0  Test=65  Generation=  7  Result=0.00016698  Best=0.00001471   Time=0.1  Run Time=185.3
FIRESTARTER_OPTIMIZE: Seed=0  Test=65  Generation=  8  Result=0.00011272  Best=0.00001471   Time=0.1  Run Time=185.7
FIRESTARTER_OPTIMIZE: Seed=0  Test=65  Generation=  9 *Result=0.00000477  Best=0.00000477   Time=0.1  Run Time=186.1
FIRESTARTER_OPTIMIZE: Seed=0  Test=65  Generation= 10 *Result=0.00000030  Best=0.00000030   Time=0.1  Run Time=186.5
