CUDA devices = 1
Device 0: NVIDIA GeForce RTX 4090

variations = 1
instructions = 32
registers = 30
opcodes = 2
patternOpcodes = 2

targetMin = 0.000000f
targetMax = 6.283185f
target = 0.000001f

mode = FIRESTARTER_OPTIMIZE
evolveSeed = 0
optimizeSeed = 0
tests = 256
streams = 1
units = 1
states = 1
generations = 0
population = 65536
passes = 384
attempts = 0
optimize = 1

scale = 0.300000f
startScale = 2.500000f
startResult = 10.000000f

FIRESTARTER_OPTIMIZE: Seed=0  Test=146  Generation=  2 *Result=0.00002084  Best=0.00002084   Time=0.1  Run Time=484.9
FIRESTARTER_OPTIMIZE: Seed=0  Test=146  Generation=  3  Result=0.00005233  Best=0.00002084   Time=0.1  Run Time=485.3
FIRESTARTER_OPTIMIZE: Seed=0  Test=146  Generation=  4  Result=0.00006586  Best=0.00002084   Time=0.1  Run Time=485.8
FIRESTARTER_OPTIMIZE: Seed=0  Test=146  Generation=  5  Result=0.00018241  Best=0.00002084   Time=0.1  Run Time=486.2
FIRESTARTER_OPTIMIZE: Seed=0  Test=146  Generation=  6  Result=0.00020075  Best=0.00002084   Time=0.1  Run Time=486.7
FIRESTARTER_OPTIMIZE: Seed=0  Test=146  Generation=  7 *Result=0.00001406  Best=0.00001406   Time=0.1  Run Time=487.1
FIRESTARTER_OPTIMIZE: Seed=0  Test=146  Generation=  8  Result=0.00042014  Best=0.00001406   Time=0.1  Run Time=487.5
FIRESTARTER_OPTIMIZE: Seed=0  Test=146  Generation=  9  Result=0.00004333  Best=0.00001406   Time=0.1  Run Time=487.9
FIRESTARTER_OPTIMIZE: Seed=0  Test=146  Generation= 10  Result=0.00009308  Best=0.00001406   Time=0.1  Run Time=488.4
FIRESTARTER_OPTIMIZE: Seed=0  Test=146  Generation= 11 *Result=0.00000035  Best=0.00000035   Time=0.1  Run Time=488.8
