CUDA devices = 1
Device 0: NVIDIA GeForce RTX 4090

variations = 1
instructions = 32
registers = 30
opcodes = 3

targetMin = 0.000000f
targetMax = 6.283185f
target = 0.000001f

mode = FIRESTARTER_OPTIMIZE
evolveSeed = 0
optimizeSeed = 0
tests = 256
streams = 1
units = 1
states = 1
population = 65536
generations = 0
passes = 512
samples = 15
iterations = 64
candidates = 0
optimize = 1

scale = 0.300000f
startScale = 2.500000f
startResult = 10.000000f

FIRESTARTER_OPTIMIZE: Seed=0  Test=75  Generation=  2 *Result=0.00001882  Best=0.00001882   Time=0.125  Run Time=0.7
FIRESTARTER_OPTIMIZE: Seed=0  Test=75  Generation=  3  Result=0.00018240  Best=0.00001882   Time=0.121  Run Time=1.2
FIRESTARTER_OPTIMIZE: Seed=0  Test=75  Generation=  4  Result=0.00043393  Best=0.00001882   Time=0.125  Run Time=1.8
FIRESTARTER_OPTIMIZE: Seed=0  Test=75  Generation=  5  Result=0.00006204  Best=0.00001882   Time=0.122  Run Time=2.3
FIRESTARTER_OPTIMIZE: Seed=0  Test=75  Generation=  6  Result=0.00003248  Best=0.00001882   Time=0.126  Run Time=2.8
FIRESTARTER_OPTIMIZE: Seed=0  Test=75  Generation=  7  Result=0.00042194  Best=0.00001882   Time=0.127  Run Time=3.1
FIRESTARTER_OPTIMIZE: Seed=0  Test=75  Generation=  8  Result=0.00026053  Best=0.00001882   Time=0.125  Run Time=3.4
FIRESTARTER_OPTIMIZE: Seed=0  Test=75  Generation=  9  Result=0.00002240  Best=0.00001882   Time=0.123  Run Time=4.0
FIRESTARTER_OPTIMIZE: Seed=0  Test=75  Generation= 10  Result=0.00002156  Best=0.00001882   Time=0.129  Run Time=4.3
FIRESTARTER_OPTIMIZE: Seed=0  Test=75  Generation= 11  Result=0.00002387  Best=0.00001882   Time=0.124  Run Time=4.6
FIRESTARTER_OPTIMIZE: Seed=0  Test=75  Generation= 12  Result=0.00003311  Best=0.00001882   Time=0.121  Run Time=5.1
FIRESTARTER_OPTIMIZE: Seed=0  Test=75  Generation= 13 *Result=0.00000005  Best=0.00000005   Time=0.129  Run Time=5.7
