CUDA devices = 1
Device 0: NVIDIA GeForce RTX 4090

variations = 1
instructions = 32
registers = 30
opcodes = 4

targetMin = 0.000000f
targetMax = 6.283185f
target = 0.000001f

mode = FIRESTARTER_OPTIMIZE
evolveSeed = 0
optimizeSeed = 0
tests = 256
streams = 1
units = 1
states = 1
generations = 0
population = 65536
passes = 384
attempts = 0
optimize = 1

scale = 0.300000f
startScale = 2.500000f
startResult = 10.000000f

FIRESTARTER_OPTIMIZE: Seed=0  Test=182  Generation=  2 *Result=0.00007248  Best=0.00007248   Time=0.1  Run Time=613.4
FIRESTARTER_OPTIMIZE: Seed=0  Test=182  Generation=  3 *Result=0.00000375  Best=0.00000375   Time=0.1  Run Time=613.8
FIRESTARTER_OPTIMIZE: Seed=0  Test=182  Generation=  4  Result=0.00000456  Best=0.00000375   Time=0.1  Run Time=614.2
FIRESTARTER_OPTIMIZE: Seed=0  Test=182  Generation=  5  Result=0.00195123  Best=0.00000375   Time=0.1  Run Time=614.7
FIRESTARTER_OPTIMIZE: Seed=0  Test=182  Generation=  6 *Result=0.00000365  Best=0.00000365   Time=0.1  Run Time=615.1
FIRESTARTER_OPTIMIZE: Seed=0  Test=182  Generation=  7  Result=0.00000753  Best=0.00000365   Time=0.1  Run Time=615.5
FIRESTARTER_OPTIMIZE: Seed=0  Test=182  Generation=  8  Result=0.00026343  Best=0.00000365   Time=0.1  Run Time=616.0
FIRESTARTER_OPTIMIZE: Seed=0  Test=182  Generation=  9  Result=0.00003269  Best=0.00000365   Time=0.1  Run Time=616.4
FIRESTARTER_OPTIMIZE: Seed=0  Test=182  Generation= 10  Result=0.00004241  Best=0.00000365   Time=0.1  Run Time=616.8
FIRESTARTER_OPTIMIZE: Seed=0  Test=182  Generation= 11 *Result=0.00000011  Best=0.00000011   Time=0.1  Run Time=617.2
