CUDA devices = 1
Device 0: NVIDIA GeForce RTX 4090

variations = 1
instructions = 32
registers = 30
opcodes = 2

targetMin = 0.000000f
targetMax = 6.283185f
target = 0.000001f

mode = FIRESTARTER_OPTIMIZE
evolveSeed = 0
optimizeSeed = 0
tests = 256
streams = 1
units = 1
states = 1
generations = 0
population = 65536
passes = 384
attempts = 0
optimize = 1

scale = 0.300000f
startScale = 2.500000f
startResult = 10.000000f

FIRESTARTER_OPTIMIZE: Seed=0  Test=176  Generation=  2 *Result=0.00032306  Best=0.00032306   Time=0.1  Run Time=640.8
FIRESTARTER_OPTIMIZE: Seed=0  Test=176  Generation=  3 *Result=0.00030696  Best=0.00030696   Time=0.1  Run Time=641.3
FIRESTARTER_OPTIMIZE: Seed=0  Test=176  Generation=  4 *Result=0.00006786  Best=0.00006786   Time=0.1  Run Time=641.7
FIRESTARTER_OPTIMIZE: Seed=0  Test=176  Generation=  5  Result=0.00011204  Best=0.00006786   Time=0.1  Run Time=642.2
FIRESTARTER_OPTIMIZE: Seed=0  Test=176  Generation=  6 *Result=0.00000401  Best=0.00000401   Time=0.1  Run Time=642.6
FIRESTARTER_OPTIMIZE: Seed=0  Test=176  Generation=  7  Result=0.00074942  Best=0.00000401   Time=0.1  Run Time=643.0
FIRESTARTER_OPTIMIZE: Seed=0  Test=176  Generation=  8  Result=0.00123794  Best=0.00000401   Time=0.1  Run Time=643.5
FIRESTARTER_OPTIMIZE: Seed=0  Test=176  Generation=  9 *Result=0.00000135  Best=0.00000135   Time=0.1  Run Time=644.0
FIRESTARTER_OPTIMIZE: Seed=0  Test=176  Generation= 10 *Result=0.00000080  Best=0.00000080   Time=0.1  Run Time=644.5
