CUDA devices = 1
Device 0: NVIDIA GeForce RTX 4090

variations = 1
instructions = 32
registers = 30
opcodes = 4

targetMin = 0.000000f
targetMax = 6.283185f
target = 0.000001f

mode = FIRESTARTER_OPTIMIZE
evolveSeed = 0
optimizeSeed = 0
tests = 256
streams = 1
units = 1
states = 1
generations = 0
population = 65536
passes = 384
attempts = 0
optimize = 1

scale = 0.300000f
startScale = 2.500000f
startResult = 10.000000f

FIRESTARTER_OPTIMIZE: Seed=0  Test=131  Generation=  2 *Result=0.00002084  Best=0.00002084   Time=0.1  Run Time=439.6
FIRESTARTER_OPTIMIZE: Seed=0  Test=131  Generation=  3  Result=0.00096039  Best=0.00002084   Time=0.1  Run Time=440.0
FIRESTARTER_OPTIMIZE: Seed=0  Test=131  Generation=  4 *Result=0.00000862  Best=0.00000862   Time=0.1  Run Time=440.4
FIRESTARTER_OPTIMIZE: Seed=0  Test=131  Generation=  5  Result=0.00269204  Best=0.00000862   Time=0.1  Run Time=440.9
FIRESTARTER_OPTIMIZE: Seed=0  Test=131  Generation=  6  Result=0.00003690  Best=0.00000862   Time=0.1  Run Time=441.3
FIRESTARTER_OPTIMIZE: Seed=0  Test=131  Generation=  7  Result=0.00004599  Best=0.00000862   Time=0.1  Run Time=441.7
FIRESTARTER_OPTIMIZE: Seed=0  Test=131  Generation=  8  Result=0.00009507  Best=0.00000862   Time=0.1  Run Time=442.1
FIRESTARTER_OPTIMIZE: Seed=0  Test=131  Generation=  9 *Result=0.00000024  Best=0.00000024   Time=0.1  Run Time=442.6
