CUDA devices = 1
Device 0: NVIDIA GeForce RTX 4090

variations = 1
instructions = 32
registers = 30
opcodes = 3

targetMin = 0.000000f
targetMax = 6.283185f
target = 0.000001f

mode = FIRESTARTER_OPTIMIZE
evolveSeed = 0
optimizeSeed = 0
tests = 256
streams = 1
units = 1
states = 1
population = 65536
generations = 0
passes = 384
samples = 15
iterations = 64
candidates = 0
attempts = 0
optimize = 1

scale = 0.300000f
startScale = 2.500000f
startResult = 10.000000f

FIRESTARTER_OPTIMIZE: Seed=0  Test= 1  Generation=  2 *Result=0.00006502  Best=0.00006502   Time=0.101  Run Time=0.6
FIRESTARTER_OPTIMIZE: Seed=0  Test= 1  Generation=  3 *Result=0.00000623  Best=0.00000623   Time=0.097  Run Time=1.1
FIRESTARTER_OPTIMIZE: Seed=0  Test= 1  Generation=  4  Result=0.00130402  Best=0.00000623   Time=0.096  Run Time=1.5
FIRESTARTER_OPTIMIZE: Seed=0  Test= 1  Generation=  5  Result=0.00005448  Best=0.00000623   Time=0.096  Run Time=1.9
FIRESTARTER_OPTIMIZE: Seed=0  Test= 1  Generation=  6  Result=0.00018247  Best=0.00000623   Time=0.099  Run Time=2.4
FIRESTARTER_OPTIMIZE: Seed=0  Test= 1  Generation=  7  Result=0.00014852  Best=0.00000623   Time=0.096  Run Time=2.8
FIRESTARTER_OPTIMIZE: Seed=0  Test= 1  Generation=  8  Result=0.00050072  Best=0.00000623   Time=0.093  Run Time=3.2
FIRESTARTER_OPTIMIZE: Seed=0  Test= 1  Generation=  9 *Result=0.00000018  Best=0.00000018   Time=0.093  Run Time=3.7
