CUDA devices = 1
Device 0: NVIDIA GeForce RTX 4090

variations = 1
instructions = 32
registers = 30
opcodes = 3

targetMin = 0.000000f
targetMax = 6.283185f
target = 0.000001f

mode = FIRESTARTER_OPTIMIZE
evolveSeed = 0
optimizeSeed = 0
tests = 256
streams = 1
units = 1
states = 1
generations = 0
population = 65536
passes = 384
attempts = 0
optimize = 1

scale = 0.300000f
startScale = 2.500000f
startResult = 10.000000f

FIRESTARTER_OPTIMIZE: Seed=0  Test=189  Generation=  2 *Result=0.00015399  Best=0.00015399   Time=0.1  Run Time=548.5
FIRESTARTER_OPTIMIZE: Seed=0  Test=189  Generation=  3 *Result=0.00002683  Best=0.00002683   Time=0.2  Run Time=549.0
FIRESTARTER_OPTIMIZE: Seed=0  Test=189  Generation=  4  Result=0.00018251  Best=0.00002683   Time=0.1  Run Time=549.5
FIRESTARTER_OPTIMIZE: Seed=0  Test=189  Generation=  5  Result=0.00017463  Best=0.00002683   Time=0.1  Run Time=549.9
FIRESTARTER_OPTIMIZE: Seed=0  Test=189  Generation=  6 *Result=0.00001410  Best=0.00001410   Time=0.1  Run Time=550.4
FIRESTARTER_OPTIMIZE: Seed=0  Test=189  Generation=  7 *Result=0.00000213  Best=0.00000213   Time=0.1  Run Time=550.8
FIRESTARTER_OPTIMIZE: Seed=0  Test=189  Generation=  8 *Result=0.00000191  Best=0.00000191   Time=0.1  Run Time=551.3
FIRESTARTER_OPTIMIZE: Seed=0  Test=189  Generation=  9  Result=0.00007901  Best=0.00000191   Time=0.1  Run Time=551.7
FIRESTARTER_OPTIMIZE: Seed=0  Test=189  Generation= 10  Result=0.00000328  Best=0.00000191   Time=0.1  Run Time=552.2
FIRESTARTER_OPTIMIZE: Seed=0  Test=189  Generation= 11  Result=0.00020572  Best=0.00000191   Time=0.1  Run Time=552.6
FIRESTARTER_OPTIMIZE: Seed=0  Test=189  Generation= 12 *Result=0.00000011  Best=0.00000011   Time=0.1  Run Time=553.1
