CUDA devices = 1
Device 0: NVIDIA GeForce RTX 4090

variations = 1
instructions = 32
registers = 30
opcodes = 4

targetMin = 0.000000f
targetMax = 6.283185f
target = 0.000001f

mode = FIRESTARTER_OPTIMIZE
evolveSeed = 0
optimizeSeed = 0
tests = 256
streams = 1
units = 1
states = 1
generations = 0
population = 65536
passes = 384
attempts = 0
optimize = 1

scale = 0.300000f
startScale = 2.500000f
startResult = 10.000000f

FIRESTARTER_OPTIMIZE: Seed=0  Test=168  Generation=  2 *Result=0.00011739  Best=0.00011739   Time=0.1  Run Time=572.1
FIRESTARTER_OPTIMIZE: Seed=0  Test=168  Generation=  3  Result=0.00336288  Best=0.00011739   Time=0.1  Run Time=572.5
FIRESTARTER_OPTIMIZE: Seed=0  Test=168  Generation=  4  Result=0.00015306  Best=0.00011739   Time=0.1  Run Time=572.9
FIRESTARTER_OPTIMIZE: Seed=0  Test=168  Generation=  5 *Result=0.00000520  Best=0.00000520   Time=0.1  Run Time=573.4
FIRESTARTER_OPTIMIZE: Seed=0  Test=168  Generation=  6  Result=0.00029798  Best=0.00000520   Time=0.1  Run Time=573.9
FIRESTARTER_OPTIMIZE: Seed=0  Test=168  Generation=  7  Result=0.00267097  Best=0.00000520   Time=0.1  Run Time=574.3
FIRESTARTER_OPTIMIZE: Seed=0  Test=168  Generation=  8  Result=0.00247785  Best=0.00000520   Time=0.1  Run Time=574.7
FIRESTARTER_OPTIMIZE: Seed=0  Test=168  Generation=  9 *Result=0.00000011  Best=0.00000011   Time=0.1  Run Time=575.2
