CUDA devices = 1
Device 0: NVIDIA GeForce RTX 4090

variations = 1
instructions = 32
registers = 30
opcodes = 2
patternOpcodes = 4

targetMin = 0.000000f
targetMax = 6.283185f
target = 0.000001f

mode = FIRESTARTER_OPTIMIZE
evolveSeed = 0
optimizeSeed = 0
tests = 256
streams = 1
units = 1
states = 1
generations = 0
population = 65536
passes = 384
attempts = 0
optimize = 1

scale = 0.300000f
startScale = 2.500000f
startResult = 10.000000f

FIRESTARTER_OPTIMIZE: Seed=0  Test=132  Generation=  2 *Result=0.00000402  Best=0.00000402   Time=0.1  Run Time=406.6
FIRESTARTER_OPTIMIZE: Seed=0  Test=132  Generation=  3  Result=0.00316855  Best=0.00000402   Time=0.1  Run Time=407.0
FIRESTARTER_OPTIMIZE: Seed=0  Test=132  Generation=  4  Result=0.00105202  Best=0.00000402   Time=0.1  Run Time=407.5
FIRESTARTER_OPTIMIZE: Seed=0  Test=132  Generation=  5  Result=0.00002392  Best=0.00000402   Time=0.1  Run Time=407.9
FIRESTARTER_OPTIMIZE: Seed=0  Test=132  Generation=  6  Result=0.00007254  Best=0.00000402   Time=0.1  Run Time=408.4
FIRESTARTER_OPTIMIZE: Seed=0  Test=132  Generation=  7  Result=0.00042068  Best=0.00000402   Time=0.1  Run Time=408.8
FIRESTARTER_OPTIMIZE: Seed=0  Test=132  Generation=  8  Result=0.00000424  Best=0.00000402   Time=0.1  Run Time=409.2
FIRESTARTER_OPTIMIZE: Seed=0  Test=132  Generation=  9  Result=0.00008752  Best=0.00000402   Time=0.1  Run Time=409.7
FIRESTARTER_OPTIMIZE: Seed=0  Test=132  Generation= 10 *Result=0.00000005  Best=0.00000005   Time=0.1  Run Time=410.1
