CUDA devices = 1
Device 0: NVIDIA GeForce RTX 4090

variations = 1
instructions = 32
registers = 30
opcodes = 2

targetMin = 0.000000f
targetMax = 6.283185f
target = 0.000001f

mode = FIRESTARTER_OPTIMIZE
evolveSeed = 0
optimizeSeed = 0
tests = 256
streams = 1
units = 1
states = 1
generations = 0
population = 65536
passes = 384
attempts = 0
optimize = 1

scale = 0.300000f
startScale = 2.500000f
startResult = 10.000000f

FIRESTARTER_OPTIMIZE: Seed=0  Test=133  Generation=  2 *Result=0.00015706  Best=0.00015706   Time=0.1  Run Time=458.1
FIRESTARTER_OPTIMIZE: Seed=0  Test=133  Generation=  3  Result=0.00614285  Best=0.00015706   Time=0.1  Run Time=458.5
FIRESTARTER_OPTIMIZE: Seed=0  Test=133  Generation=  4 *Result=0.00001489  Best=0.00001489   Time=0.1  Run Time=459.0
FIRESTARTER_OPTIMIZE: Seed=0  Test=133  Generation=  5  Result=0.00013304  Best=0.00001489   Time=0.1  Run Time=459.4
FIRESTARTER_OPTIMIZE: Seed=0  Test=133  Generation=  6  Result=0.00053378  Best=0.00001489   Time=0.1  Run Time=459.8
FIRESTARTER_OPTIMIZE: Seed=0  Test=133  Generation=  7  Result=0.00019485  Best=0.00001489   Time=0.1  Run Time=460.3
FIRESTARTER_OPTIMIZE: Seed=0  Test=133  Generation=  8  Result=0.00021168  Best=0.00001489   Time=0.1  Run Time=460.7
FIRESTARTER_OPTIMIZE: Seed=0  Test=133  Generation=  9  Result=0.00005375  Best=0.00001489   Time=0.1  Run Time=461.2
FIRESTARTER_OPTIMIZE: Seed=0  Test=133  Generation= 10  Result=0.00073382  Best=0.00001489   Time=0.1  Run Time=461.6
FIRESTARTER_OPTIMIZE: Seed=0  Test=133  Generation= 11 *Result=0.00000016  Best=0.00000016   Time=0.1  Run Time=462.0
