CUDA devices = 1
Device 0: NVIDIA GeForce RTX 4090

variations = 1
instructions = 32
registers = 30
opcodes = 4

targetMin = 0.000000f
targetMax = 6.283185f
target = 0.000001f

mode = FIRESTARTER_OPTIMIZE
evolveSeed = 0
optimizeSeed = 0
tests = 256
streams = 1
units = 1
states = 1
generations = 0
population = 65536
passes = 384
attempts = 0
optimize = 1

scale = 0.300000f
startScale = 2.500000f
startResult = 10.000000f

FIRESTARTER_OPTIMIZE: Seed=0  Test=82  Generation=  2 *Result=0.00000174  Best=0.00000174   Time=0.1  Run Time=264.4
FIRESTARTER_OPTIMIZE: Seed=0  Test=82  Generation=  3  Result=0.00067356  Best=0.00000174   Time=0.1  Run Time=264.8
FIRESTARTER_OPTIMIZE: Seed=0  Test=82  Generation=  4  Result=0.00000361  Best=0.00000174   Time=0.1  Run Time=265.3
FIRESTARTER_OPTIMIZE: Seed=0  Test=82  Generation=  5  Result=0.00118932  Best=0.00000174   Time=0.1  Run Time=265.7
FIRESTARTER_OPTIMIZE: Seed=0  Test=82  Generation=  6 *Result=0.00000127  Best=0.00000127   Time=0.1  Run Time=266.1
FIRESTARTER_OPTIMIZE: Seed=0  Test=82  Generation=  7  Result=0.00008981  Best=0.00000127   Time=0.1  Run Time=266.5
FIRESTARTER_OPTIMIZE: Seed=0  Test=82  Generation=  8  Result=0.00007668  Best=0.00000127   Time=0.1  Run Time=267.0
FIRESTARTER_OPTIMIZE: Seed=0  Test=82  Generation=  9  Result=0.00002167  Best=0.00000127   Time=0.1  Run Time=267.4
FIRESTARTER_OPTIMIZE: Seed=0  Test=82  Generation= 10  Result=0.00022161  Best=0.00000127   Time=0.1  Run Time=267.8
FIRESTARTER_OPTIMIZE: Seed=0  Test=82  Generation= 11  Result=0.00251759  Best=0.00000127   Time=0.1  Run Time=268.2
FIRESTARTER_OPTIMIZE: Seed=0  Test=82  Generation= 12 *Result=0.00000074  Best=0.00000074   Time=0.1  Run Time=268.7
