CUDA devices = 1
Device 0: NVIDIA GeForce RTX 4090

variations = 1
instructions = 32
registers = 30
opcodes = 2
patternOpcodes = 4

targetMin = 0.000000f
targetMax = 6.283185f
target = 0.000001f

mode = FIRESTARTER_OPTIMIZE
evolveSeed = 0
optimizeSeed = 0
tests = 256
streams = 1
units = 1
states = 1
generations = 0
population = 65536
passes = 384
attempts = 0
optimize = 1

scale = 0.300000f
startScale = 2.500000f
startResult = 10.000000f

FIRESTARTER_OPTIMIZE: Seed=0  Test=73  Generation=  2 *Result=0.00001544  Best=0.00001544   Time=0.1  Run Time=216.8
FIRESTARTER_OPTIMIZE: Seed=0  Test=73  Generation=  3  Result=0.00002273  Best=0.00001544   Time=0.1  Run Time=217.2
FIRESTARTER_OPTIMIZE: Seed=0  Test=73  Generation=  4 *Result=0.00000125  Best=0.00000125   Time=0.1  Run Time=217.7
FIRESTARTER_OPTIMIZE: Seed=0  Test=73  Generation=  5  Result=0.00122704  Best=0.00000125   Time=0.1  Run Time=218.1
FIRESTARTER_OPTIMIZE: Seed=0  Test=73  Generation=  6  Result=0.00000846  Best=0.00000125   Time=0.1  Run Time=218.6
FIRESTARTER_OPTIMIZE: Seed=0  Test=73  Generation=  7  Result=0.00006213  Best=0.00000125   Time=0.1  Run Time=219.0
FIRESTARTER_OPTIMIZE: Seed=0  Test=73  Generation=  8  Result=0.00031299  Best=0.00000125   Time=0.1  Run Time=219.4
FIRESTARTER_OPTIMIZE: Seed=0  Test=73  Generation=  9  Result=0.00000969  Best=0.00000125   Time=0.1  Run Time=219.9
FIRESTARTER_OPTIMIZE: Seed=0  Test=73  Generation= 10 *Result=0.00000040  Best=0.00000040   Time=0.1  Run Time=220.3
