CUDA devices = 1
Device 0: NVIDIA GeForce RTX 4090

variations = 1
instructions = 32
registers = 30
opcodes = 3

targetMin = 0.000000f
targetMax = 6.283185f
target = 0.000001f

mode = FIRESTARTER_EVOLVE_GPU
evolveSeed = 0
optimizeSeed = 0
tests = 256
streams = 1
units = 1
states = 1
population = 65536
generations = 0
passes = 256
samples = 15
iterations = 64
candidates = 0
optimize = 1

scale = 0.300000f
startScale = 2.500000f
startResult = 10.000000f


FIRESTARTER_EVOLVE_GPU: Seed=0  Test=59  Generation=  2  Old Result=10.00000000 *New Result=0.00095151  MinIndex=0  EvolveAge=0  Best=0.00095151   BestAge=0  Time=0.065  Run Time=0.5
FIRESTARTER_EVOLVE_GPU: Seed=0  Test=59  Generation=  3  Old Result=10.00000000 >New Result=0.00614807  MinIndex=0  EvolveAge=0  Best=0.00095151   BestAge=2  Time=0.063  Run Time=0.7
FIRESTARTER_EVOLVE_GPU: Seed=0  Test=59  Generation=  4  Old Result=10.00000000 *New Result=0.00018203  MinIndex=0  EvolveAge=0  Best=0.00018203   BestAge=0  Time=0.064  Run Time=1.1
FIRESTARTER_EVOLVE_GPU: Seed=0  Test=59  Generation=  5  Old Result=10.00000000 *New Result=0.00013029  MinIndex=0  EvolveAge=0  Best=0.00013029   BestAge=0  Time=0.064  Run Time=1.4
FIRESTARTER_EVOLVE_GPU: Seed=0  Test=59  Generation=  6  Old Result=10.00000000 >New Result=0.00016829  MinIndex=0  EvolveAge=0  Best=0.00013029   BestAge=2  Time=0.063  Run Time=1.6
FIRESTARTER_EVOLVE_GPU: Seed=0  Test=59  Generation=  7  Old Result=10.00000000 *New Result=0.00004087  MinIndex=0  EvolveAge=0  Best=0.00004087   BestAge=0  Time=0.066  Run Time=1.9
FIRESTARTER_EVOLVE_GPU: Seed=0  Test=59  Generation=  8  Old Result=10.00000000 *New Result=0.00001189  MinIndex=0  EvolveAge=0  Best=0.00001189   BestAge=0  Time=0.064  Run Time=2.3
FIRESTARTER_EVOLVE_GPU: Seed=0  Test=59  Generation=  9  Old Result=10.00000000 >New Result=0.00003634  MinIndex=0  EvolveAge=0  Best=0.00001189   BestAge=2  Time=0.063  Run Time=2.5
FIRESTARTER_EVOLVE_GPU: Seed=0  Test=59  Generation= 10  Old Result=10.00000000 >New Result=0.00017983  MinIndex=0  EvolveAge=0  Best=0.00001189   BestAge=4  Time=0.063  Run Time=2.8
FIRESTARTER_EVOLVE_GPU: Seed=0  Test=59  Generation= 11  Old Result=10.00000000 >New Result=0.00003748  MinIndex=0  EvolveAge=0  Best=0.00001189   BestAge=6  Time=0.065  Run Time=3.1
FIRESTARTER_EVOLVE_GPU: Seed=0  Test=59  Generation= 12  Old Result=10.00000000 >New Result=0.00035988  MinIndex=0  EvolveAge=0  Best=0.00001189   BestAge=8  Time=0.065  Run Time=3.3
FIRESTARTER_EVOLVE_GPU: Seed=0  Test=59  Generation= 13  Old Result=10.00000000 >New Result=0.00002354  MinIndex=0  EvolveAge=0  Best=0.00001189   BestAge=10  Time=0.062  Run Time=3.6
FIRESTARTER_EVOLVE_GPU: Seed=0  Test=59  Generation= 14  Old Result=10.00000000 >New Result=0.00011848  MinIndex=0  EvolveAge=0  Best=0.00001189   BestAge=12  Time=0.063  Run Time=3.9
FIRESTARTER_EVOLVE_GPU: Seed=0  Test=59  Generation= 15  Old Result=10.00000000 >New Result=0.00008999  MinIndex=0  EvolveAge=0  Best=0.00001189   BestAge=14  Time=0.062  Run Time=4.2
FIRESTARTER_EVOLVE_GPU: Seed=0  Test=59  Generation= 16  Old Result=10.00000000 >New Result=0.00009108  MinIndex=0  EvolveAge=0  Best=0.00001189   BestAge=16  Time=0.065  Run Time=4.5
FIRESTARTER_EVOLVE_GPU: Seed=0  Test=59  Generation= 17  Old Result=10.00000000 >New Result=0.00007161  MinIndex=0  EvolveAge=0  Best=0.00001189   BestAge=18  Time=0.062  Run Time=4.9
FIRESTARTER_EVOLVE_GPU: Seed=0  Test=59  Generation= 18  Old Result=10.00000000 *New Result=0.00000066  MinIndex=0  EvolveAge=0  Best=0.00000066   BestAge=0  Time=0.066  Run Time=5.2
