CUDA devices = 1
Device 0: NVIDIA GeForce RTX 4090

variations = 1
instructions = 32
registers = 30
opcodes = 2

targetMin = 0.000000f
targetMax = 6.283185f
target = 0.000001f

mode = FIRESTARTER_OPTIMIZE
evolveSeed = 0
optimizeSeed = 0
tests = 256
streams = 1
units = 1
states = 1
generations = 0
population = 65536
passes = 384
attempts = 0
optimize = 1

scale = 0.300000f
startScale = 2.500000f
startResult = 10.000000f

FIRESTARTER_OPTIMIZE: Seed=0  Test=37  Generation=  2 *Result=0.00019151  Best=0.00019151   Time=0.1  Run Time=115.3
FIRESTARTER_OPTIMIZE: Seed=0  Test=37  Generation=  3  Result=0.00054213  Best=0.00019151   Time=0.1  Run Time=115.7
FIRESTARTER_OPTIMIZE: Seed=0  Test=37  Generation=  4  Result=0.00023854  Best=0.00019151   Time=0.1  Run Time=116.2
FIRESTARTER_OPTIMIZE: Seed=0  Test=37  Generation=  5  Result=0.00046469  Best=0.00019151   Time=0.1  Run Time=116.6
FIRESTARTER_OPTIMIZE: Seed=0  Test=37  Generation=  6  Result=0.00031018  Best=0.00019151   Time=0.1  Run Time=117.0
FIRESTARTER_OPTIMIZE: Seed=0  Test=37  Generation=  7 *Result=0.00001697  Best=0.00001697   Time=0.1  Run Time=117.5
FIRESTARTER_OPTIMIZE: Seed=0  Test=37  Generation=  8 *Result=0.00001168  Best=0.00001168   Time=0.1  Run Time=117.9
FIRESTARTER_OPTIMIZE: Seed=0  Test=37  Generation=  9  Result=0.00018147  Best=0.00001168   Time=0.1  Run Time=118.4
FIRESTARTER_OPTIMIZE: Seed=0  Test=37  Generation= 10 *Result=0.00000155  Best=0.00000155   Time=0.1  Run Time=118.8
FIRESTARTER_OPTIMIZE: Seed=0  Test=37  Generation= 11  Result=0.00018352  Best=0.00000155   Time=0.1  Run Time=119.3
FIRESTARTER_OPTIMIZE: Seed=0  Test=37  Generation= 12 *Result=0.00000031  Best=0.00000031   Time=0.2  Run Time=119.8
