CUDA devices = 1
Device 0: NVIDIA GeForce RTX 4090

variations = 1
instructions = 32
registers = 30
opcodes = 4

targetMin = 0.000000f
targetMax = 6.283185f
target = 0.000001f

mode = FIRESTARTER_OPTIMIZE
evolveSeed = 0
optimizeSeed = 0
tests = 256
streams = 1
units = 1
states = 1
generations = 0
population = 65536
passes = 384
attempts = 0
optimize = 1

scale = 0.300000f
startScale = 2.500000f
startResult = 10.000000f

FIRESTARTER_OPTIMIZE: Seed=0  Test=229  Generation=  2 *Result=0.00010749  Best=0.00010749   Time=0.1  Run Time=786.8
FIRESTARTER_OPTIMIZE: Seed=0  Test=229  Generation=  3 *Result=0.00000130  Best=0.00000130   Time=0.1  Run Time=787.2
FIRESTARTER_OPTIMIZE: Seed=0  Test=229  Generation=  4  Result=0.00000149  Best=0.00000130   Time=0.1  Run Time=787.7
FIRESTARTER_OPTIMIZE: Seed=0  Test=229  Generation=  5  Result=0.00023143  Best=0.00000130   Time=0.1  Run Time=788.1
FIRESTARTER_OPTIMIZE: Seed=0  Test=229  Generation=  6 *Result=0.00000017  Best=0.00000017   Time=0.1  Run Time=788.5
