CUDA devices = 1
Device 0: NVIDIA GeForce RTX 4090

variations = 1
instructions = 32
registers = 30
opcodes = 2
patternOpcodes = 2

targetMin = 0.000000f
targetMax = 6.283185f
target = 0.000001f

mode = FIRESTARTER_OPTIMIZE
evolveSeed = 0
optimizeSeed = 0
tests = 256
streams = 1
units = 1
states = 1
generations = 0
population = 65536
passes = 384
attempts = 0
optimize = 1

scale = 0.300000f
startScale = 2.500000f
startResult = 10.000000f

FIRESTARTER_OPTIMIZE: Seed=0  Test=93  Generation=  2 *Result=0.00006340  Best=0.00006340   Time=0.1  Run Time=327.1
FIRESTARTER_OPTIMIZE: Seed=0  Test=93  Generation=  3  Result=0.00018228  Best=0.00006340   Time=0.1  Run Time=327.5
FIRESTARTER_OPTIMIZE: Seed=0  Test=93  Generation=  4  Result=0.00008868  Best=0.00006340   Time=0.1  Run Time=327.9
FIRESTARTER_OPTIMIZE: Seed=0  Test=93  Generation=  5 *Result=0.00004968  Best=0.00004968   Time=0.1  Run Time=328.4
FIRESTARTER_OPTIMIZE: Seed=0  Test=93  Generation=  6  Result=0.00150427  Best=0.00004968   Time=0.1  Run Time=328.8
FIRESTARTER_OPTIMIZE: Seed=0  Test=93  Generation=  7 *Result=0.00001074  Best=0.00001074   Time=0.1  Run Time=329.2
FIRESTARTER_OPTIMIZE: Seed=0  Test=93  Generation=  8 *Result=0.00000010  Best=0.00000010   Time=0.1  Run Time=329.7
