CUDA devices = 2
Device 0: NVIDIA GeForce RTX 5090
Device 1: NVIDIA GeForce RTX 5090

variations = 1
instructions = 32
registers = 30
opcodes = 3

targetMin = 0.000000f
targetMax = 6.283185f
target = 0.000001f

mode = FIRESTARTER_OPTIMIZE
evolveSeed = 0
optimizeSeed = 0
tests = 256
streams = 1
units = 1
states = 1
population = 65536
generations = 0
passes = 384
samples = 15
iterations = 64
candidates = 0
attempts = 0
optimize = 1

scale = 0.300000f
startScale = 2.500000f
startResult = 10.000000f

FIRESTARTER_OPTIMIZE: Seed=0  Test=134  Generation=  2 *Result=0.00000638  Best=0.00000638   Time=0.111  Run Time=0.7
FIRESTARTER_OPTIMIZE: Seed=0  Test=134  Generation=  3  Result=0.00047878  Best=0.00000638   Time=0.047  Run Time=1.2
FIRESTARTER_OPTIMIZE: Seed=0  Test=134  Generation=  4  Result=0.00003499  Best=0.00000638   Time=0.046  Run Time=1.6
FIRESTARTER_OPTIMIZE: Seed=0  Test=134  Generation=  5 *Result=0.00000266  Best=0.00000266   Time=0.048  Run Time=2.0
FIRESTARTER_OPTIMIZE: Seed=0  Test=134  Generation=  6 *Result=0.00000054  Best=0.00000054   Time=0.050  Run Time=2.4
