CUDA devices = 1
Device 0: NVIDIA GeForce RTX 4090

variations = 1
instructions = 32
registers = 30
opcodes = 3

targetMin = 0.000000f
targetMax = 6.283185f
target = 0.000001f

mode = FIRESTARTER_OPTIMIZE
evolveSeed = 0
optimizeSeed = 0
tests = 256
streams = 1
units = 1
states = 1
population = 65536
generations = 0
passes = 384
samples = 15
iterations = 64
candidates = 0
attempts = 0
optimize = 1

scale = 0.300000f
startScale = 2.500000f
startResult = 10.000000f

FIRESTARTER_OPTIMIZE: Seed=0  Test=189  Generation=  2 *Result=0.00024459  Best=0.00024459   Time=0.103  Run Time=0.6
FIRESTARTER_OPTIMIZE: Seed=0  Test=189  Generation=  3 *Result=0.00011631  Best=0.00011631   Time=0.098  Run Time=1.1
FIRESTARTER_OPTIMIZE: Seed=0  Test=189  Generation=  4  Result=0.00034013  Best=0.00011631   Time=0.098  Run Time=1.5
FIRESTARTER_OPTIMIZE: Seed=0  Test=189  Generation=  5  Result=0.00102044  Best=0.00011631   Time=0.098  Run Time=2.0
FIRESTARTER_OPTIMIZE: Seed=0  Test=189  Generation=  6  Result=0.00093475  Best=0.00011631   Time=0.099  Run Time=2.5
FIRESTARTER_OPTIMIZE: Seed=0  Test=189  Generation=  7 *Result=0.00005420  Best=0.00005420   Time=0.181  Run Time=3.0
FIRESTARTER_OPTIMIZE: Seed=0  Test=189  Generation=  8  Result=0.00008719  Best=0.00005420   Time=0.101  Run Time=3.4
FIRESTARTER_OPTIMIZE: Seed=0  Test=189  Generation=  9 *Result=0.00000644  Best=0.00000644   Time=0.099  Run Time=3.9
FIRESTARTER_OPTIMIZE: Seed=0  Test=189  Generation= 10  Result=0.00002506  Best=0.00000644   Time=0.100  Run Time=4.3
FIRESTARTER_OPTIMIZE: Seed=0  Test=189  Generation= 11  Result=0.00010484  Best=0.00000644   Time=0.100  Run Time=4.8
FIRESTARTER_OPTIMIZE: Seed=0  Test=189  Generation= 12  Result=0.00018239  Best=0.00000644   Time=0.099  Run Time=5.3
FIRESTARTER_OPTIMIZE: Seed=0  Test=189  Generation= 13 *Result=0.00000018  Best=0.00000018   Time=0.098  Run Time=5.7
