CUDA devices = 1
Device 0: NVIDIA GeForce RTX 4090

variations = 1
instructions = 32
registers = 30
opcodes = 4

targetMin = 0.000000f
targetMax = 6.283185f
target = 0.000001f

mode = FIRESTARTER_OPTIMIZE
evolveSeed = 0
optimizeSeed = 0
tests = 256
streams = 1
units = 1
states = 1
generations = 0
population = 65536
passes = 384
attempts = 0
optimize = 1

scale = 0.300000f
startScale = 2.500000f
startResult = 10.000000f

FIRESTARTER_OPTIMIZE: Seed=0  Test=100  Generation=  2 *Result=0.00001347  Best=0.00001347   Time=0.1  Run Time=320.9
FIRESTARTER_OPTIMIZE: Seed=0  Test=100  Generation=  3  Result=0.00012543  Best=0.00001347   Time=0.1  Run Time=321.3
FIRESTARTER_OPTIMIZE: Seed=0  Test=100  Generation=  4  Result=0.00007969  Best=0.00001347   Time=0.1  Run Time=321.8
FIRESTARTER_OPTIMIZE: Seed=0  Test=100  Generation=  5  Result=0.00002934  Best=0.00001347   Time=0.1  Run Time=322.2
FIRESTARTER_OPTIMIZE: Seed=0  Test=100  Generation=  6  Result=0.00018224  Best=0.00001347   Time=0.1  Run Time=322.6
FIRESTARTER_OPTIMIZE: Seed=0  Test=100  Generation=  7  Result=0.00090862  Best=0.00001347   Time=0.1  Run Time=323.0
FIRESTARTER_OPTIMIZE: Seed=0  Test=100  Generation=  8 *Result=0.00000071  Best=0.00000071   Time=0.1  Run Time=323.5
