CUDA devices = 1
Device 0: NVIDIA GeForce RTX 4090

variations = 1
instructions = 32
registers = 30
opcodes = 3

targetMin = 0.000000f
targetMax = 6.283185f
target = 0.000001f

mode = FIRESTARTER_OPTIMIZE
evolveSeed = 0
optimizeSeed = 0
tests = 256
streams = 1
units = 1
states = 1
generations = 0
population = 65536
passes = 384
attempts = 0
optimize = 1

scale = 0.300000f
startScale = 2.500000f
startResult = 10.000000f

FIRESTARTER_OPTIMIZE: Seed=0  Test=71  Generation=  2 *Result=0.00047564  Best=0.00047564   Time=0.1  Run Time=240.3
FIRESTARTER_OPTIMIZE: Seed=0  Test=71  Generation=  3 *Result=0.00021310  Best=0.00021310   Time=0.1  Run Time=240.7
FIRESTARTER_OPTIMIZE: Seed=0  Test=71  Generation=  4  Result=0.00021323  Best=0.00021310   Time=0.1  Run Time=241.2
FIRESTARTER_OPTIMIZE: Seed=0  Test=71  Generation=  5 *Result=0.00008279  Best=0.00008279   Time=0.1  Run Time=241.6
FIRESTARTER_OPTIMIZE: Seed=0  Test=71  Generation=  6 *Result=0.00005925  Best=0.00005925   Time=0.1  Run Time=242.0
FIRESTARTER_OPTIMIZE: Seed=0  Test=71  Generation=  7  Result=0.00242274  Best=0.00005925   Time=0.1  Run Time=242.5
FIRESTARTER_OPTIMIZE: Seed=0  Test=71  Generation=  8 *Result=0.00000250  Best=0.00000250   Time=0.1  Run Time=242.9
FIRESTARTER_OPTIMIZE: Seed=0  Test=71  Generation=  9  Result=0.00282693  Best=0.00000250   Time=0.1  Run Time=243.4
FIRESTARTER_OPTIMIZE: Seed=0  Test=71  Generation= 10  Result=0.00000775  Best=0.00000250   Time=0.1  Run Time=243.8
FIRESTARTER_OPTIMIZE: Seed=0  Test=71  Generation= 11  Result=0.00007989  Best=0.00000250   Time=0.1  Run Time=244.2
FIRESTARTER_OPTIMIZE: Seed=0  Test=71  Generation= 12 *Result=0.00000061  Best=0.00000061   Time=0.1  Run Time=244.7
