CUDA devices = 1
Device 0: NVIDIA GeForce RTX 4090

variations = 3
instructions = 32
registers = 30
opcodes = 3

targetMin = 0.000000f
targetMax = 6.283185f
target = 0.000001f

mode = FIRESTARTER_EVOLVE_CPU
evolveSeed = 0
optimizeSeed = 0
tests = 256
streams = 1
units = 8
states = 16
generations = 0
population = 262144
passes = 512
attempts = 0
optimize = 1

scale = 0.300000f
startScale = 2.500000f
startResult = 10.000000f

FIRESTARTER_EVOLVE_CPU: Seed=0  Test= 0  Index=   0  Id=   0  Generation=  0  Age=  1  Evolution= 0  Weight=0.00000000  Old Result=10.00000000 *New Result=0.00485266  Best=0.00485266 BestError=0.00485266  BestAge=0  Time=34.6  Run Time=35.3
FIRESTARTER_EVOLVE_CPU: Seed=0  Test= 0  Index=   1  Id=   1  Generation=  0  Age=  1  Evolution= 0  Weight=0.00000000  Old Result=10.00000000 *New Result=0.00066267  Best=0.00066267 BestError=0.00066267  BestAge=0  Time=34.6  Run Time=36.4
