CUDA devices = 1
Device 0: NVIDIA GeForce RTX 4090

variations = 1
instructions = 32
registers = 30
opcodes = 2
patternOpcodes = 2

targetMin = 0.000000f
targetMax = 6.283185f
target = 0.000001f

mode = FIRESTARTER_OPTIMIZE
evolveSeed = 0
optimizeSeed = 0
tests = 256
streams = 1
units = 1
states = 1
generations = 0
population = 65536
passes = 384
attempts = 0
optimize = 1

scale = 0.300000f
startScale = 2.500000f
startResult = 10.000000f

FIRESTARTER_OPTIMIZE: Seed=0  Test=113  Generation=  2 *Result=0.00023233  Best=0.00023233   Time=0.1  Run Time=376.2
FIRESTARTER_OPTIMIZE: Seed=0  Test=113  Generation=  3 *Result=0.00002572  Best=0.00002572   Time=0.1  Run Time=376.7
FIRESTARTER_OPTIMIZE: Seed=0  Test=113  Generation=  4  Result=0.00032508  Best=0.00002572   Time=0.1  Run Time=377.1
FIRESTARTER_OPTIMIZE: Seed=0  Test=113  Generation=  5  Result=0.00018220  Best=0.00002572   Time=0.1  Run Time=377.6
FIRESTARTER_OPTIMIZE: Seed=0  Test=113  Generation=  6  Result=0.00004288  Best=0.00002572   Time=0.1  Run Time=378.0
FIRESTARTER_OPTIMIZE: Seed=0  Test=113  Generation=  7  Result=0.00020391  Best=0.00002572   Time=0.1  Run Time=378.4
FIRESTARTER_OPTIMIZE: Seed=0  Test=113  Generation=  8  Result=0.00049585  Best=0.00002572   Time=0.1  Run Time=378.9
FIRESTARTER_OPTIMIZE: Seed=0  Test=113  Generation=  9  Result=0.00005230  Best=0.00002572   Time=0.1  Run Time=379.3
FIRESTARTER_OPTIMIZE: Seed=0  Test=113  Generation= 10  Result=0.00020643  Best=0.00002572   Time=0.1  Run Time=379.7
FIRESTARTER_OPTIMIZE: Seed=0  Test=113  Generation= 11  Result=0.00009643  Best=0.00002572   Time=0.1  Run Time=380.2
FIRESTARTER_OPTIMIZE: Seed=0  Test=113  Generation= 12 *Result=0.00000011  Best=0.00000011   Time=0.1  Run Time=380.6
