CUDA devices = 1
Device 0: NVIDIA GeForce RTX 4090

variations = 1
instructions = 32
registers = 30
opcodes = 4

targetMin = 0.000000f
targetMax = 6.283185f
target = 0.000001f

mode = FIRESTARTER_OPTIMIZE
evolveSeed = 0
optimizeSeed = 0
tests = 256
streams = 1
units = 1
states = 1
generations = 0
population = 65536
passes = 384
attempts = 0
optimize = 1

scale = 0.300000f
startScale = 2.500000f
startResult = 10.000000f

FIRESTARTER_OPTIMIZE: Seed=0  Test=107  Generation=  2 *Result=0.00079109  Best=0.00079109   Time=0.1  Run Time=352.9
FIRESTARTER_OPTIMIZE: Seed=0  Test=107  Generation=  3 *Result=0.00010067  Best=0.00010067   Time=0.1  Run Time=353.3
FIRESTARTER_OPTIMIZE: Seed=0  Test=107  Generation=  4  Result=0.00013849  Best=0.00010067   Time=0.1  Run Time=353.7
FIRESTARTER_OPTIMIZE: Seed=0  Test=107  Generation=  5 *Result=0.00000420  Best=0.00000420   Time=0.1  Run Time=354.2
FIRESTARTER_OPTIMIZE: Seed=0  Test=107  Generation=  6  Result=0.00086915  Best=0.00000420   Time=0.1  Run Time=354.6
FIRESTARTER_OPTIMIZE: Seed=0  Test=107  Generation=  7  Result=0.00001895  Best=0.00000420   Time=0.1  Run Time=355.0
FIRESTARTER_OPTIMIZE: Seed=0  Test=107  Generation=  8  Result=0.00005605  Best=0.00000420   Time=0.1  Run Time=355.5
FIRESTARTER_OPTIMIZE: Seed=0  Test=107  Generation=  9  Result=0.00003665  Best=0.00000420   Time=0.1  Run Time=355.9
FIRESTARTER_OPTIMIZE: Seed=0  Test=107  Generation= 10  Result=0.00006221  Best=0.00000420   Time=0.1  Run Time=356.3
FIRESTARTER_OPTIMIZE: Seed=0  Test=107  Generation= 11 *Result=0.00000010  Best=0.00000010   Time=0.1  Run Time=356.7
