CUDA devices = 1
Device 0: NVIDIA GeForce RTX 4090

variations = 1
instructions = 32
registers = 30
opcodes = 2
patternOpcodes = 2

targetMin = 0.000000f
targetMax = 6.283185f
target = 0.000001f

mode = FIRESTARTER_OPTIMIZE
evolveSeed = 0
optimizeSeed = 0
tests = 256
streams = 1
units = 1
states = 1
generations = 0
population = 65536
passes = 384
attempts = 0
optimize = 1

scale = 0.300000f
startScale = 2.500000f
startResult = 10.000000f

FIRESTARTER_OPTIMIZE: Seed=0  Test= 9  Generation=  2 *Result=0.00027586  Best=0.00027586   Time=0.1  Run Time=28.3
FIRESTARTER_OPTIMIZE: Seed=0  Test= 9  Generation=  3 *Result=0.00005561  Best=0.00005561   Time=0.1  Run Time=28.7
FIRESTARTER_OPTIMIZE: Seed=0  Test= 9  Generation=  4  Result=0.00050194  Best=0.00005561   Time=0.1  Run Time=29.1
FIRESTARTER_OPTIMIZE: Seed=0  Test= 9  Generation=  5  Result=0.00066041  Best=0.00005561   Time=0.1  Run Time=29.5
FIRESTARTER_OPTIMIZE: Seed=0  Test= 9  Generation=  6  Result=0.00023981  Best=0.00005561   Time=0.1  Run Time=30.0
FIRESTARTER_OPTIMIZE: Seed=0  Test= 9  Generation=  7  Result=0.00010245  Best=0.00005561   Time=0.1  Run Time=30.4
FIRESTARTER_OPTIMIZE: Seed=0  Test= 9  Generation=  8 *Result=0.00000436  Best=0.00000436   Time=0.1  Run Time=30.8
FIRESTARTER_OPTIMIZE: Seed=0  Test= 9  Generation=  9  Result=0.00025970  Best=0.00000436   Time=0.1  Run Time=31.2
FIRESTARTER_OPTIMIZE: Seed=0  Test= 9  Generation= 10  Result=0.00000756  Best=0.00000436   Time=0.1  Run Time=31.6
FIRESTARTER_OPTIMIZE: Seed=0  Test= 9  Generation= 11 *Result=0.00000011  Best=0.00000011   Time=0.1  Run Time=32.1
