CUDA devices = 1
Device 0: NVIDIA GeForce RTX 4090

variations = 1
instructions = 32
registers = 30
opcodes = 2
patternOpcodes = 4

targetMin = 0.000000f
targetMax = 6.283185f
target = 0.000001f

mode = FIRESTARTER_OPTIMIZE
evolveSeed = 0
optimizeSeed = 0
tests = 256
streams = 1
units = 1
states = 1
generations = 0
population = 65536
passes = 384
attempts = 0
optimize = 1

scale = 0.300000f
startScale = 2.500000f
startResult = 10.000000f

FIRESTARTER_OPTIMIZE: Seed=0  Test=103  Generation=  2 *Result=0.00008094  Best=0.00008094   Time=0.1  Run Time=302.0
FIRESTARTER_OPTIMIZE: Seed=0  Test=103  Generation=  3 *Result=0.00005799  Best=0.00005799   Time=0.1  Run Time=302.4
FIRESTARTER_OPTIMIZE: Seed=0  Test=103  Generation=  4  Result=0.00009005  Best=0.00005799   Time=0.1  Run Time=302.8
FIRESTARTER_OPTIMIZE: Seed=0  Test=103  Generation=  5  Result=0.00032552  Best=0.00005799   Time=0.1  Run Time=303.3
FIRESTARTER_OPTIMIZE: Seed=0  Test=103  Generation=  6  Result=0.00006940  Best=0.00005799   Time=0.1  Run Time=303.7
FIRESTARTER_OPTIMIZE: Seed=0  Test=103  Generation=  7 *Result=0.00000185  Best=0.00000185   Time=0.1  Run Time=304.1
FIRESTARTER_OPTIMIZE: Seed=0  Test=103  Generation=  8 *Result=0.00000153  Best=0.00000153   Time=0.1  Run Time=304.6
FIRESTARTER_OPTIMIZE: Seed=0  Test=103  Generation=  9  Result=0.00000733  Best=0.00000153   Time=0.1  Run Time=305.0
FIRESTARTER_OPTIMIZE: Seed=0  Test=103  Generation= 10 *Result=0.00000011  Best=0.00000011   Time=0.1  Run Time=305.4
