CUDA devices = 1
Device 0: NVIDIA GeForce RTX 4090

variations = 1
instructions = 32
registers = 30
opcodes = 4

targetMin = 0.000000f
targetMax = 6.283185f
target = 0.000001f

mode = FIRESTARTER_OPTIMIZE
evolveSeed = 0
optimizeSeed = 0
tests = 256
streams = 1
units = 1
states = 1
generations = 0
population = 65536
passes = 384
attempts = 0
optimize = 1

scale = 0.300000f
startScale = 2.500000f
startResult = 10.000000f

FIRESTARTER_OPTIMIZE: Seed=0  Test=25  Generation=  2 *Result=0.00257078  Best=0.00257078   Time=0.1  Run Time=87.0
FIRESTARTER_OPTIMIZE: Seed=0  Test=25  Generation=  3 *Result=0.00004542  Best=0.00004542   Time=0.1  Run Time=87.4
FIRESTARTER_OPTIMIZE: Seed=0  Test=25  Generation=  4 *Result=0.00000586  Best=0.00000586   Time=0.1  Run Time=87.8
FIRESTARTER_OPTIMIZE: Seed=0  Test=25  Generation=  5  Result=0.00037769  Best=0.00000586   Time=0.1  Run Time=88.2
FIRESTARTER_OPTIMIZE: Seed=0  Test=25  Generation=  6 *Result=0.00000450  Best=0.00000450   Time=0.1  Run Time=88.7
FIRESTARTER_OPTIMIZE: Seed=0  Test=25  Generation=  7  Result=0.00028786  Best=0.00000450   Time=0.1  Run Time=89.1
FIRESTARTER_OPTIMIZE: Seed=0  Test=25  Generation=  8  Result=0.00323468  Best=0.00000450   Time=0.1  Run Time=89.5
FIRESTARTER_OPTIMIZE: Seed=0  Test=25  Generation=  9  Result=0.00006859  Best=0.00000450   Time=0.1  Run Time=89.9
FIRESTARTER_OPTIMIZE: Seed=0  Test=25  Generation= 10 *Result=0.00000110  Best=0.00000110   Time=0.1  Run Time=90.4
FIRESTARTER_OPTIMIZE: Seed=0  Test=25  Generation= 11 *Result=0.00000065  Best=0.00000065   Time=0.1  Run Time=90.8
