CUDA devices = 1
Device 0: NVIDIA GeForce RTX 4090

variations = 1
instructions = 32
registers = 30
opcodes = 2
patternOpcodes = 2

targetMin = 0.000000f
targetMax = 6.283185f
target = 0.000001f

mode = FIRESTARTER_OPTIMIZE
evolveSeed = 0
optimizeSeed = 0
tests = 256
streams = 1
units = 1
states = 1
generations = 0
population = 65536
passes = 384
attempts = 0
optimize = 1

scale = 0.300000f
startScale = 2.500000f
startResult = 10.000000f

FIRESTARTER_OPTIMIZE: Seed=0  Test=15  Generation=  2 *Result=0.00024754  Best=0.00024754   Time=0.1  Run Time=43.9
FIRESTARTER_OPTIMIZE: Seed=0  Test=15  Generation=  3  Result=0.00025280  Best=0.00024754   Time=0.1  Run Time=44.4
FIRESTARTER_OPTIMIZE: Seed=0  Test=15  Generation=  4  Result=0.00052787  Best=0.00024754   Time=0.1  Run Time=44.8
FIRESTARTER_OPTIMIZE: Seed=0  Test=15  Generation=  5 *Result=0.00007942  Best=0.00007942   Time=0.1  Run Time=45.2
FIRESTARTER_OPTIMIZE: Seed=0  Test=15  Generation=  6 *Result=0.00007425  Best=0.00007425   Time=0.1  Run Time=45.6
FIRESTARTER_OPTIMIZE: Seed=0  Test=15  Generation=  7 *Result=0.00000168  Best=0.00000168   Time=0.1  Run Time=46.0
FIRESTARTER_OPTIMIZE: Seed=0  Test=15  Generation=  8  Result=0.00012155  Best=0.00000168   Time=0.1  Run Time=46.5
FIRESTARTER_OPTIMIZE: Seed=0  Test=15  Generation=  9  Result=0.00001073  Best=0.00000168   Time=0.1  Run Time=46.9
FIRESTARTER_OPTIMIZE: Seed=0  Test=15  Generation= 10 *Result=0.00000029  Best=0.00000029   Time=0.1  Run Time=47.3
