CUDA devices = 1
Device 0: NVIDIA GeForce RTX 4090

variations = 1
instructions = 32
registers = 30
opcodes = 2
patternOpcodes = 4

targetMin = 0.000000f
targetMax = 6.283185f
target = 0.000001f

mode = FIRESTARTER_OPTIMIZE
evolveSeed = 0
optimizeSeed = 0
tests = 256
streams = 1
units = 1
states = 1
generations = 0
population = 65536
passes = 384
attempts = 0
optimize = 1

scale = 0.300000f
startScale = 2.500000f
startResult = 10.000000f

FIRESTARTER_OPTIMIZE: Seed=0  Test=227  Generation=  2 *Result=0.00637897  Best=0.00637897   Time=0.1  Run Time=789.5
FIRESTARTER_OPTIMIZE: Seed=0  Test=227  Generation=  3 *Result=0.00000863  Best=0.00000863   Time=0.1  Run Time=790.0
FIRESTARTER_OPTIMIZE: Seed=0  Test=227  Generation=  4  Result=0.00015932  Best=0.00000863   Time=0.1  Run Time=790.4
FIRESTARTER_OPTIMIZE: Seed=0  Test=227  Generation=  5  Result=0.00149527  Best=0.00000863   Time=0.1  Run Time=790.8
FIRESTARTER_OPTIMIZE: Seed=0  Test=227  Generation=  6 *Result=0.00000131  Best=0.00000131   Time=0.1  Run Time=791.3
FIRESTARTER_OPTIMIZE: Seed=0  Test=227  Generation=  7  Result=0.00000428  Best=0.00000131   Time=0.1  Run Time=791.7
FIRESTARTER_OPTIMIZE: Seed=0  Test=227  Generation=  8  Result=0.00018217  Best=0.00000131   Time=0.1  Run Time=792.1
FIRESTARTER_OPTIMIZE: Seed=0  Test=227  Generation=  9  Result=0.00025775  Best=0.00000131   Time=0.1  Run Time=792.6
FIRESTARTER_OPTIMIZE: Seed=0  Test=227  Generation= 10  Result=0.00002140  Best=0.00000131   Time=0.1  Run Time=793.0
FIRESTARTER_OPTIMIZE: Seed=0  Test=227  Generation= 11  Result=0.00009242  Best=0.00000131   Time=0.1  Run Time=793.4
FIRESTARTER_OPTIMIZE: Seed=0  Test=227  Generation= 12 *Result=0.00000032  Best=0.00000032   Time=0.1  Run Time=793.9
