CUDA devices = 2
Device 0: NVIDIA GeForce RTX 5090
Device 1: NVIDIA GeForce RTX 5090

variations = 1
instructions = 32
registers = 30
opcodes = 3

targetMin = 0.000000f
targetMax = 6.283185f
target = 0.000001f

mode = FIRESTARTER_OPTIMIZE
evolveSeed = 0
optimizeSeed = 0
tests = 256
streams = 1
units = 1
states = 1
population = 65536
generations = 0
passes = 384
samples = 15
iterations = 64
candidates = 0
attempts = 0
optimize = 1

scale = 0.300000f
startScale = 2.500000f
startResult = 10.000000f

FIRESTARTER_OPTIMIZE: Seed=0  Test=17  Generation=  2 *Result=0.00128987  Best=0.00128987   Time=0.049  Run Time=0.6
FIRESTARTER_OPTIMIZE: Seed=0  Test=17  Generation=  3 *Result=0.00001898  Best=0.00001898   Time=0.122  Run Time=1.2
FIRESTARTER_OPTIMIZE: Seed=0  Test=17  Generation=  4 *Result=0.00001657  Best=0.00001657   Time=0.049  Run Time=1.6
FIRESTARTER_OPTIMIZE: Seed=0  Test=17  Generation=  5  Result=0.00004154  Best=0.00001657   Time=0.048  Run Time=2.0
FIRESTARTER_OPTIMIZE: Seed=0  Test=17  Generation=  6  Result=0.00060782  Best=0.00001657   Time=0.046  Run Time=2.4
FIRESTARTER_OPTIMIZE: Seed=0  Test=17  Generation=  7  Result=0.00010906  Best=0.00001657   Time=0.048  Run Time=2.9
FIRESTARTER_OPTIMIZE: Seed=0  Test=17  Generation=  8  Result=0.00021988  Best=0.00001657   Time=0.049  Run Time=3.3
FIRESTARTER_OPTIMIZE: Seed=0  Test=17  Generation=  9  Result=0.00016701  Best=0.00001657   Time=0.049  Run Time=3.7
FIRESTARTER_OPTIMIZE: Seed=0  Test=17  Generation= 10  Result=0.00004867  Best=0.00001657   Time=0.048  Run Time=4.1
FIRESTARTER_OPTIMIZE: Seed=0  Test=17  Generation= 11  Result=0.00056869  Best=0.00001657   Time=0.047  Run Time=4.6
FIRESTARTER_OPTIMIZE: Seed=0  Test=17  Generation= 12  Result=0.00022797  Best=0.00001657   Time=0.048  Run Time=5.0
FIRESTARTER_OPTIMIZE: Seed=0  Test=17  Generation= 13 *Result=0.00000077  Best=0.00000077   Time=0.058  Run Time=5.4
