CUDA devices = 1
Device 0: NVIDIA GeForce RTX 4090

variations = 1
instructions = 32
registers = 30
opcodes = 2
patternOpcodes = 4

targetMin = 0.000000f
targetMax = 6.283185f
target = 0.000001f

mode = FIRESTARTER_OPTIMIZE
evolveSeed = 0
optimizeSeed = 0
tests = 256
streams = 1
units = 1
states = 1
generations = 0
population = 65536
passes = 384
attempts = 0
optimize = 1

scale = 0.300000f
startScale = 2.500000f
startResult = 10.000000f

FIRESTARTER_OPTIMIZE: Seed=0  Test=125  Generation=  2 *Result=0.00000708  Best=0.00000708   Time=0.1  Run Time=385.4
FIRESTARTER_OPTIMIZE: Seed=0  Test=125  Generation=  3  Result=0.00004899  Best=0.00000708   Time=0.1  Run Time=385.8
FIRESTARTER_OPTIMIZE: Seed=0  Test=125  Generation=  4  Result=0.00001144  Best=0.00000708   Time=0.1  Run Time=386.2
FIRESTARTER_OPTIMIZE: Seed=0  Test=125  Generation=  5  Result=0.00003222  Best=0.00000708   Time=0.1  Run Time=386.7
FIRESTARTER_OPTIMIZE: Seed=0  Test=125  Generation=  6 *Result=0.00000121  Best=0.00000121   Time=0.1  Run Time=387.1
FIRESTARTER_OPTIMIZE: Seed=0  Test=125  Generation=  7  Result=0.00006811  Best=0.00000121   Time=0.1  Run Time=387.5
FIRESTARTER_OPTIMIZE: Seed=0  Test=125  Generation=  8  Result=0.00004644  Best=0.00000121   Time=0.1  Run Time=388.0
FIRESTARTER_OPTIMIZE: Seed=0  Test=125  Generation=  9  Result=0.00010592  Best=0.00000121   Time=0.1  Run Time=388.4
FIRESTARTER_OPTIMIZE: Seed=0  Test=125  Generation= 10  Result=0.00288367  Best=0.00000121   Time=0.1  Run Time=388.8
FIRESTARTER_OPTIMIZE: Seed=0  Test=125  Generation= 11 *Result=0.00000051  Best=0.00000051   Time=0.1  Run Time=389.3
