CUDA devices = 1
Device 0: NVIDIA GeForce RTX 4090

variations = 1
instructions = 32
registers = 30
opcodes = 2
patternOpcodes = 2

targetMin = 0.000000f
targetMax = 6.283185f
target = 0.000001f

mode = FIRESTARTER_OPTIMIZE
evolveSeed = 0
optimizeSeed = 0
tests = 256
streams = 1
units = 1
states = 1
generations = 0
population = 65536
passes = 384
attempts = 0
optimize = 1

scale = 0.300000f
startScale = 2.500000f
startResult = 10.000000f

FIRESTARTER_OPTIMIZE: Seed=0  Test=244  Generation=  2 *Result=0.00000370  Best=0.00000370   Time=0.1  Run Time=822.6
FIRESTARTER_OPTIMIZE: Seed=0  Test=244  Generation=  3  Result=0.00019068  Best=0.00000370   Time=0.1  Run Time=823.0
FIRESTARTER_OPTIMIZE: Seed=0  Test=244  Generation=  4 *Result=0.00000140  Best=0.00000140   Time=0.1  Run Time=823.5
FIRESTARTER_OPTIMIZE: Seed=0  Test=244  Generation=  5  Result=0.00005399  Best=0.00000140   Time=0.1  Run Time=823.9
FIRESTARTER_OPTIMIZE: Seed=0  Test=244  Generation=  6  Result=0.00064850  Best=0.00000140   Time=0.1  Run Time=824.3
FIRESTARTER_OPTIMIZE: Seed=0  Test=244  Generation=  7  Result=0.00022602  Best=0.00000140   Time=0.1  Run Time=824.8
FIRESTARTER_OPTIMIZE: Seed=0  Test=244  Generation=  8  Result=0.00016832  Best=0.00000140   Time=0.1  Run Time=825.2
FIRESTARTER_OPTIMIZE: Seed=0  Test=244  Generation=  9  Result=0.00023208  Best=0.00000140   Time=0.1  Run Time=825.6
FIRESTARTER_OPTIMIZE: Seed=0  Test=244  Generation= 10  Result=0.00033266  Best=0.00000140   Time=0.1  Run Time=826.1
FIRESTARTER_OPTIMIZE: Seed=0  Test=244  Generation= 11 *Result=0.00000011  Best=0.00000011   Time=0.1  Run Time=826.5
