CUDA devices = 1
Device 0: NVIDIA GeForce RTX 4090

variations = 1
instructions = 32
registers = 30
opcodes = 4

targetMin = 0.000000f
targetMax = 6.283185f
target = 0.000001f

mode = FIRESTARTER_OPTIMIZE
evolveSeed = 0
optimizeSeed = 0
tests = 256
streams = 1
units = 1
states = 1
generations = 0
population = 65536
passes = 384
attempts = 0
optimize = 1

scale = 0.300000f
startScale = 2.500000f
startResult = 10.000000f

FIRESTARTER_OPTIMIZE: Seed=0  Test=128  Generation=  2 *Result=0.00019557  Best=0.00019557   Time=0.1  Run Time=432.1
FIRESTARTER_OPTIMIZE: Seed=0  Test=128  Generation=  3  Result=0.00086439  Best=0.00019557   Time=0.1  Run Time=432.6
FIRESTARTER_OPTIMIZE: Seed=0  Test=128  Generation=  4  Result=0.00094783  Best=0.00019557   Time=0.1  Run Time=433.0
FIRESTARTER_OPTIMIZE: Seed=0  Test=128  Generation=  5  Result=0.00061899  Best=0.00019557   Time=0.1  Run Time=433.4
FIRESTARTER_OPTIMIZE: Seed=0  Test=128  Generation=  6  Result=0.00103036  Best=0.00019557   Time=0.1  Run Time=433.8
FIRESTARTER_OPTIMIZE: Seed=0  Test=128  Generation=  7  Result=0.00029693  Best=0.00019557   Time=0.1  Run Time=434.3
FIRESTARTER_OPTIMIZE: Seed=0  Test=128  Generation=  8 *Result=0.00007063  Best=0.00007063   Time=0.1  Run Time=434.7
FIRESTARTER_OPTIMIZE: Seed=0  Test=128  Generation=  9  Result=0.00101719  Best=0.00007063   Time=0.1  Run Time=435.1
FIRESTARTER_OPTIMIZE: Seed=0  Test=128  Generation= 10 *Result=0.00000751  Best=0.00000751   Time=0.1  Run Time=435.6
FIRESTARTER_OPTIMIZE: Seed=0  Test=128  Generation= 11  Result=0.00001177  Best=0.00000751   Time=0.1  Run Time=436.0
FIRESTARTER_OPTIMIZE: Seed=0  Test=128  Generation= 12 *Result=0.00000075  Best=0.00000075   Time=0.1  Run Time=436.4
