CUDA devices = 1
Device 0: NVIDIA GeForce RTX 4090

variations = 1
instructions = 32
registers = 30
opcodes = 4

targetMin = 0.000000f
targetMax = 6.283185f
target = 0.000001f

mode = FIRESTARTER_OPTIMIZE
evolveSeed = 0
optimizeSeed = 0
tests = 256
streams = 1
units = 1
states = 1
generations = 0
population = 65536
passes = 384
attempts = 0
optimize = 1

scale = 0.300000f
startScale = 2.500000f
startResult = 10.000000f

FIRESTARTER_OPTIMIZE: Seed=0  Test=34  Generation=  2 *Result=0.00008666  Best=0.00008666   Time=0.1  Run Time=107.6
FIRESTARTER_OPTIMIZE: Seed=0  Test=34  Generation=  3  Result=0.00093472  Best=0.00008666   Time=0.1  Run Time=108.0
FIRESTARTER_OPTIMIZE: Seed=0  Test=34  Generation=  4  Result=0.00024243  Best=0.00008666   Time=0.1  Run Time=108.4
FIRESTARTER_OPTIMIZE: Seed=0  Test=34  Generation=  5  Result=0.00026212  Best=0.00008666   Time=0.1  Run Time=108.9
FIRESTARTER_OPTIMIZE: Seed=0  Test=34  Generation=  6  Result=0.00070688  Best=0.00008666   Time=0.1  Run Time=109.3
FIRESTARTER_OPTIMIZE: Seed=0  Test=34  Generation=  7  Result=0.00121850  Best=0.00008666   Time=0.1  Run Time=109.7
FIRESTARTER_OPTIMIZE: Seed=0  Test=34  Generation=  8  Result=0.00221576  Best=0.00008666   Time=0.1  Run Time=110.1
FIRESTARTER_OPTIMIZE: Seed=0  Test=34  Generation=  9  Result=0.00009167  Best=0.00008666   Time=0.1  Run Time=110.6
FIRESTARTER_OPTIMIZE: Seed=0  Test=34  Generation= 10 *Result=0.00000006  Best=0.00000006   Time=0.1  Run Time=111.0
