CUDA devices = 1
Device 0: NVIDIA GeForce RTX 4090

variations = 1
instructions = 32
registers = 30
opcodes = 2

targetMin = 0.000000f
targetMax = 6.283185f
target = 0.000001f

mode = FIRESTARTER_OPTIMIZE
evolveSeed = 0
optimizeSeed = 0
tests = 256
streams = 1
units = 1
states = 1
generations = 0
population = 65536
passes = 384
attempts = 0
optimize = 1

scale = 0.300000f
startScale = 2.500000f
startResult = 10.000000f

FIRESTARTER_OPTIMIZE: Seed=0  Test=50  Generation=  2 *Result=0.00014061  Best=0.00014061   Time=0.1  Run Time=158.3
FIRESTARTER_OPTIMIZE: Seed=0  Test=50  Generation=  3 *Result=0.00003858  Best=0.00003858   Time=0.1  Run Time=158.7
FIRESTARTER_OPTIMIZE: Seed=0  Test=50  Generation=  4  Result=0.00067946  Best=0.00003858   Time=0.1  Run Time=159.2
FIRESTARTER_OPTIMIZE: Seed=0  Test=50  Generation=  5  Result=0.00022057  Best=0.00003858   Time=0.1  Run Time=159.6
FIRESTARTER_OPTIMIZE: Seed=0  Test=50  Generation=  6  Result=0.00004169  Best=0.00003858   Time=0.1  Run Time=160.0
FIRESTARTER_OPTIMIZE: Seed=0  Test=50  Generation=  7  Result=0.00005565  Best=0.00003858   Time=0.1  Run Time=160.5
FIRESTARTER_OPTIMIZE: Seed=0  Test=50  Generation=  8 *Result=0.00000390  Best=0.00000390   Time=0.1  Run Time=160.9
FIRESTARTER_OPTIMIZE: Seed=0  Test=50  Generation=  9  Result=0.00006437  Best=0.00000390   Time=0.1  Run Time=161.3
FIRESTARTER_OPTIMIZE: Seed=0  Test=50  Generation= 10 *Result=0.00000021  Best=0.00000021   Time=0.2  Run Time=161.9
