CUDA devices = 1
Device 0: NVIDIA GeForce RTX 4090

variations = 1
instructions = 32
registers = 30
opcodes = 3

targetMin = 0.000000f
targetMax = 6.283185f
target = 0.000001f

mode = FIRESTARTER_OPTIMIZE
evolveSeed = 0
optimizeSeed = 0
tests = 256
streams = 1
units = 1
states = 1
generations = 0
population = 65536
passes = 384
attempts = 0
optimize = 1

scale = 0.300000f
startScale = 2.500000f
startResult = 10.000000f

FIRESTARTER_OPTIMIZE: Seed=0  Test=84  Generation=  2 *Result=0.00008230  Best=0.00008230   Time=0.1  Run Time=205.2
FIRESTARTER_OPTIMIZE: Seed=0  Test=84  Generation=  3  Result=0.00093781  Best=0.00008230   Time=0.1  Run Time=205.6
FIRESTARTER_OPTIMIZE: Seed=0  Test=84  Generation=  4  Result=0.00012110  Best=0.00008230   Time=0.1  Run Time=205.9
FIRESTARTER_OPTIMIZE: Seed=0  Test=84  Generation=  5 *Result=0.00002235  Best=0.00002235   Time=0.1  Run Time=206.2
FIRESTARTER_OPTIMIZE: Seed=0  Test=84  Generation=  6 *Result=0.00000578  Best=0.00000578   Time=0.1  Run Time=206.5
FIRESTARTER_OPTIMIZE: Seed=0  Test=84  Generation=  7  Result=0.00003037  Best=0.00000578   Time=0.1  Run Time=206.9
FIRESTARTER_OPTIMIZE: Seed=0  Test=84  Generation=  8  Result=0.00018231  Best=0.00000578   Time=0.1  Run Time=207.2
FIRESTARTER_OPTIMIZE: Seed=0  Test=84  Generation=  9  Result=0.00463900  Best=0.00000578   Time=0.1  Run Time=207.5
FIRESTARTER_OPTIMIZE: Seed=0  Test=84  Generation= 10  Result=0.00007552  Best=0.00000578   Time=0.1  Run Time=207.9
FIRESTARTER_OPTIMIZE: Seed=0  Test=84  Generation= 11 *Result=0.00000012  Best=0.00000012   Time=0.1  Run Time=208.2
