CUDA devices = 1
Device 0: NVIDIA GeForce RTX 4090

variations = 1
instructions = 32
registers = 30
opcodes = 3

targetMin = 0.000000f
targetMax = 6.283185f
target = 0.000001f

mode = FIRESTARTER_OPTIMIZE
evolveSeed = 0
optimizeSeed = 0
tests = 256
streams = 1
units = 1
states = 1
population = 65536
generations = 0
passes = 384
samples = 15
iterations = 64
candidates = 0
attempts = 0
optimize = 1

scale = 0.300000f
startScale = 2.500000f
startResult = 10.000000f

FIRESTARTER_OPTIMIZE: Seed=0  Test=122  Generation=  2 *Result=0.00038983  Best=0.00038983   Time=0.097  Run Time=0.6
FIRESTARTER_OPTIMIZE: Seed=0  Test=122  Generation=  3  Result=0.00371941  Best=0.00038983   Time=0.095  Run Time=1.0
FIRESTARTER_OPTIMIZE: Seed=0  Test=122  Generation=  4  Result=0.00093437  Best=0.00038983   Time=0.095  Run Time=1.5
FIRESTARTER_OPTIMIZE: Seed=0  Test=122  Generation=  5 *Result=0.00000410  Best=0.00000410   Time=0.096  Run Time=1.9
FIRESTARTER_OPTIMIZE: Seed=0  Test=122  Generation=  6  Result=0.00015211  Best=0.00000410   Time=0.095  Run Time=2.3
FIRESTARTER_OPTIMIZE: Seed=0  Test=122  Generation=  7  Result=0.00006500  Best=0.00000410   Time=0.096  Run Time=2.8
FIRESTARTER_OPTIMIZE: Seed=0  Test=122  Generation=  8  Result=0.00002842  Best=0.00000410   Time=0.095  Run Time=3.2
FIRESTARTER_OPTIMIZE: Seed=0  Test=122  Generation=  9  Result=0.00003988  Best=0.00000410   Time=0.095  Run Time=3.6
FIRESTARTER_OPTIMIZE: Seed=0  Test=122  Generation= 10 *Result=0.00000137  Best=0.00000137   Time=0.094  Run Time=4.0
FIRESTARTER_OPTIMIZE: Seed=0  Test=122  Generation= 11 *Result=0.00000083  Best=0.00000083   Time=0.095  Run Time=4.5
