CUDA devices = 1
Device 0: NVIDIA GeForce RTX 4090

variations = 1
instructions = 32
registers = 30
opcodes = 3

targetMin = 0.000000f
targetMax = 6.283185f
target = 0.000001f

mode = FIRESTARTER_EVOLVE_GPU
evolveSeed = 0
optimizeSeed = 0
tests = 256
streams = 1
units = 1
states = 1
population = 65536
generations = 0
passes = 256
samples = 15
iterations = 64
candidates = 0
optimize = 1

scale = 0.300000f
startScale = 2.500000f
startResult = 10.000000f


FIRESTARTER_EVOLVE_GPU: Seed=0  Test=53  Generation=  2  Old Result=10.00000000 *New Result=0.00002035  MinIndex=0  EvolveAge=0  Best=0.00002035   BestAge=0  Time=0.065  Run Time=0.5
FIRESTARTER_EVOLVE_GPU: Seed=0  Test=53  Generation=  3  Old Result=10.00000000 >New Result=0.00006176  MinIndex=0  EvolveAge=0  Best=0.00002035   BestAge=2  Time=0.064  Run Time=0.8
FIRESTARTER_EVOLVE_GPU: Seed=0  Test=53  Generation=  4  Old Result=10.00000000 >New Result=0.00075293  MinIndex=0  EvolveAge=0  Best=0.00002035   BestAge=4  Time=0.062  Run Time=1.1
FIRESTARTER_EVOLVE_GPU: Seed=0  Test=53  Generation=  5  Old Result=10.00000000 >New Result=0.00002238  MinIndex=0  EvolveAge=0  Best=0.00002035   BestAge=6  Time=0.062  Run Time=1.4
FIRESTARTER_EVOLVE_GPU: Seed=0  Test=53  Generation=  6  Old Result=10.00000000 >New Result=0.00070312  MinIndex=0  EvolveAge=0  Best=0.00002035   BestAge=8  Time=0.062  Run Time=1.7
FIRESTARTER_EVOLVE_GPU: Seed=0  Test=53  Generation=  7  Old Result=10.00000000 >New Result=0.00004736  MinIndex=0  EvolveAge=0  Best=0.00002035   BestAge=10  Time=0.043  Run Time=2.0
FIRESTARTER_EVOLVE_GPU: Seed=0  Test=53  Generation=  8  Old Result=10.00000000 >New Result=0.00018937  MinIndex=0  EvolveAge=0  Best=0.00002035   BestAge=12  Time=0.063  Run Time=2.3
FIRESTARTER_EVOLVE_GPU: Seed=0  Test=53  Generation=  9  Old Result=10.00000000 >New Result=0.00039952  MinIndex=0  EvolveAge=0  Best=0.00002035   BestAge=14  Time=0.044  Run Time=2.6
FIRESTARTER_EVOLVE_GPU: Seed=0  Test=53  Generation= 10  Old Result=10.00000000 *New Result=0.00000377  MinIndex=0  EvolveAge=0  Best=0.00000377   BestAge=0  Time=0.046  Run Time=2.9
FIRESTARTER_EVOLVE_GPU: Seed=0  Test=53  Generation= 11  Old Result=10.00000000 >New Result=0.00030516  MinIndex=0  EvolveAge=0  Best=0.00000377   BestAge=2  Time=0.044  Run Time=3.1
FIRESTARTER_EVOLVE_GPU: Seed=0  Test=53  Generation= 12  Old Result=10.00000000 >New Result=0.00070172  MinIndex=0  EvolveAge=0  Best=0.00000377   BestAge=4  Time=0.045  Run Time=3.4
FIRESTARTER_EVOLVE_GPU: Seed=0  Test=53  Generation= 13  Old Result=10.00000000 >New Result=0.00032733  MinIndex=0  EvolveAge=0  Best=0.00000377   BestAge=6  Time=0.044  Run Time=3.6
FIRESTARTER_EVOLVE_GPU: Seed=0  Test=53  Generation= 14  Old Result=10.00000000 *New Result=0.00000077  MinIndex=0  EvolveAge=0  Best=0.00000077   BestAge=0  Time=0.064  Run Time=4.0
