CUDA devices = 1
Device 0: NVIDIA GeForce RTX 4090

variations = 1
instructions = 32
registers = 30
opcodes = 2
patternOpcodes = 2

targetMin = 0.000000f
targetMax = 6.283185f
target = 0.000001f

mode = FIRESTARTER_OPTIMIZE
evolveSeed = 0
optimizeSeed = 0
tests = 256
streams = 1
units = 1
states = 1
generations = 0
population = 65536
passes = 384
attempts = 0
optimize = 1

scale = 0.300000f
startScale = 2.500000f
startResult = 10.000000f

FIRESTARTER_OPTIMIZE: Seed=0  Test=27  Generation=  2 *Result=0.00000442  Best=0.00000442   Time=0.1  Run Time=77.7
FIRESTARTER_OPTIMIZE: Seed=0  Test=27  Generation=  3  Result=0.00002233  Best=0.00000442   Time=0.1  Run Time=78.1
FIRESTARTER_OPTIMIZE: Seed=0  Test=27  Generation=  4  Result=0.00018844  Best=0.00000442   Time=0.1  Run Time=78.5
FIRESTARTER_OPTIMIZE: Seed=0  Test=27  Generation=  5  Result=0.00010672  Best=0.00000442   Time=0.1  Run Time=79.0
FIRESTARTER_OPTIMIZE: Seed=0  Test=27  Generation=  6 *Result=0.00000113  Best=0.00000113   Time=0.1  Run Time=79.4
FIRESTARTER_OPTIMIZE: Seed=0  Test=27  Generation=  7  Result=0.00022035  Best=0.00000113   Time=0.1  Run Time=79.8
FIRESTARTER_OPTIMIZE: Seed=0  Test=27  Generation=  8 *Result=0.00000080  Best=0.00000080   Time=0.1  Run Time=80.2
