CUDA devices = 1
Device 0: NVIDIA GeForce RTX 4090

variations = 1
instructions = 32
registers = 30
opcodes = 3

targetMin = 0.000000f
targetMax = 6.283185f
target = 0.000001f

mode = FIRESTARTER_OPTIMIZE
evolveSeed = 0
optimizeSeed = 0
tests = 256
streams = 1
units = 1
states = 1
population = 65536
generations = 0
passes = 512
samples = 15
iterations = 64
candidates = 0
optimize = 1

scale = 0.300000f
startScale = 2.500000f
startResult = 10.000000f

FIRESTARTER_OPTIMIZE: Seed=0  Test=89  Generation=  2 *Result=0.00012171  Best=0.00012171   Time=0.124  Run Time=0.7
FIRESTARTER_OPTIMIZE: Seed=0  Test=89  Generation=  3 *Result=0.00002509  Best=0.00002509   Time=0.123  Run Time=1.0
FIRESTARTER_OPTIMIZE: Seed=0  Test=89  Generation=  4  Result=0.00014859  Best=0.00002509   Time=0.121  Run Time=1.3
FIRESTARTER_OPTIMIZE: Seed=0  Test=89  Generation=  5  Result=0.00002968  Best=0.00002509   Time=0.122  Run Time=1.6
FIRESTARTER_OPTIMIZE: Seed=0  Test=89  Generation=  6  Result=0.00002709  Best=0.00002509   Time=0.124  Run Time=2.2
FIRESTARTER_OPTIMIZE: Seed=0  Test=89  Generation=  7  Result=0.00003454  Best=0.00002509   Time=0.123  Run Time=2.5
FIRESTARTER_OPTIMIZE: Seed=0  Test=89  Generation=  8 *Result=0.00002158  Best=0.00002158   Time=0.127  Run Time=2.8
FIRESTARTER_OPTIMIZE: Seed=0  Test=89  Generation=  9  Result=0.00002921  Best=0.00002158   Time=0.124  Run Time=3.1
FIRESTARTER_OPTIMIZE: Seed=0  Test=89  Generation= 10 *Result=0.00000566  Best=0.00000566   Time=0.126  Run Time=3.5
FIRESTARTER_OPTIMIZE: Seed=0  Test=89  Generation= 11  Result=0.00065294  Best=0.00000566   Time=0.124  Run Time=4.0
FIRESTARTER_OPTIMIZE: Seed=0  Test=89  Generation= 12 *Result=0.00000122  Best=0.00000122   Time=0.120  Run Time=4.5
FIRESTARTER_OPTIMIZE: Seed=0  Test=89  Generation= 13 *Result=0.00000009  Best=0.00000009   Time=0.124  Run Time=5.0
