CUDA devices = 2
Device 0: NVIDIA GeForce RTX 5090
Device 1: NVIDIA GeForce RTX 5090

variations = 1
instructions = 32
registers = 30
opcodes = 3

targetMin = 0.000000f
targetMax = 6.283185f
target = 0.000001f

mode = FIRESTARTER_OPTIMIZE
evolveSeed = 0
optimizeSeed = 0
tests = 256
streams = 1
units = 1
states = 1
population = 65536
generations = 0
passes = 384
samples = 15
iterations = 64
candidates = 0
attempts = 0
optimize = 1

scale = 0.300000f
startScale = 2.500000f
startResult = 10.000000f

FIRESTARTER_OPTIMIZE: Seed=0  Test=153  Generation=  2 *Result=0.00010427  Best=0.00010427   Time=0.050  Run Time=0.6
FIRESTARTER_OPTIMIZE: Seed=0  Test=153  Generation=  3  Result=0.00012389  Best=0.00010427   Time=0.048  Run Time=1.0
FIRESTARTER_OPTIMIZE: Seed=0  Test=153  Generation=  4  Result=0.00030587  Best=0.00010427   Time=0.056  Run Time=1.5
FIRESTARTER_OPTIMIZE: Seed=0  Test=153  Generation=  5  Result=0.00091955  Best=0.00010427   Time=0.047  Run Time=1.9
FIRESTARTER_OPTIMIZE: Seed=0  Test=153  Generation=  6  Result=0.00089496  Best=0.00010427   Time=0.049  Run Time=2.3
FIRESTARTER_OPTIMIZE: Seed=0  Test=153  Generation=  7  Result=0.00011103  Best=0.00010427   Time=0.046  Run Time=2.7
FIRESTARTER_OPTIMIZE: Seed=0  Test=153  Generation=  8 *Result=0.00000852  Best=0.00000852   Time=0.050  Run Time=3.1
FIRESTARTER_OPTIMIZE: Seed=0  Test=153  Generation=  9 *Result=0.00000596  Best=0.00000596   Time=0.049  Run Time=3.6
FIRESTARTER_OPTIMIZE: Seed=0  Test=153  Generation= 10  Result=0.00001127  Best=0.00000596   Time=0.047  Run Time=4.0
FIRESTARTER_OPTIMIZE: Seed=0  Test=153  Generation= 11 *Result=0.00000185  Best=0.00000185   Time=0.049  Run Time=4.4
FIRESTARTER_OPTIMIZE: Seed=0  Test=153  Generation= 12 *Result=0.00000024  Best=0.00000024   Time=0.048  Run Time=4.9
