CUDA devices = 1
Device 0: NVIDIA GeForce RTX 4090

variations = 1
instructions = 32
registers = 30
opcodes = 2
patternOpcodes = 2

targetMin = 0.000000f
targetMax = 6.283185f
target = 0.000001f

mode = FIRESTARTER_OPTIMIZE
evolveSeed = 0
optimizeSeed = 0
tests = 256
streams = 1
units = 1
states = 1
generations = 0
population = 65536
passes = 384
attempts = 0
optimize = 1

scale = 0.300000f
startScale = 2.500000f
startResult = 10.000000f

FIRESTARTER_OPTIMIZE: Seed=0  Test=220  Generation=  2 *Result=0.00028064  Best=0.00028064   Time=0.1  Run Time=747.3
FIRESTARTER_OPTIMIZE: Seed=0  Test=220  Generation=  3 *Result=0.00000590  Best=0.00000590   Time=0.1  Run Time=747.8
FIRESTARTER_OPTIMIZE: Seed=0  Test=220  Generation=  4 *Result=0.00000207  Best=0.00000207   Time=0.1  Run Time=748.2
FIRESTARTER_OPTIMIZE: Seed=0  Test=220  Generation=  5  Result=0.00006494  Best=0.00000207   Time=0.1  Run Time=748.6
FIRESTARTER_OPTIMIZE: Seed=0  Test=220  Generation=  6  Result=0.00001955  Best=0.00000207   Time=0.1  Run Time=749.0
FIRESTARTER_OPTIMIZE: Seed=0  Test=220  Generation=  7  Result=0.00002508  Best=0.00000207   Time=0.1  Run Time=749.5
FIRESTARTER_OPTIMIZE: Seed=0  Test=220  Generation=  8 *Result=0.00000173  Best=0.00000173   Time=0.1  Run Time=749.9
FIRESTARTER_OPTIMIZE: Seed=0  Test=220  Generation=  9 *Result=0.00000054  Best=0.00000054   Time=0.1  Run Time=750.4
