CUDA devices = 2
Device 0: NVIDIA GeForce RTX 5090
Device 1: NVIDIA GeForce RTX 5090

variations = 1
instructions = 32
registers = 30
opcodes = 3

targetMin = 0.000000f
targetMax = 6.283185f
target = 0.000001f

mode = FIRESTARTER_EVOLVE_GPU
evolveSeed = 0
optimizeSeed = 0
tests = 256
streams = 1
units = 1
states = 1
population = 65536
generations = 0
passes = 256
samples = 15
iterations = 64
candidates = 0
optimize = 1

scale = 0.300000f
startScale = 2.500000f
startResult = 10.000000f


FIRESTARTER_EVOLVE_GPU: Seed=0  Test=29  Generation=  1  Old Result=10.00000000 *New Result=0.00000406  MinIndex=0  EvolveAge=0  Best=0.00000406   BestAge=0  Time=0.034  Run Time=0.7
FIRESTARTER_EVOLVE_GPU: Seed=0  Test=29  Generation=  1  Old Result=10.00000000 >New Result=0.00003746  MinIndex=0  EvolveAge=0  Best=0.00000406   BestAge=2  Time=0.032  Run Time=1.0
FIRESTARTER_EVOLVE_GPU: Seed=0  Test=29  Generation=  1  Old Result=10.00000000 >New Result=0.00111708  MinIndex=0  EvolveAge=0  Best=0.00000406   BestAge=4  Time=0.032  Run Time=1.2
FIRESTARTER_EVOLVE_GPU: Seed=0  Test=29  Generation=  1  Old Result=10.00000000 >New Result=0.00005118  MinIndex=0  EvolveAge=0  Best=0.00000406   BestAge=6  Time=0.032  Run Time=1.5
FIRESTARTER_EVOLVE_GPU: Seed=0  Test=29  Generation=  1  Old Result=10.00000000 >New Result=0.00003896  MinIndex=0  EvolveAge=0  Best=0.00000406   BestAge=8  Time=0.031  Run Time=1.8
FIRESTARTER_EVOLVE_GPU: Seed=0  Test=29  Generation=  1  Old Result=10.00000000 >New Result=0.00001228  MinIndex=0  EvolveAge=0  Best=0.00000406   BestAge=10  Time=0.032  Run Time=2.0
FIRESTARTER_EVOLVE_GPU: Seed=0  Test=29  Generation=  1  Old Result=10.00000000 >New Result=0.00670846  MinIndex=0  EvolveAge=0  Best=0.00000406   BestAge=12  Time=0.032  Run Time=2.3
FIRESTARTER_EVOLVE_GPU: Seed=0  Test=29  Generation=  1  Old Result=10.00000000 >New Result=0.00018772  MinIndex=0  EvolveAge=0  Best=0.00000406   BestAge=14  Time=0.041  Run Time=2.6
FIRESTARTER_EVOLVE_GPU: Seed=0  Test=29  Generation=  1  Old Result=10.00000000 *New Result=0.00000023  MinIndex=0  EvolveAge=0  Best=0.00000023   BestAge=0  Time=0.043  Run Time=2.9
