CUDA devices = 1
Device 0: NVIDIA GeForce RTX 4090

variations = 1
instructions = 32
registers = 30
opcodes = 2
patternOpcodes = 4

targetMin = 0.000000f
targetMax = 6.283185f
target = 0.000001f

mode = FIRESTARTER_OPTIMIZE
evolveSeed = 0
optimizeSeed = 0
tests = 256
streams = 1
units = 1
states = 1
generations = 0
population = 65536
passes = 384
attempts = 0
optimize = 1

scale = 0.300000f
startScale = 2.500000f
startResult = 10.000000f

FIRESTARTER_OPTIMIZE: Seed=0  Test= 7  Generation=  2 *Result=0.00007518  Best=0.00007518   Time=0.1  Run Time=24.3
FIRESTARTER_OPTIMIZE: Seed=0  Test= 7  Generation=  3  Result=0.00027561  Best=0.00007518   Time=0.1  Run Time=24.7
FIRESTARTER_OPTIMIZE: Seed=0  Test= 7  Generation=  4  Result=0.00010767  Best=0.00007518   Time=0.1  Run Time=25.1
FIRESTARTER_OPTIMIZE: Seed=0  Test= 7  Generation=  5 *Result=0.00001714  Best=0.00001714   Time=0.1  Run Time=25.5
FIRESTARTER_OPTIMIZE: Seed=0  Test= 7  Generation=  6  Result=0.00004790  Best=0.00001714   Time=0.1  Run Time=26.0
FIRESTARTER_OPTIMIZE: Seed=0  Test= 7  Generation=  7 *Result=0.00000160  Best=0.00000160   Time=0.1  Run Time=26.4
FIRESTARTER_OPTIMIZE: Seed=0  Test= 7  Generation=  8  Result=0.00036475  Best=0.00000160   Time=0.1  Run Time=26.8
FIRESTARTER_OPTIMIZE: Seed=0  Test= 7  Generation=  9  Result=0.00000753  Best=0.00000160   Time=0.1  Run Time=27.3
FIRESTARTER_OPTIMIZE: Seed=0  Test= 7  Generation= 10 *Result=0.00000012  Best=0.00000012   Time=0.1  Run Time=27.7
