CUDA devices = 1
Device 0: NVIDIA GeForce RTX 4090

variations = 1
instructions = 32
registers = 30
opcodes = 4

targetMin = 0.000000f
targetMax = 6.283185f
target = 0.000001f

mode = FIRESTARTER_OPTIMIZE
evolveSeed = 0
optimizeSeed = 0
tests = 256
streams = 1
units = 1
states = 1
generations = 0
population = 65536
passes = 384
attempts = 0
optimize = 1

scale = 0.300000f
startScale = 2.500000f
startResult = 10.000000f

FIRESTARTER_OPTIMIZE: Seed=0  Test=246  Generation=  2 *Result=0.00022700  Best=0.00022700   Time=0.1  Run Time=841.8
FIRESTARTER_OPTIMIZE: Seed=0  Test=246  Generation=  3  Result=0.00249898  Best=0.00022700   Time=0.1  Run Time=842.2
FIRESTARTER_OPTIMIZE: Seed=0  Test=246  Generation=  4  Result=0.00084867  Best=0.00022700   Time=0.1  Run Time=842.7
FIRESTARTER_OPTIMIZE: Seed=0  Test=246  Generation=  5  Result=0.00026386  Best=0.00022700   Time=0.1  Run Time=843.1
FIRESTARTER_OPTIMIZE: Seed=0  Test=246  Generation=  6 *Result=0.00018226  Best=0.00018226   Time=0.1  Run Time=843.6
FIRESTARTER_OPTIMIZE: Seed=0  Test=246  Generation=  7 *Result=0.00000055  Best=0.00000055   Time=0.1  Run Time=844.0
