CUDA devices = 1
Device 0: NVIDIA GeForce RTX 4090

variations = 1
instructions = 32
registers = 30
opcodes = 2

targetMin = 0.000000f
targetMax = 6.283185f
target = 0.000001f

mode = FIRESTARTER_OPTIMIZE
evolveSeed = 0
optimizeSeed = 0
tests = 256
streams = 1
units = 1
states = 1
generations = 0
population = 65536
passes = 384
attempts = 0
optimize = 1

scale = 0.300000f
startScale = 2.500000f
startResult = 10.000000f

FIRESTARTER_OPTIMIZE: Seed=0  Test=227  Generation=  2 *Result=0.00054173  Best=0.00054173   Time=0.1  Run Time=803.0
FIRESTARTER_OPTIMIZE: Seed=0  Test=227  Generation=  3 *Result=0.00017905  Best=0.00017905   Time=0.1  Run Time=803.4
FIRESTARTER_OPTIMIZE: Seed=0  Test=227  Generation=  4 *Result=0.00002515  Best=0.00002515   Time=0.1  Run Time=803.9
FIRESTARTER_OPTIMIZE: Seed=0  Test=227  Generation=  5  Result=0.00017792  Best=0.00002515   Time=0.1  Run Time=804.3
FIRESTARTER_OPTIMIZE: Seed=0  Test=227  Generation=  6  Result=0.00003081  Best=0.00002515   Time=0.1  Run Time=804.8
FIRESTARTER_OPTIMIZE: Seed=0  Test=227  Generation=  7 *Result=0.00000029  Best=0.00000029   Time=0.1  Run Time=805.2
