CUDA devices = 1
Device 0: NVIDIA GeForce RTX 4090

variations = 1
instructions = 32
registers = 30
opcodes = 2

targetMin = 0.000000f
targetMax = 6.283185f
target = 0.000001f

mode = FIRESTARTER_OPTIMIZE
evolveSeed = 0
optimizeSeed = 0
tests = 256
streams = 1
units = 1
states = 1
generations = 0
population = 65536
passes = 384
attempts = 0
optimize = 1

scale = 0.300000f
startScale = 2.500000f
startResult = 10.000000f

FIRESTARTER_OPTIMIZE: Seed=0  Test=55  Generation=  2 *Result=0.00018540  Best=0.00018540   Time=0.1  Run Time=181.9
FIRESTARTER_OPTIMIZE: Seed=0  Test=55  Generation=  3  Result=0.00040117  Best=0.00018540   Time=0.1  Run Time=182.3
FIRESTARTER_OPTIMIZE: Seed=0  Test=55  Generation=  4  Result=0.00021139  Best=0.00018540   Time=0.1  Run Time=182.7
FIRESTARTER_OPTIMIZE: Seed=0  Test=55  Generation=  5  Result=0.00198744  Best=0.00018540   Time=0.1  Run Time=183.2
FIRESTARTER_OPTIMIZE: Seed=0  Test=55  Generation=  6 *Result=0.00015688  Best=0.00015688   Time=0.1  Run Time=183.6
FIRESTARTER_OPTIMIZE: Seed=0  Test=55  Generation=  7 *Result=0.00005112  Best=0.00005112   Time=0.1  Run Time=184.1
FIRESTARTER_OPTIMIZE: Seed=0  Test=55  Generation=  8 *Result=0.00001609  Best=0.00001609   Time=0.1  Run Time=184.5
FIRESTARTER_OPTIMIZE: Seed=0  Test=55  Generation=  9 *Result=0.00000010  Best=0.00000010   Time=0.1  Run Time=185.0
