CUDA devices = 1
Device 0: NVIDIA GeForce RTX 4090

variations = 1
instructions = 32
registers = 30
opcodes = 2
patternOpcodes = 4

targetMin = 0.000000f
targetMax = 6.283185f
target = 0.000001f

mode = FIRESTARTER_OPTIMIZE
evolveSeed = 0
optimizeSeed = 0
tests = 256
streams = 1
units = 1
states = 1
generations = 0
population = 65536
passes = 384
attempts = 0
optimize = 1

scale = 0.300000f
startScale = 2.500000f
startResult = 10.000000f

FIRESTARTER_OPTIMIZE: Seed=0  Test=57  Generation=  2 *Result=0.00009588  Best=0.00009588   Time=0.1  Run Time=151.2
FIRESTARTER_OPTIMIZE: Seed=0  Test=57  Generation=  3  Result=0.00023090  Best=0.00009588   Time=0.1  Run Time=151.7
FIRESTARTER_OPTIMIZE: Seed=0  Test=57  Generation=  4  Result=0.00150034  Best=0.00009588   Time=0.1  Run Time=152.1
FIRESTARTER_OPTIMIZE: Seed=0  Test=57  Generation=  5  Result=0.00058293  Best=0.00009588   Time=0.1  Run Time=152.5
FIRESTARTER_OPTIMIZE: Seed=0  Test=57  Generation=  6 *Result=0.00004007  Best=0.00004007   Time=0.1  Run Time=153.0
FIRESTARTER_OPTIMIZE: Seed=0  Test=57  Generation=  7 *Result=0.00001408  Best=0.00001408   Time=0.1  Run Time=153.4
FIRESTARTER_OPTIMIZE: Seed=0  Test=57  Generation=  8  Result=0.00003171  Best=0.00001408   Time=0.1  Run Time=153.9
FIRESTARTER_OPTIMIZE: Seed=0  Test=57  Generation=  9 *Result=0.00000054  Best=0.00000054   Time=0.1  Run Time=154.3
