CUDA devices = 1
Device 0: NVIDIA GeForce RTX 4090

variations = 1
instructions = 32
registers = 30
opcodes = 4

targetMin = 0.000000f
targetMax = 6.283185f
target = 0.000001f

mode = FIRESTARTER_OPTIMIZE
evolveSeed = 0
optimizeSeed = 0
tests = 256
streams = 1
units = 1
states = 1
generations = 0
population = 65536
passes = 384
attempts = 0
optimize = 1

scale = 0.300000f
startScale = 2.500000f
startResult = 10.000000f

FIRESTARTER_OPTIMIZE: Seed=0  Test=80  Generation=  2 *Result=0.00614040  Best=0.00614040   Time=0.1  Run Time=254.5
FIRESTARTER_OPTIMIZE: Seed=0  Test=80  Generation=  3 *Result=0.00105077  Best=0.00105077   Time=0.1  Run Time=254.9
FIRESTARTER_OPTIMIZE: Seed=0  Test=80  Generation=  4 *Result=0.00079576  Best=0.00079576   Time=0.1  Run Time=255.3
FIRESTARTER_OPTIMIZE: Seed=0  Test=80  Generation=  5 *Result=0.00008486  Best=0.00008486   Time=0.1  Run Time=255.8
FIRESTARTER_OPTIMIZE: Seed=0  Test=80  Generation=  6 *Result=0.00007522  Best=0.00007522   Time=0.1  Run Time=256.2
FIRESTARTER_OPTIMIZE: Seed=0  Test=80  Generation=  7  Result=0.00011485  Best=0.00007522   Time=0.1  Run Time=256.6
FIRESTARTER_OPTIMIZE: Seed=0  Test=80  Generation=  8  Result=0.00036428  Best=0.00007522   Time=0.1  Run Time=257.0
FIRESTARTER_OPTIMIZE: Seed=0  Test=80  Generation=  9 *Result=0.00001544  Best=0.00001544   Time=0.1  Run Time=257.5
FIRESTARTER_OPTIMIZE: Seed=0  Test=80  Generation= 10 *Result=0.00000078  Best=0.00000078   Time=0.1  Run Time=257.9
