CUDA devices = 1
Device 0: NVIDIA GeForce RTX 4090

variations = 1
instructions = 32
registers = 30
opcodes = 2
patternOpcodes = 4

targetMin = 0.000000f
targetMax = 6.283185f
target = 0.000001f

mode = FIRESTARTER_OPTIMIZE
evolveSeed = 0
optimizeSeed = 0
tests = 256
streams = 1
units = 1
states = 1
generations = 0
population = 65536
passes = 384
attempts = 0
optimize = 1

scale = 0.300000f
startScale = 2.500000f
startResult = 10.000000f

FIRESTARTER_OPTIMIZE: Seed=0  Test=56  Generation=  2 *Result=0.00025303  Best=0.00025303   Time=0.1  Run Time=147.1
FIRESTARTER_OPTIMIZE: Seed=0  Test=56  Generation=  3  Result=0.00073149  Best=0.00025303   Time=0.1  Run Time=147.5
FIRESTARTER_OPTIMIZE: Seed=0  Test=56  Generation=  4  Result=0.00079333  Best=0.00025303   Time=0.1  Run Time=148.0
FIRESTARTER_OPTIMIZE: Seed=0  Test=56  Generation=  5 *Result=0.00010254  Best=0.00010254   Time=0.1  Run Time=148.4
FIRESTARTER_OPTIMIZE: Seed=0  Test=56  Generation=  6  Result=0.00023372  Best=0.00010254   Time=0.1  Run Time=148.8
FIRESTARTER_OPTIMIZE: Seed=0  Test=56  Generation=  7 *Result=0.00000374  Best=0.00000374   Time=0.1  Run Time=149.3
FIRESTARTER_OPTIMIZE: Seed=0  Test=56  Generation=  8  Result=0.00120606  Best=0.00000374   Time=0.1  Run Time=149.7
FIRESTARTER_OPTIMIZE: Seed=0  Test=56  Generation=  9  Result=0.00001192  Best=0.00000374   Time=0.1  Run Time=150.1
FIRESTARTER_OPTIMIZE: Seed=0  Test=56  Generation= 10 *Result=0.00000098  Best=0.00000098   Time=0.1  Run Time=150.6
