CUDA devices = 1
Device 0: NVIDIA GeForce RTX 4090

variations = 1
instructions = 32
registers = 30
opcodes = 4

targetMin = 0.000000f
targetMax = 6.283185f
target = 0.000001f

mode = FIRESTARTER_OPTIMIZE
evolveSeed = 0
optimizeSeed = 0
tests = 256
streams = 1
units = 1
states = 1
generations = 0
population = 65536
passes = 384
attempts = 0
optimize = 1

scale = 0.300000f
startScale = 2.500000f
startResult = 10.000000f

FIRESTARTER_OPTIMIZE: Seed=0  Test=52  Generation=  2 *Result=0.00005029  Best=0.00005029   Time=0.1  Run Time=166.9
FIRESTARTER_OPTIMIZE: Seed=0  Test=52  Generation=  3  Result=0.00018668  Best=0.00005029   Time=0.1  Run Time=167.3
FIRESTARTER_OPTIMIZE: Seed=0  Test=52  Generation=  4 *Result=0.00000136  Best=0.00000136   Time=0.1  Run Time=167.7
FIRESTARTER_OPTIMIZE: Seed=0  Test=52  Generation=  5  Result=0.00007651  Best=0.00000136   Time=0.1  Run Time=168.2
FIRESTARTER_OPTIMIZE: Seed=0  Test=52  Generation=  6  Result=0.00160237  Best=0.00000136   Time=0.1  Run Time=168.6
FIRESTARTER_OPTIMIZE: Seed=0  Test=52  Generation=  7  Result=0.00082764  Best=0.00000136   Time=0.1  Run Time=169.0
FIRESTARTER_OPTIMIZE: Seed=0  Test=52  Generation=  8  Result=0.00093449  Best=0.00000136   Time=0.1  Run Time=169.4
FIRESTARTER_OPTIMIZE: Seed=0  Test=52  Generation=  9 *Result=0.00000027  Best=0.00000027   Time=0.1  Run Time=169.9
