CUDA devices = 1
Device 0: NVIDIA GeForce RTX 4090

variations = 1
instructions = 32
registers = 30
opcodes = 3

targetMin = 0.000000f
targetMax = 6.283185f
target = 0.000001f

mode = FIRESTARTER_OPTIMIZE
evolveSeed = 0
optimizeSeed = 0
tests = 256
streams = 1
units = 1
states = 1
generations = 0
population = 65536
passes = 384
attempts = 0
optimize = 1

scale = 0.300000f
startScale = 2.500000f
startResult = 10.000000f

FIRESTARTER_OPTIMIZE: Seed=0  Test=23  Generation=  2 *Result=0.00011057  Best=0.00011057   Time=0.1  Run Time=61.1
FIRESTARTER_OPTIMIZE: Seed=0  Test=23  Generation=  3  Result=0.00021529  Best=0.00011057   Time=0.1  Run Time=61.5
FIRESTARTER_OPTIMIZE: Seed=0  Test=23  Generation=  4  Result=0.00017035  Best=0.00011057   Time=0.1  Run Time=61.8
FIRESTARTER_OPTIMIZE: Seed=0  Test=23  Generation=  5 *Result=0.00000122  Best=0.00000122   Time=0.1  Run Time=62.1
FIRESTARTER_OPTIMIZE: Seed=0  Test=23  Generation=  6  Result=0.00017613  Best=0.00000122   Time=0.1  Run Time=62.5
FIRESTARTER_OPTIMIZE: Seed=0  Test=23  Generation=  7  Result=0.00000929  Best=0.00000122   Time=0.1  Run Time=62.8
FIRESTARTER_OPTIMIZE: Seed=0  Test=23  Generation=  8  Result=0.00000924  Best=0.00000122   Time=0.1  Run Time=63.1
FIRESTARTER_OPTIMIZE: Seed=0  Test=23  Generation=  9  Result=0.00000415  Best=0.00000122   Time=0.1  Run Time=63.4
FIRESTARTER_OPTIMIZE: Seed=0  Test=23  Generation= 10  Result=0.00003851  Best=0.00000122   Time=0.1  Run Time=63.8
FIRESTARTER_OPTIMIZE: Seed=0  Test=23  Generation= 11  Result=0.00050379  Best=0.00000122   Time=0.1  Run Time=64.1
FIRESTARTER_OPTIMIZE: Seed=0  Test=23  Generation= 12 *Result=0.00000011  Best=0.00000011   Time=0.1  Run Time=64.4
