CUDA devices = 1
Device 0: NVIDIA GeForce RTX 4090

variations = 1
instructions = 32
registers = 30
opcodes = 2

targetMin = 0.000000f
targetMax = 6.283185f
target = 0.000001f

mode = FIRESTARTER_OPTIMIZE
evolveSeed = 0
optimizeSeed = 0
tests = 256
streams = 1
units = 1
states = 1
generations = 0
population = 65536
passes = 384
attempts = 0
optimize = 1

scale = 0.300000f
startScale = 2.500000f
startResult = 10.000000f

FIRESTARTER_OPTIMIZE: Seed=0  Test=96  Generation=  2 *Result=0.00016115  Best=0.00016115   Time=0.1  Run Time=319.3
FIRESTARTER_OPTIMIZE: Seed=0  Test=96  Generation=  3  Result=0.00019505  Best=0.00016115   Time=0.1  Run Time=319.8
FIRESTARTER_OPTIMIZE: Seed=0  Test=96  Generation=  4 *Result=0.00011516  Best=0.00011516   Time=0.2  Run Time=320.3
FIRESTARTER_OPTIMIZE: Seed=0  Test=96  Generation=  5 *Result=0.00001475  Best=0.00001475   Time=0.1  Run Time=320.8
FIRESTARTER_OPTIMIZE: Seed=0  Test=96  Generation=  6  Result=0.00160983  Best=0.00001475   Time=0.1  Run Time=321.2
FIRESTARTER_OPTIMIZE: Seed=0  Test=96  Generation=  7 *Result=0.00000026  Best=0.00000026   Time=0.1  Run Time=321.7
