CUDA devices = 1
Device 0: NVIDIA GeForce RTX 4090

variations = 1
instructions = 32
registers = 30
opcodes = 3

targetMin = 0.000000f
targetMax = 6.283185f
target = 0.000001f

mode = FIRESTARTER_OPTIMIZE
evolveSeed = 0
optimizeSeed = 0
tests = 256
streams = 1
units = 1
states = 1
generations = 0
population = 65536
passes = 384
attempts = 0
optimize = 1

scale = 0.300000f
startScale = 2.500000f
startResult = 10.000000f

FIRESTARTER_OPTIMIZE: Seed=0  Test= 1  Generation=  2 *Result=0.00006500  Best=0.00006500   Time=0.101  Run Time=1.0
FIRESTARTER_OPTIMIZE: Seed=0  Test= 1  Generation=  3 *Result=0.00000618  Best=0.00000618   Time=0.097  Run Time=1.6
FIRESTARTER_OPTIMIZE: Seed=0  Test= 1  Generation=  4  Result=0.00130220  Best=0.00000618   Time=0.097  Run Time=2.2
FIRESTARTER_OPTIMIZE: Seed=0  Test= 1  Generation=  5  Result=0.00005394  Best=0.00000618   Time=0.095  Run Time=2.8
FIRESTARTER_OPTIMIZE: Seed=0  Test= 1  Generation=  6  Result=0.00018233  Best=0.00000618   Time=0.099  Run Time=3.4
FIRESTARTER_OPTIMIZE: Seed=0  Test= 1  Generation=  7  Result=0.00020024  Best=0.00000618   Time=0.095  Run Time=4.1
FIRESTARTER_OPTIMIZE: Seed=0  Test= 1  Generation=  8  Result=0.00050092  Best=0.00000618   Time=0.092  Run Time=4.7
FIRESTARTER_OPTIMIZE: Seed=0  Test= 1  Generation=  9 *Result=0.00000021  Best=0.00000021   Time=0.093  Run Time=5.3
