CUDA devices = 1
Device 0: NVIDIA GeForce RTX 4090

variations = 3
instructions = 32
registers = 30
opcodes = 3

targetMin = 0.000000f
targetMax = 6.283185f
target = 0.000001f

mode = FIRESTARTER_RANDOM
evolveSeed = 0
optimizeSeed = 0
tests = 11000
streams = 8
units = 1
states = 1
generations = 0
population = 262144
passes = 512
attempts = 0
optimize = 0

scale = 0.300000f
startScale = 2.500000f
startResult = 10.000000f

FIRESTARTER_RANDOM: Seed=         0  Generation=  0  Result=1.15733111  Best=1.15733111  BestError=0.00000000  BestSeed=         0  Time=16.7284 Seconds  Run Time=187.1786 Seconds  Result=1.15733111
