CUDA devices = 1
Device 0: NVIDIA GeForce RTX 4090

variations = 1
instructions = 32
registers = 30
opcodes = 2

targetMin = 0.000000f
targetMax = 6.283185f
target = 0.000001f

mode = FIRESTARTER_OPTIMIZE
evolveSeed = 0
optimizeSeed = 0
tests = 256
streams = 1
units = 1
states = 1
generations = 0
population = 65536
passes = 384
attempts = 0
optimize = 1

scale = 0.300000f
startScale = 2.500000f
startResult = 10.000000f

FIRESTARTER_OPTIMIZE: Seed=0  Test=31  Generation=  2 *Result=0.00002409  Best=0.00002409   Time=0.2  Run Time=103.0
FIRESTARTER_OPTIMIZE: Seed=0  Test=31  Generation=  3  Result=0.00017975  Best=0.00002409   Time=0.1  Run Time=103.4
FIRESTARTER_OPTIMIZE: Seed=0  Test=31  Generation=  4  Result=0.00040171  Best=0.00002409   Time=0.1  Run Time=103.8
FIRESTARTER_OPTIMIZE: Seed=0  Test=31  Generation=  5  Result=0.00022164  Best=0.00002409   Time=0.1  Run Time=104.2
FIRESTARTER_OPTIMIZE: Seed=0  Test=31  Generation=  6 *Result=0.00000006  Best=0.00000006   Time=0.1  Run Time=104.7
