CUDA devices = 1
Device 0: NVIDIA GeForce RTX 4090

variations = 1
instructions = 32
registers = 30
opcodes = 2

targetMin = 0.000000f
targetMax = 6.283185f
target = 0.000001f

mode = FIRESTARTER_OPTIMIZE
evolveSeed = 0
optimizeSeed = 0
tests = 256
streams = 1
units = 1
states = 1
generations = 0
population = 65536
passes = 384
attempts = 0
optimize = 1

scale = 0.300000f
startScale = 2.500000f
startResult = 10.000000f

FIRESTARTER_OPTIMIZE: Seed=0  Test=245  Generation=  2 *Result=0.00000125  Best=0.00000125   Time=0.1  Run Time=880.7
FIRESTARTER_OPTIMIZE: Seed=0  Test=245  Generation=  3  Result=0.00001538  Best=0.00000125   Time=0.1  Run Time=881.1
FIRESTARTER_OPTIMIZE: Seed=0  Test=245  Generation=  4  Result=0.00003098  Best=0.00000125   Time=0.1  Run Time=881.6
FIRESTARTER_OPTIMIZE: Seed=0  Test=245  Generation=  5  Result=0.00006115  Best=0.00000125   Time=0.1  Run Time=882.0
FIRESTARTER_OPTIMIZE: Seed=0  Test=245  Generation=  6  Result=0.00005281  Best=0.00000125   Time=0.1  Run Time=882.5
FIRESTARTER_OPTIMIZE: Seed=0  Test=245  Generation=  7  Result=0.00022387  Best=0.00000125   Time=0.1  Run Time=882.9
FIRESTARTER_OPTIMIZE: Seed=0  Test=245  Generation=  8  Result=0.00017381  Best=0.00000125   Time=0.1  Run Time=883.3
FIRESTARTER_OPTIMIZE: Seed=0  Test=245  Generation=  9  Result=0.00000161  Best=0.00000125   Time=0.1  Run Time=883.8
FIRESTARTER_OPTIMIZE: Seed=0  Test=245  Generation= 10 *Result=0.00000016  Best=0.00000016   Time=0.1  Run Time=884.2
