CUDA devices = 1
Device 0: NVIDIA GeForce RTX 4090

variations = 1
instructions = 32
registers = 30
opcodes = 2
patternOpcodes = 2

targetMin = 0.000000f
targetMax = 6.283185f
target = 0.000001f

mode = FIRESTARTER_OPTIMIZE
evolveSeed = 0
optimizeSeed = 0
tests = 256
streams = 1
units = 1
states = 1
generations = 0
population = 65536
passes = 384
attempts = 0
optimize = 1

scale = 0.300000f
startScale = 2.500000f
startResult = 10.000000f

FIRESTARTER_OPTIMIZE: Seed=0  Test=224  Generation=  2 *Result=0.00002795  Best=0.00002795   Time=0.1  Run Time=754.3
FIRESTARTER_OPTIMIZE: Seed=0  Test=224  Generation=  3  Result=0.00200114  Best=0.00002795   Time=0.1  Run Time=754.7
FIRESTARTER_OPTIMIZE: Seed=0  Test=224  Generation=  4  Result=0.00014021  Best=0.00002795   Time=0.1  Run Time=755.1
FIRESTARTER_OPTIMIZE: Seed=0  Test=224  Generation=  5 *Result=0.00000203  Best=0.00000203   Time=0.1  Run Time=755.5
FIRESTARTER_OPTIMIZE: Seed=0  Test=224  Generation=  6  Result=0.00006571  Best=0.00000203   Time=0.1  Run Time=756.0
FIRESTARTER_OPTIMIZE: Seed=0  Test=224  Generation=  7  Result=0.00018251  Best=0.00000203   Time=0.1  Run Time=756.5
FIRESTARTER_OPTIMIZE: Seed=0  Test=224  Generation=  8 *Result=0.00000030  Best=0.00000030   Time=0.1  Run Time=756.9
