CUDA devices = 1
Device 0: NVIDIA GeForce RTX 4090

variations = 1
instructions = 32
registers = 30
opcodes = 2

targetMin = 0.000000f
targetMax = 6.283185f
target = 0.000001f

mode = FIRESTARTER_OPTIMIZE
evolveSeed = 0
optimizeSeed = 0
tests = 256
streams = 1
units = 1
states = 1
generations = 0
population = 65536
passes = 384
attempts = 0
optimize = 1

scale = 0.300000f
startScale = 2.500000f
startResult = 10.000000f

FIRESTARTER_OPTIMIZE: Seed=0  Test=214  Generation=  2 *Result=0.00000349  Best=0.00000349   Time=0.1  Run Time=764.1
FIRESTARTER_OPTIMIZE: Seed=0  Test=214  Generation=  3  Result=0.00021542  Best=0.00000349   Time=0.1  Run Time=764.5
FIRESTARTER_OPTIMIZE: Seed=0  Test=214  Generation=  4  Result=0.00003661  Best=0.00000349   Time=0.1  Run Time=765.0
FIRESTARTER_OPTIMIZE: Seed=0  Test=214  Generation=  5  Result=0.00223893  Best=0.00000349   Time=0.1  Run Time=765.4
FIRESTARTER_OPTIMIZE: Seed=0  Test=214  Generation=  6  Result=0.00031919  Best=0.00000349   Time=0.1  Run Time=765.9
FIRESTARTER_OPTIMIZE: Seed=0  Test=214  Generation=  7  Result=0.00290117  Best=0.00000349   Time=0.1  Run Time=766.3
FIRESTARTER_OPTIMIZE: Seed=0  Test=214  Generation=  8  Result=0.00057197  Best=0.00000349   Time=0.1  Run Time=766.7
FIRESTARTER_OPTIMIZE: Seed=0  Test=214  Generation=  9  Result=0.00614164  Best=0.00000349   Time=0.1  Run Time=767.2
FIRESTARTER_OPTIMIZE: Seed=0  Test=214  Generation= 10  Result=0.00027427  Best=0.00000349   Time=0.1  Run Time=767.6
FIRESTARTER_OPTIMIZE: Seed=0  Test=214  Generation= 11 *Result=0.00000013  Best=0.00000013   Time=0.1  Run Time=768.0
