CUDA devices = 1
Device 0: NVIDIA GeForce RTX 4090

variations = 1
instructions = 32
registers = 30
opcodes = 3

targetMin = 0.000000f
targetMax = 6.283185f
target = 0.000001f

mode = FIRESTARTER_OPTIMIZE
evolveSeed = 0
optimizeSeed = 0
tests = 256
streams = 1
units = 1
states = 1
population = 65536
generations = 0
passes = 512
samples = 15
iterations = 64
candidates = 0
optimize = 1

scale = 0.300000f
startScale = 2.500000f
startResult = 10.000000f

FIRESTARTER_OPTIMIZE: Seed=0  Test=159  Generation=  2 *Result=0.00002714  Best=0.00002714   Time=0.127  Run Time=0.7
FIRESTARTER_OPTIMIZE: Seed=0  Test=159  Generation=  3  Result=0.00503883  Best=0.00002714   Time=0.122  Run Time=1.2
FIRESTARTER_OPTIMIZE: Seed=0  Test=159  Generation=  4  Result=0.00614087  Best=0.00002714   Time=0.121  Run Time=1.5
FIRESTARTER_OPTIMIZE: Seed=0  Test=159  Generation=  5  Result=0.00013184  Best=0.00002714   Time=0.124  Run Time=2.1
FIRESTARTER_OPTIMIZE: Seed=0  Test=159  Generation=  6  Result=0.00042394  Best=0.00002714   Time=0.122  Run Time=2.4
FIRESTARTER_OPTIMIZE: Seed=0  Test=159  Generation=  7 *Result=0.00000022  Best=0.00000022   Time=0.123  Run Time=2.9
