CUDA devices = 1
Device 0: NVIDIA GeForce RTX 4090

variations = 1
instructions = 32
registers = 30
opcodes = 2
patternOpcodes = 2

targetMin = 0.000000f
targetMax = 6.283185f
target = 0.000001f

mode = FIRESTARTER_OPTIMIZE
evolveSeed = 0
optimizeSeed = 0
tests = 256
streams = 1
units = 1
states = 1
generations = 0
population = 65536
passes = 384
attempts = 0
optimize = 1

scale = 0.300000f
startScale = 2.500000f
startResult = 10.000000f

FIRESTARTER_OPTIMIZE: Seed=0  Test=226  Generation=  2 *Result=0.00008264  Best=0.00008264   Time=0.1  Run Time=760.4
FIRESTARTER_OPTIMIZE: Seed=0  Test=226  Generation=  3  Result=0.00017855  Best=0.00008264   Time=0.1  Run Time=760.9
FIRESTARTER_OPTIMIZE: Seed=0  Test=226  Generation=  4 *Result=0.00006795  Best=0.00006795   Time=0.1  Run Time=761.3
FIRESTARTER_OPTIMIZE: Seed=0  Test=226  Generation=  5  Result=0.00061692  Best=0.00006795   Time=0.1  Run Time=761.7
FIRESTARTER_OPTIMIZE: Seed=0  Test=226  Generation=  6 *Result=0.00005437  Best=0.00005437   Time=0.1  Run Time=762.2
FIRESTARTER_OPTIMIZE: Seed=0  Test=226  Generation=  7  Result=0.00027685  Best=0.00005437   Time=0.1  Run Time=762.6
FIRESTARTER_OPTIMIZE: Seed=0  Test=226  Generation=  8 *Result=0.00001669  Best=0.00001669   Time=0.1  Run Time=763.0
FIRESTARTER_OPTIMIZE: Seed=0  Test=226  Generation=  9 *Result=0.00001460  Best=0.00001460   Time=0.1  Run Time=763.5
FIRESTARTER_OPTIMIZE: Seed=0  Test=226  Generation= 10 *Result=0.00000031  Best=0.00000031   Time=0.1  Run Time=763.9
