CUDA devices = 1
Device 0: NVIDIA GeForce RTX 4090

variations = 1
instructions = 32
registers = 30
opcodes = 2

targetMin = 0.000000f
targetMax = 6.283185f
target = 0.000001f

mode = FIRESTARTER_OPTIMIZE
evolveSeed = 0
optimizeSeed = 0
tests = 256
streams = 1
units = 1
states = 1
generations = 0
population = 65536
passes = 384
attempts = 0
optimize = 1

scale = 0.300000f
startScale = 2.500000f
startResult = 10.000000f

FIRESTARTER_OPTIMIZE: Seed=0  Test=201  Generation=  2 *Result=0.00000392  Best=0.00000392   Time=0.1  Run Time=719.2
FIRESTARTER_OPTIMIZE: Seed=0  Test=201  Generation=  3  Result=0.00023466  Best=0.00000392   Time=0.1  Run Time=719.7
FIRESTARTER_OPTIMIZE: Seed=0  Test=201  Generation=  4  Result=0.00002635  Best=0.00000392   Time=0.1  Run Time=720.1
FIRESTARTER_OPTIMIZE: Seed=0  Test=201  Generation=  5  Result=0.00000919  Best=0.00000392   Time=0.1  Run Time=720.5
FIRESTARTER_OPTIMIZE: Seed=0  Test=201  Generation=  6  Result=0.00018833  Best=0.00000392   Time=0.1  Run Time=721.0
FIRESTARTER_OPTIMIZE: Seed=0  Test=201  Generation=  7  Result=0.00025020  Best=0.00000392   Time=0.1  Run Time=721.4
FIRESTARTER_OPTIMIZE: Seed=0  Test=201  Generation=  8  Result=0.00027019  Best=0.00000392   Time=0.1  Run Time=721.9
FIRESTARTER_OPTIMIZE: Seed=0  Test=201  Generation=  9  Result=0.00000653  Best=0.00000392   Time=0.1  Run Time=722.3
FIRESTARTER_OPTIMIZE: Seed=0  Test=201  Generation= 10 *Result=0.00000017  Best=0.00000017   Time=0.1  Run Time=722.7
