CUDA devices = 1
Device 0: NVIDIA GeForce RTX 4090

variations = 1
instructions = 32
registers = 30
opcodes = 3

targetMin = 0.000000f
targetMax = 6.283185f
target = 0.000001f

mode = FIRESTARTER_OPTIMIZE
evolveSeed = 0
optimizeSeed = 0
tests = 256
streams = 1
units = 1
states = 1
generations = 0
population = 65536
passes = 384
attempts = 0
optimize = 1

scale = 0.300000f
startScale = 2.500000f
startResult = 10.000000f

FIRESTARTER_OPTIMIZE: Seed=0  Test=175  Generation=  2 *Result=0.00021946  Best=0.00021946   Time=0.1  Run Time=388.9
FIRESTARTER_OPTIMIZE: Seed=0  Test=175  Generation=  3 *Result=0.00008132  Best=0.00008132   Time=0.1  Run Time=389.3
FIRESTARTER_OPTIMIZE: Seed=0  Test=175  Generation=  4  Result=0.00017108  Best=0.00008132   Time=0.1  Run Time=389.6
FIRESTARTER_OPTIMIZE: Seed=0  Test=175  Generation=  5  Result=0.00021069  Best=0.00008132   Time=0.1  Run Time=389.9
FIRESTARTER_OPTIMIZE: Seed=0  Test=175  Generation=  6  Result=0.00010948  Best=0.00008132   Time=0.1  Run Time=390.3
FIRESTARTER_OPTIMIZE: Seed=0  Test=175  Generation=  7  Result=0.00022199  Best=0.00008132   Time=0.1  Run Time=390.6
FIRESTARTER_OPTIMIZE: Seed=0  Test=175  Generation=  8 *Result=0.00005281  Best=0.00005281   Time=0.1  Run Time=390.9
FIRESTARTER_OPTIMIZE: Seed=0  Test=175  Generation=  9 *Result=0.00004373  Best=0.00004373   Time=0.1  Run Time=391.3
FIRESTARTER_OPTIMIZE: Seed=0  Test=175  Generation= 10  Result=0.00006956  Best=0.00004373   Time=0.1  Run Time=391.6
FIRESTARTER_OPTIMIZE: Seed=0  Test=175  Generation= 11  Result=0.00019026  Best=0.00004373   Time=0.1  Run Time=391.9
FIRESTARTER_OPTIMIZE: Seed=0  Test=175  Generation= 12 *Result=0.00000085  Best=0.00000085   Time=0.1  Run Time=392.2
