CUDA devices = 1
Device 0: NVIDIA GeForce RTX 4090

variations = 1
instructions = 32
registers = 30
opcodes = 3

targetMin = 0.000000f
targetMax = 6.283185f
target = 0.000001f

mode = FIRESTARTER_OPTIMIZE
evolveSeed = 0
optimizeSeed = 0
tests = 256
streams = 1
units = 1
states = 1
population = 65536
generations = 0
passes = 384
samples = 15
iterations = 64
candidates = 0
attempts = 0
optimize = 1

scale = 0.300000f
startScale = 2.500000f
startResult = 10.000000f

FIRESTARTER_OPTIMIZE: Seed=0  Test=218  Generation=  2 *Result=0.00045529  Best=0.00045529   Time=0.102  Run Time=0.6
FIRESTARTER_OPTIMIZE: Seed=0  Test=218  Generation=  3 *Result=0.00002529  Best=0.00002529   Time=0.171  Run Time=1.1
FIRESTARTER_OPTIMIZE: Seed=0  Test=218  Generation=  4 *Result=0.00001729  Best=0.00001729   Time=0.097  Run Time=1.6
FIRESTARTER_OPTIMIZE: Seed=0  Test=218  Generation=  5  Result=0.00002811  Best=0.00001729   Time=0.098  Run Time=2.1
FIRESTARTER_OPTIMIZE: Seed=0  Test=218  Generation=  6 *Result=0.00000072  Best=0.00000072   Time=0.101  Run Time=2.5
