CUDA devices = 1
Device 0: NVIDIA GeForce RTX 4090

variations = 1
instructions = 32
registers = 30
opcodes = 3

targetMin = 0.000000f
targetMax = 6.283185f
target = 0.000001f

mode = FIRESTARTER_OPTIMIZE
evolveSeed = 0
optimizeSeed = 0
tests = 256
streams = 1
units = 1
states = 1
population = 65536
generations = 0
passes = 512
samples = 15
iterations = 64
candidates = 0
optimize = 1

scale = 0.300000f
startScale = 2.500000f
startResult = 10.000000f

FIRESTARTER_OPTIMIZE: Seed=0  Test=196  Generation=  2 *Result=0.00174434  Best=0.00174434   Time=0.124  Run Time=0.7
FIRESTARTER_OPTIMIZE: Seed=0  Test=196  Generation=  3 *Result=0.00000193  Best=0.00000193   Time=0.129  Run Time=1.2
FIRESTARTER_OPTIMIZE: Seed=0  Test=196  Generation=  4  Result=0.00000213  Best=0.00000193   Time=0.124  Run Time=1.5
FIRESTARTER_OPTIMIZE: Seed=0  Test=196  Generation=  5  Result=0.00000234  Best=0.00000193   Time=0.125  Run Time=1.9
FIRESTARTER_OPTIMIZE: Seed=0  Test=196  Generation=  6  Result=0.00004853  Best=0.00000193   Time=0.118  Run Time=2.4
FIRESTARTER_OPTIMIZE: Seed=0  Test=196  Generation=  7  Result=0.00025864  Best=0.00000193   Time=0.119  Run Time=2.7
FIRESTARTER_OPTIMIZE: Seed=0  Test=196  Generation=  8  Result=0.00012663  Best=0.00000193   Time=0.119  Run Time=3.0
FIRESTARTER_OPTIMIZE: Seed=0  Test=196  Generation=  9 *Result=0.00000036  Best=0.00000036   Time=0.209  Run Time=3.4
