CUDA devices = 1
Device 0: NVIDIA GeForce RTX 4090

variations = 1
instructions = 32
registers = 30
opcodes = 3

targetMin = 0.000000f
targetMax = 6.283185f
target = 0.000001f

mode = FIRESTARTER_OPTIMIZE
evolveSeed = 0
optimizeSeed = 0
tests = 256
streams = 1
units = 1
states = 1
population = 65536
generations = 0
passes = 512
samples = 15
iterations = 64
candidates = 0
optimize = 1

scale = 0.300000f
startScale = 2.500000f
startResult = 10.000000f

FIRESTARTER_OPTIMIZE: Seed=0  Test=254  Generation=  2 *Result=0.00030575  Best=0.00030575   Time=0.125  Run Time=0.7
FIRESTARTER_OPTIMIZE: Seed=0  Test=254  Generation=  3  Result=0.00037690  Best=0.00030575   Time=0.122  Run Time=1.0
FIRESTARTER_OPTIMIZE: Seed=0  Test=254  Generation=  4 *Result=0.00001887  Best=0.00001887   Time=0.127  Run Time=1.6
FIRESTARTER_OPTIMIZE: Seed=0  Test=254  Generation=  5  Result=0.00018245  Best=0.00001887   Time=0.128  Run Time=2.1
FIRESTARTER_OPTIMIZE: Seed=0  Test=254  Generation=  6  Result=0.00005266  Best=0.00001887   Time=0.123  Run Time=2.7
FIRESTARTER_OPTIMIZE: Seed=0  Test=254  Generation=  7  Result=0.00006586  Best=0.00001887   Time=0.127  Run Time=3.3
FIRESTARTER_OPTIMIZE: Seed=0  Test=254  Generation=  8  Result=0.00003290  Best=0.00001887   Time=0.126  Run Time=3.6
FIRESTARTER_OPTIMIZE: Seed=0  Test=254  Generation=  9 *Result=0.00000318  Best=0.00000318   Time=0.124  Run Time=4.0
FIRESTARTER_OPTIMIZE: Seed=0  Test=254  Generation= 10 *Result=0.00000078  Best=0.00000078   Time=0.126  Run Time=4.6
