CUDA devices = 1
Device 0: NVIDIA GeForce RTX 4090

variations = 1
instructions = 32
registers = 30
opcodes = 2
patternOpcodes = 2

targetMin = 0.000000f
targetMax = 6.283185f
target = 0.000001f

mode = FIRESTARTER_OPTIMIZE
evolveSeed = 0
optimizeSeed = 0
tests = 256
streams = 1
units = 1
states = 1
generations = 0
population = 65536
passes = 384
attempts = 0
optimize = 1

scale = 0.300000f
startScale = 2.500000f
startResult = 10.000000f

FIRESTARTER_OPTIMIZE: Seed=0  Test=79  Generation=  2 *Result=0.00006307  Best=0.00006307   Time=0.1  Run Time=264.9
FIRESTARTER_OPTIMIZE: Seed=0  Test=79  Generation=  3 *Result=0.00002223  Best=0.00002223   Time=0.1  Run Time=265.3
FIRESTARTER_OPTIMIZE: Seed=0  Test=79  Generation=  4  Result=0.00018954  Best=0.00002223   Time=0.1  Run Time=265.8
FIRESTARTER_OPTIMIZE: Seed=0  Test=79  Generation=  5 *Result=0.00000334  Best=0.00000334   Time=0.1  Run Time=266.2
FIRESTARTER_OPTIMIZE: Seed=0  Test=79  Generation=  6  Result=0.00171340  Best=0.00000334   Time=0.1  Run Time=266.6
FIRESTARTER_OPTIMIZE: Seed=0  Test=79  Generation=  7  Result=0.00006801  Best=0.00000334   Time=0.1  Run Time=267.0
FIRESTARTER_OPTIMIZE: Seed=0  Test=79  Generation=  8  Result=0.00000372  Best=0.00000334   Time=0.1  Run Time=267.5
FIRESTARTER_OPTIMIZE: Seed=0  Test=79  Generation=  9  Result=0.00093818  Best=0.00000334   Time=0.1  Run Time=267.9
FIRESTARTER_OPTIMIZE: Seed=0  Test=79  Generation= 10 *Result=0.00000012  Best=0.00000012   Time=0.1  Run Time=268.4
