CUDA devices = 1
Device 0: NVIDIA GeForce RTX 4090

variations = 1
instructions = 32
registers = 30
opcodes = 4

targetMin = 0.000000f
targetMax = 6.283185f
target = 0.000001f

mode = FIRESTARTER_OPTIMIZE
evolveSeed = 0
optimizeSeed = 0
tests = 256
streams = 1
units = 1
states = 1
generations = 0
population = 65536
passes = 384
attempts = 0
optimize = 1

scale = 0.300000f
startScale = 2.500000f
startResult = 10.000000f

FIRESTARTER_OPTIMIZE: Seed=0  Test=198  Generation=  2 *Result=0.00004041  Best=0.00004041   Time=0.1  Run Time=679.8
FIRESTARTER_OPTIMIZE: Seed=0  Test=198  Generation=  3  Result=0.00042866  Best=0.00004041   Time=0.1  Run Time=680.2
FIRESTARTER_OPTIMIZE: Seed=0  Test=198  Generation=  4 *Result=0.00001237  Best=0.00001237   Time=0.1  Run Time=680.7
FIRESTARTER_OPTIMIZE: Seed=0  Test=198  Generation=  5  Result=0.00001323  Best=0.00001237   Time=0.1  Run Time=681.1
FIRESTARTER_OPTIMIZE: Seed=0  Test=198  Generation=  6  Result=0.00010661  Best=0.00001237   Time=0.1  Run Time=681.5
FIRESTARTER_OPTIMIZE: Seed=0  Test=198  Generation=  7 *Result=0.00000411  Best=0.00000411   Time=0.2  Run Time=682.1
FIRESTARTER_OPTIMIZE: Seed=0  Test=198  Generation=  8 *Result=0.00000066  Best=0.00000066   Time=0.1  Run Time=682.5
