CUDA devices = 1
Device 0: NVIDIA GeForce RTX 4090

variations = 1
instructions = 32
registers = 30
opcodes = 2

targetMin = 0.000000f
targetMax = 6.283185f
target = 0.000001f

mode = FIRESTARTER_OPTIMIZE
evolveSeed = 0
optimizeSeed = 0
tests = 256
streams = 1
units = 1
states = 1
generations = 0
population = 65536
passes = 384
attempts = 0
optimize = 1

scale = 0.300000f
startScale = 2.500000f
startResult = 10.000000f

FIRESTARTER_OPTIMIZE: Seed=0  Test=192  Generation=  2 *Result=0.00003815  Best=0.00003815   Time=0.1  Run Time=699.3
FIRESTARTER_OPTIMIZE: Seed=0  Test=192  Generation=  3 *Result=0.00000277  Best=0.00000277   Time=0.1  Run Time=699.7
FIRESTARTER_OPTIMIZE: Seed=0  Test=192  Generation=  4  Result=0.00005305  Best=0.00000277   Time=0.1  Run Time=700.2
FIRESTARTER_OPTIMIZE: Seed=0  Test=192  Generation=  5  Result=0.00001846  Best=0.00000277   Time=0.1  Run Time=700.6
FIRESTARTER_OPTIMIZE: Seed=0  Test=192  Generation=  6  Result=0.00003176  Best=0.00000277   Time=0.1  Run Time=701.0
FIRESTARTER_OPTIMIZE: Seed=0  Test=192  Generation=  7  Result=0.00004720  Best=0.00000277   Time=0.1  Run Time=701.5
FIRESTARTER_OPTIMIZE: Seed=0  Test=192  Generation=  8  Result=0.00011108  Best=0.00000277   Time=0.1  Run Time=701.9
FIRESTARTER_OPTIMIZE: Seed=0  Test=192  Generation=  9  Result=0.00001245  Best=0.00000277   Time=0.1  Run Time=702.3
FIRESTARTER_OPTIMIZE: Seed=0  Test=192  Generation= 10 *Result=0.00000015  Best=0.00000015   Time=0.1  Run Time=702.8
