CUDA devices = 1
Device 0: NVIDIA GeForce RTX 4090

variations = 1
instructions = 32
registers = 30
opcodes = 2

targetMin = 0.000000f
targetMax = 6.283185f
target = 0.000001f

mode = FIRESTARTER_OPTIMIZE
evolveSeed = 0
optimizeSeed = 0
tests = 256
streams = 1
units = 1
states = 1
generations = 0
population = 65536
passes = 384
attempts = 0
optimize = 1

scale = 0.300000f
startScale = 2.500000f
startResult = 10.000000f

FIRESTARTER_OPTIMIZE: Seed=0  Test=240  Generation=  2 *Result=0.00062364  Best=0.00062364   Time=0.1  Run Time=858.0
FIRESTARTER_OPTIMIZE: Seed=0  Test=240  Generation=  3  Result=0.00159603  Best=0.00062364   Time=0.1  Run Time=858.4
FIRESTARTER_OPTIMIZE: Seed=0  Test=240  Generation=  4 *Result=0.00005251  Best=0.00005251   Time=0.1  Run Time=858.8
FIRESTARTER_OPTIMIZE: Seed=0  Test=240  Generation=  5  Result=0.00028610  Best=0.00005251   Time=0.1  Run Time=859.3
FIRESTARTER_OPTIMIZE: Seed=0  Test=240  Generation=  6 *Result=0.00001663  Best=0.00001663   Time=0.1  Run Time=859.7
FIRESTARTER_OPTIMIZE: Seed=0  Test=240  Generation=  7  Result=0.00018248  Best=0.00001663   Time=0.1  Run Time=860.2
FIRESTARTER_OPTIMIZE: Seed=0  Test=240  Generation=  8  Result=0.00005205  Best=0.00001663   Time=0.1  Run Time=860.6
FIRESTARTER_OPTIMIZE: Seed=0  Test=240  Generation=  9  Result=0.00011402  Best=0.00001663   Time=0.1  Run Time=861.0
FIRESTARTER_OPTIMIZE: Seed=0  Test=240  Generation= 10 *Result=0.00000228  Best=0.00000228   Time=0.1  Run Time=861.5
FIRESTARTER_OPTIMIZE: Seed=0  Test=240  Generation= 11 *Result=0.00000015  Best=0.00000015   Time=0.1  Run Time=861.9
