CUDA devices = 1
Device 0: NVIDIA GeForce RTX 4090

variations = 1
instructions = 32
registers = 30
opcodes = 3

targetMin = 0.000000f
targetMax = 6.283185f
target = 0.000001f

mode = FIRESTARTER_OPTIMIZE
evolveSeed = 0
optimizeSeed = 0
tests = 256
streams = 1
units = 1
states = 1
generations = 0
population = 65536
passes = 384
attempts = 0
optimize = 1

scale = 0.300000f
startScale = 2.500000f
startResult = 10.000000f

FIRESTARTER_OPTIMIZE: Seed=0  Test=86  Generation=  2 *Result=0.00143110  Best=0.00143110   Time=0.1  Run Time=209.9
FIRESTARTER_OPTIMIZE: Seed=0  Test=86  Generation=  3 *Result=0.00000103  Best=0.00000103   Time=0.1  Run Time=210.3
FIRESTARTER_OPTIMIZE: Seed=0  Test=86  Generation=  4  Result=0.00000356  Best=0.00000103   Time=0.1  Run Time=210.6
FIRESTARTER_OPTIMIZE: Seed=0  Test=86  Generation=  5  Result=0.00215912  Best=0.00000103   Time=0.1  Run Time=210.9
FIRESTARTER_OPTIMIZE: Seed=0  Test=86  Generation=  6  Result=0.00000125  Best=0.00000103   Time=0.1  Run Time=211.3
FIRESTARTER_OPTIMIZE: Seed=0  Test=86  Generation=  7  Result=0.00007080  Best=0.00000103   Time=0.1  Run Time=211.6
FIRESTARTER_OPTIMIZE: Seed=0  Test=86  Generation=  8  Result=0.00005337  Best=0.00000103   Time=0.1  Run Time=211.9
FIRESTARTER_OPTIMIZE: Seed=0  Test=86  Generation=  9  Result=0.00028608  Best=0.00000103   Time=0.1  Run Time=212.3
FIRESTARTER_OPTIMIZE: Seed=0  Test=86  Generation= 10  Result=0.00008357  Best=0.00000103   Time=0.1  Run Time=212.6
FIRESTARTER_OPTIMIZE: Seed=0  Test=86  Generation= 11 *Result=0.00000063  Best=0.00000063   Time=0.1  Run Time=212.9
