CUDA devices = 1
Device 0: NVIDIA GeForce RTX 4090

variations = 1
instructions = 32
registers = 30
opcodes = 4

targetMin = 0.000000f
targetMax = 6.283185f
target = 0.000001f

mode = FIRESTARTER_OPTIMIZE
evolveSeed = 0
optimizeSeed = 0
tests = 256
streams = 1
units = 1
states = 1
generations = 0
population = 65536
passes = 384
attempts = 0
optimize = 1

scale = 0.300000f
startScale = 2.500000f
startResult = 10.000000f

FIRESTARTER_OPTIMIZE: Seed=0  Test=27  Generation=  2 *Result=0.00006256  Best=0.00006256   Time=0.1  Run Time=93.8
FIRESTARTER_OPTIMIZE: Seed=0  Test=27  Generation=  3 *Result=0.00000571  Best=0.00000571   Time=0.1  Run Time=94.2
FIRESTARTER_OPTIMIZE: Seed=0  Test=27  Generation=  4  Result=0.00011939  Best=0.00000571   Time=0.1  Run Time=94.7
FIRESTARTER_OPTIMIZE: Seed=0  Test=27  Generation=  5  Result=0.00020801  Best=0.00000571   Time=0.1  Run Time=95.1
FIRESTARTER_OPTIMIZE: Seed=0  Test=27  Generation=  6  Result=0.00335415  Best=0.00000571   Time=0.1  Run Time=95.5
FIRESTARTER_OPTIMIZE: Seed=0  Test=27  Generation=  7 *Result=0.00000378  Best=0.00000378   Time=0.1  Run Time=95.9
FIRESTARTER_OPTIMIZE: Seed=0  Test=27  Generation=  8 *Result=0.00000215  Best=0.00000215   Time=0.1  Run Time=96.4
FIRESTARTER_OPTIMIZE: Seed=0  Test=27  Generation=  9 *Result=0.00000006  Best=0.00000006   Time=0.1  Run Time=96.8
