CUDA devices = 1
Device 0: NVIDIA GeForce RTX 4090

variations = 1
instructions = 32
registers = 30
opcodes = 3

targetMin = 0.000000f
targetMax = 6.283185f
target = 0.000001f

mode = FIRESTARTER_OPTIMIZE
evolveSeed = 0
optimizeSeed = 0
tests = 256
streams = 1
units = 1
states = 1
population = 65536
generations = 0
passes = 384
samples = 15
iterations = 64
candidates = 0
attempts = 0
optimize = 1

scale = 0.300000f
startScale = 2.500000f
startResult = 10.000000f

FIRESTARTER_OPTIMIZE: Seed=0  Test=187  Generation=  2 *Result=0.00001697  Best=0.00001697   Time=0.148  Run Time=0.7
FIRESTARTER_OPTIMIZE: Seed=0  Test=187  Generation=  3  Result=0.00057846  Best=0.00001697   Time=0.098  Run Time=1.1
FIRESTARTER_OPTIMIZE: Seed=0  Test=187  Generation=  4  Result=0.00010258  Best=0.00001697   Time=0.099  Run Time=1.6
FIRESTARTER_OPTIMIZE: Seed=0  Test=187  Generation=  5  Result=0.00004707  Best=0.00001697   Time=0.100  Run Time=2.1
FIRESTARTER_OPTIMIZE: Seed=0  Test=187  Generation=  6  Result=0.00031943  Best=0.00001697   Time=0.094  Run Time=2.5
FIRESTARTER_OPTIMIZE: Seed=0  Test=187  Generation=  7  Result=0.00221276  Best=0.00001697   Time=0.096  Run Time=2.9
FIRESTARTER_OPTIMIZE: Seed=0  Test=187  Generation=  8 *Result=0.00000340  Best=0.00000340   Time=0.100  Run Time=3.4
FIRESTARTER_OPTIMIZE: Seed=0  Test=187  Generation=  9  Result=0.00004973  Best=0.00000340   Time=0.101  Run Time=3.9
FIRESTARTER_OPTIMIZE: Seed=0  Test=187  Generation= 10 *Result=0.00000029  Best=0.00000029   Time=0.140  Run Time=4.4
