CUDA devices = 1
Device 0: NVIDIA GeForce RTX 4090

variations = 1
instructions = 32
registers = 30
opcodes = 3

targetMin = 0.000000f
targetMax = 6.283185f
target = 0.000001f

mode = FIRESTARTER_OPTIMIZE
evolveSeed = 0
optimizeSeed = 0
tests = 256
streams = 1
units = 1
states = 1
population = 65536
generations = 0
passes = 512
samples = 15
iterations = 64
candidates = 0
optimize = 1

scale = 0.300000f
startScale = 2.500000f
startResult = 10.000000f

FIRESTARTER_OPTIMIZE: Seed=0  Test=213  Generation=  2 *Result=0.00000102  Best=0.00000102   Time=0.122  Run Time=0.7
FIRESTARTER_OPTIMIZE: Seed=0  Test=213  Generation=  3  Result=0.00004998  Best=0.00000102   Time=0.124  Run Time=1.2
FIRESTARTER_OPTIMIZE: Seed=0  Test=213  Generation=  4  Result=0.00000220  Best=0.00000102   Time=0.124  Run Time=1.5
FIRESTARTER_OPTIMIZE: Seed=0  Test=213  Generation=  5  Result=0.00045168  Best=0.00000102   Time=0.123  Run Time=2.0
FIRESTARTER_OPTIMIZE: Seed=0  Test=213  Generation=  6  Result=0.00121847  Best=0.00000102   Time=0.126  Run Time=2.5
FIRESTARTER_OPTIMIZE: Seed=0  Test=213  Generation=  7  Result=0.00047380  Best=0.00000102   Time=0.120  Run Time=3.0
FIRESTARTER_OPTIMIZE: Seed=0  Test=213  Generation=  8  Result=0.00035061  Best=0.00000102   Time=0.122  Run Time=3.3
FIRESTARTER_OPTIMIZE: Seed=0  Test=213  Generation=  9  Result=0.00013164  Best=0.00000102   Time=0.122  Run Time=3.9
FIRESTARTER_OPTIMIZE: Seed=0  Test=213  Generation= 10  Result=0.00037032  Best=0.00000102   Time=0.122  Run Time=4.2
FIRESTARTER_OPTIMIZE: Seed=0  Test=213  Generation= 11  Result=0.00000244  Best=0.00000102   Time=0.124  Run Time=4.7
FIRESTARTER_OPTIMIZE: Seed=0  Test=213  Generation= 12  Result=0.00001740  Best=0.00000102   Time=0.121  Run Time=5.2
FIRESTARTER_OPTIMIZE: Seed=0  Test=213  Generation= 13 *Result=0.00000009  Best=0.00000009   Time=0.123  Run Time=5.6
