CUDA devices = 1
Device 0: NVIDIA GeForce RTX 4090

variations = 1
instructions = 32
registers = 30
opcodes = 2
patternOpcodes = 2

targetMin = 0.000000f
targetMax = 6.283185f
target = 0.000001f

mode = FIRESTARTER_OPTIMIZE
evolveSeed = 0
optimizeSeed = 0
tests = 256
streams = 1
units = 1
states = 1
generations = 0
population = 65536
passes = 384
attempts = 0
optimize = 1

scale = 0.300000f
startScale = 2.500000f
startResult = 10.000000f

FIRESTARTER_OPTIMIZE: Seed=0  Test=238  Generation=  2 *Result=0.00023237  Best=0.00023237   Time=0.1  Run Time=804.5
FIRESTARTER_OPTIMIZE: Seed=0  Test=238  Generation=  3 *Result=0.00018237  Best=0.00018237   Time=0.1  Run Time=804.9
FIRESTARTER_OPTIMIZE: Seed=0  Test=238  Generation=  4 *Result=0.00004105  Best=0.00004105   Time=0.1  Run Time=805.3
FIRESTARTER_OPTIMIZE: Seed=0  Test=238  Generation=  5 *Result=0.00003843  Best=0.00003843   Time=0.1  Run Time=805.8
FIRESTARTER_OPTIMIZE: Seed=0  Test=238  Generation=  6 *Result=0.00001454  Best=0.00001454   Time=0.1  Run Time=806.2
FIRESTARTER_OPTIMIZE: Seed=0  Test=238  Generation=  7  Result=0.00003742  Best=0.00001454   Time=0.1  Run Time=806.7
FIRESTARTER_OPTIMIZE: Seed=0  Test=238  Generation=  8 *Result=0.00000044  Best=0.00000044   Time=0.1  Run Time=807.1
