CUDA devices = 1
Device 0: NVIDIA GeForce RTX 4090

variations = 1
instructions = 32
registers = 30
opcodes = 2

targetMin = 0.000000f
targetMax = 6.283185f
target = 0.000001f

mode = FIRESTARTER_OPTIMIZE
evolveSeed = 0
optimizeSeed = 0
tests = 256
streams = 1
units = 1
states = 1
generations = 0
population = 65536
passes = 384
attempts = 0
optimize = 1

scale = 0.300000f
startScale = 2.500000f
startResult = 10.000000f

FIRESTARTER_OPTIMIZE: Seed=0  Test=108  Generation=  2 *Result=0.00027796  Best=0.00027796   Time=0.1  Run Time=365.2
FIRESTARTER_OPTIMIZE: Seed=0  Test=108  Generation=  3  Result=0.00303418  Best=0.00027796   Time=0.1  Run Time=365.7
FIRESTARTER_OPTIMIZE: Seed=0  Test=108  Generation=  4 *Result=0.00000246  Best=0.00000246   Time=0.1  Run Time=366.1
FIRESTARTER_OPTIMIZE: Seed=0  Test=108  Generation=  5  Result=0.00000452  Best=0.00000246   Time=0.1  Run Time=366.6
FIRESTARTER_OPTIMIZE: Seed=0  Test=108  Generation=  6  Result=0.00013050  Best=0.00000246   Time=0.1  Run Time=367.1
FIRESTARTER_OPTIMIZE: Seed=0  Test=108  Generation=  7  Result=0.00012192  Best=0.00000246   Time=0.1  Run Time=367.5
FIRESTARTER_OPTIMIZE: Seed=0  Test=108  Generation=  8  Result=0.00023454  Best=0.00000246   Time=0.1  Run Time=368.0
FIRESTARTER_OPTIMIZE: Seed=0  Test=108  Generation=  9  Result=0.00014791  Best=0.00000246   Time=0.1  Run Time=368.4
FIRESTARTER_OPTIMIZE: Seed=0  Test=108  Generation= 10 *Result=0.00000026  Best=0.00000026   Time=0.1  Run Time=368.9
