CUDA devices = 1
Device 0: NVIDIA GeForce RTX 4090

variations = 1
instructions = 32
registers = 30
opcodes = 4

targetMin = 0.000000f
targetMax = 6.283185f
target = 0.000001f

mode = FIRESTARTER_OPTIMIZE
evolveSeed = 0
optimizeSeed = 0
tests = 256
streams = 1
units = 1
states = 1
generations = 0
population = 65536
passes = 384
attempts = 0
optimize = 1

scale = 0.300000f
startScale = 2.500000f
startResult = 10.000000f

FIRESTARTER_OPTIMIZE: Seed=0  Test=12  Generation=  2 *Result=0.00164670  Best=0.00164670   Time=0.1  Run Time=53.1
FIRESTARTER_OPTIMIZE: Seed=0  Test=12  Generation=  3  Result=0.00528687  Best=0.00164670   Time=0.1  Run Time=53.6
FIRESTARTER_OPTIMIZE: Seed=0  Test=12  Generation=  4 *Result=0.00000141  Best=0.00000141   Time=0.1  Run Time=54.0
FIRESTARTER_OPTIMIZE: Seed=0  Test=12  Generation=  5  Result=0.00000662  Best=0.00000141   Time=0.1  Run Time=54.4
FIRESTARTER_OPTIMIZE: Seed=0  Test=12  Generation=  6  Result=0.00000436  Best=0.00000141   Time=0.1  Run Time=54.8
FIRESTARTER_OPTIMIZE: Seed=0  Test=12  Generation=  7  Result=0.00000429  Best=0.00000141   Time=0.1  Run Time=55.2
FIRESTARTER_OPTIMIZE: Seed=0  Test=12  Generation=  8  Result=0.00002055  Best=0.00000141   Time=0.1  Run Time=55.7
FIRESTARTER_OPTIMIZE: Seed=0  Test=12  Generation=  9  Result=0.00174003  Best=0.00000141   Time=0.1  Run Time=56.1
FIRESTARTER_OPTIMIZE: Seed=0  Test=12  Generation= 10  Result=0.00323494  Best=0.00000141   Time=0.1  Run Time=56.5
FIRESTARTER_OPTIMIZE: Seed=0  Test=12  Generation= 11  Result=0.00014307  Best=0.00000141   Time=0.1  Run Time=56.9
FIRESTARTER_OPTIMIZE: Seed=0  Test=12  Generation= 12 *Result=0.00000013  Best=0.00000013   Time=0.1  Run Time=57.4
