CUDA devices = 1
Device 0: NVIDIA GeForce RTX 4090

variations = 1
instructions = 32
registers = 30
opcodes = 3

targetMin = 0.000000f
targetMax = 6.283185f
target = 0.000001f

mode = FIRESTARTER_OPTIMIZE
evolveSeed = 0
optimizeSeed = 0
tests = 256
streams = 1
units = 1
states = 1
generations = 0
population = 65536
passes = 384
attempts = 0
optimize = 1

scale = 0.300000f
startScale = 2.500000f
startResult = 10.000000f

FIRESTARTER_OPTIMIZE: Seed=0  Test=250  Generation=  2 *Result=0.00008431  Best=0.00008431   Time=0.1  Run Time=735.2
FIRESTARTER_OPTIMIZE: Seed=0  Test=250  Generation=  3  Result=0.00266043  Best=0.00008431   Time=0.1  Run Time=735.6
FIRESTARTER_OPTIMIZE: Seed=0  Test=250  Generation=  4  Result=0.00048101  Best=0.00008431   Time=0.1  Run Time=736.1
FIRESTARTER_OPTIMIZE: Seed=0  Test=250  Generation=  5  Result=0.00044811  Best=0.00008431   Time=0.1  Run Time=736.5
FIRESTARTER_OPTIMIZE: Seed=0  Test=250  Generation=  6 *Result=0.00001798  Best=0.00001798   Time=0.1  Run Time=737.0
FIRESTARTER_OPTIMIZE: Seed=0  Test=250  Generation=  7  Result=0.00016267  Best=0.00001798   Time=0.1  Run Time=737.4
FIRESTARTER_OPTIMIZE: Seed=0  Test=250  Generation=  8 *Result=0.00000836  Best=0.00000836   Time=0.1  Run Time=737.9
FIRESTARTER_OPTIMIZE: Seed=0  Test=250  Generation=  9  Result=0.00030732  Best=0.00000836   Time=0.1  Run Time=738.4
FIRESTARTER_OPTIMIZE: Seed=0  Test=250  Generation= 10 *Result=0.00000024  Best=0.00000024   Time=0.1  Run Time=738.8
