CUDA devices = 1
Device 0: NVIDIA GeForce RTX 4090

variations = 1
instructions = 32
registers = 30
opcodes = 4

targetMin = 0.000000f
targetMax = 6.283185f
target = 0.000001f

mode = FIRESTARTER_OPTIMIZE
evolveSeed = 0
optimizeSeed = 0
tests = 256
streams = 1
units = 1
states = 1
generations = 0
population = 65536
passes = 384
attempts = 0
optimize = 1

scale = 0.300000f
startScale = 2.500000f
startResult = 10.000000f

FIRESTARTER_OPTIMIZE: Seed=0  Test=232  Generation=  2 *Result=0.00597890  Best=0.00597890   Time=0.1  Run Time=808.7
FIRESTARTER_OPTIMIZE: Seed=0  Test=232  Generation=  3 *Result=0.00000152  Best=0.00000152   Time=0.1  Run Time=809.1
FIRESTARTER_OPTIMIZE: Seed=0  Test=232  Generation=  4  Result=0.00000407  Best=0.00000152   Time=0.1  Run Time=809.5
FIRESTARTER_OPTIMIZE: Seed=0  Test=232  Generation=  5  Result=0.00001246  Best=0.00000152   Time=0.1  Run Time=810.0
FIRESTARTER_OPTIMIZE: Seed=0  Test=232  Generation=  6  Result=0.00000489  Best=0.00000152   Time=0.1  Run Time=810.4
FIRESTARTER_OPTIMIZE: Seed=0  Test=232  Generation=  7  Result=0.00000578  Best=0.00000152   Time=0.1  Run Time=810.9
FIRESTARTER_OPTIMIZE: Seed=0  Test=232  Generation=  8  Result=0.00025598  Best=0.00000152   Time=0.1  Run Time=811.3
FIRESTARTER_OPTIMIZE: Seed=0  Test=232  Generation=  9 *Result=0.00000010  Best=0.00000010   Time=0.1  Run Time=811.7
