CUDA devices = 1
Device 0: NVIDIA GeForce RTX 4090

variations = 1
instructions = 32
registers = 30
opcodes = 2
patternOpcodes = 2

targetMin = 0.000000f
targetMax = 6.283185f
target = 0.000001f

mode = FIRESTARTER_OPTIMIZE
evolveSeed = 0
optimizeSeed = 0
tests = 256
streams = 1
units = 1
states = 1
generations = 0
population = 65536
passes = 384
attempts = 0
optimize = 1

scale = 0.300000f
startScale = 2.500000f
startResult = 10.000000f

FIRESTARTER_OPTIMIZE: Seed=0  Test=68  Generation=  2 *Result=0.00018235  Best=0.00018235   Time=0.1  Run Time=234.1
FIRESTARTER_OPTIMIZE: Seed=0  Test=68  Generation=  3  Result=0.00035164  Best=0.00018235   Time=0.1  Run Time=234.5
FIRESTARTER_OPTIMIZE: Seed=0  Test=68  Generation=  4 *Result=0.00011331  Best=0.00011331   Time=0.1  Run Time=235.0
FIRESTARTER_OPTIMIZE: Seed=0  Test=68  Generation=  5 *Result=0.00000424  Best=0.00000424   Time=0.1  Run Time=235.4
FIRESTARTER_OPTIMIZE: Seed=0  Test=68  Generation=  6  Result=0.00014303  Best=0.00000424   Time=0.1  Run Time=235.8
FIRESTARTER_OPTIMIZE: Seed=0  Test=68  Generation=  7  Result=0.00143737  Best=0.00000424   Time=0.1  Run Time=236.3
FIRESTARTER_OPTIMIZE: Seed=0  Test=68  Generation=  8  Result=0.00013003  Best=0.00000424   Time=0.1  Run Time=236.7
FIRESTARTER_OPTIMIZE: Seed=0  Test=68  Generation=  9  Result=0.00028509  Best=0.00000424   Time=0.1  Run Time=237.1
FIRESTARTER_OPTIMIZE: Seed=0  Test=68  Generation= 10 *Result=0.00000090  Best=0.00000090   Time=0.1  Run Time=237.5
