CUDA devices = 1
Device 0: NVIDIA GeForce RTX 4090

variations = 1
instructions = 32
registers = 30
opcodes = 3

targetMin = 0.000000f
targetMax = 6.283185f
target = 0.000001f

mode = FIRESTARTER_OPTIMIZE
evolveSeed = 0
optimizeSeed = 0
tests = 256
streams = 1
units = 1
states = 1
generations = 0
population = 65536
passes = 384
attempts = 0
optimize = 1

scale = 0.300000f
startScale = 2.500000f
startResult = 10.000000f

FIRESTARTER_OPTIMIZE: Seed=0  Test=121  Generation=  2 *Result=0.00000238  Best=0.00000238   Time=0.1  Run Time=270.6
FIRESTARTER_OPTIMIZE: Seed=0  Test=121  Generation=  3  Result=0.00095099  Best=0.00000238   Time=0.1  Run Time=270.9
FIRESTARTER_OPTIMIZE: Seed=0  Test=121  Generation=  4  Result=0.00019550  Best=0.00000238   Time=0.1  Run Time=271.3
FIRESTARTER_OPTIMIZE: Seed=0  Test=121  Generation=  5  Result=0.00002313  Best=0.00000238   Time=0.1  Run Time=271.6
FIRESTARTER_OPTIMIZE: Seed=0  Test=121  Generation=  6  Result=0.00044134  Best=0.00000238   Time=0.1  Run Time=271.9
FIRESTARTER_OPTIMIZE: Seed=0  Test=121  Generation=  7  Result=0.00069214  Best=0.00000238   Time=0.1  Run Time=272.2
FIRESTARTER_OPTIMIZE: Seed=0  Test=121  Generation=  8  Result=0.00000817  Best=0.00000238   Time=0.1  Run Time=272.6
FIRESTARTER_OPTIMIZE: Seed=0  Test=121  Generation=  9  Result=0.00022988  Best=0.00000238   Time=0.1  Run Time=272.9
FIRESTARTER_OPTIMIZE: Seed=0  Test=121  Generation= 10  Result=0.00261052  Best=0.00000238   Time=0.1  Run Time=273.2
FIRESTARTER_OPTIMIZE: Seed=0  Test=121  Generation= 11 *Result=0.00000076  Best=0.00000076   Time=0.1  Run Time=273.6
