CUDA devices = 1
Device 0: NVIDIA GeForce RTX 4090

variations = 1
instructions = 32
registers = 30
opcodes = 2
patternOpcodes = 2

targetMin = 0.000000f
targetMax = 6.283185f
target = 0.000001f

mode = FIRESTARTER_OPTIMIZE
evolveSeed = 0
optimizeSeed = 0
tests = 256
streams = 1
units = 1
states = 1
generations = 0
population = 65536
passes = 384
attempts = 0
optimize = 1

scale = 0.300000f
startScale = 2.500000f
startResult = 10.000000f

FIRESTARTER_OPTIMIZE: Seed=0  Test=59  Generation=  2 *Result=0.00001765  Best=0.00001765   Time=0.1  Run Time=215.6
FIRESTARTER_OPTIMIZE: Seed=0  Test=59  Generation=  3  Result=0.00014415  Best=0.00001765   Time=0.1  Run Time=216.0
FIRESTARTER_OPTIMIZE: Seed=0  Test=59  Generation=  4  Result=0.00003848  Best=0.00001765   Time=0.1  Run Time=216.5
FIRESTARTER_OPTIMIZE: Seed=0  Test=59  Generation=  5  Result=0.00004667  Best=0.00001765   Time=0.1  Run Time=216.9
FIRESTARTER_OPTIMIZE: Seed=0  Test=59  Generation=  6 *Result=0.00000590  Best=0.00000590   Time=0.1  Run Time=217.3
FIRESTARTER_OPTIMIZE: Seed=0  Test=59  Generation=  7  Result=0.00000998  Best=0.00000590   Time=0.1  Run Time=217.8
FIRESTARTER_OPTIMIZE: Seed=0  Test=59  Generation=  8 *Result=0.00000017  Best=0.00000017   Time=0.1  Run Time=218.2
