CUDA devices = 1
Device 0: NVIDIA GeForce RTX 4090

variations = 1
instructions = 32
registers = 30
opcodes = 2
patternOpcodes = 4

targetMin = 0.000000f
targetMax = 6.283185f
target = 0.000001f

mode = FIRESTARTER_OPTIMIZE
evolveSeed = 0
optimizeSeed = 0
tests = 256
streams = 1
units = 1
states = 1
generations = 0
population = 65536
passes = 384
attempts = 0
optimize = 1

scale = 0.300000f
startScale = 2.500000f
startResult = 10.000000f

FIRESTARTER_OPTIMIZE: Seed=0  Test=84  Generation=  2 *Result=0.00097899  Best=0.00097899   Time=0.1  Run Time=252.5
FIRESTARTER_OPTIMIZE: Seed=0  Test=84  Generation=  3 *Result=0.00009064  Best=0.00009064   Time=0.1  Run Time=253.0
FIRESTARTER_OPTIMIZE: Seed=0  Test=84  Generation=  4  Result=0.00031853  Best=0.00009064   Time=0.1  Run Time=253.4
FIRESTARTER_OPTIMIZE: Seed=0  Test=84  Generation=  5 *Result=0.00000104  Best=0.00000104   Time=0.1  Run Time=253.8
FIRESTARTER_OPTIMIZE: Seed=0  Test=84  Generation=  6  Result=0.00046659  Best=0.00000104   Time=0.1  Run Time=254.2
FIRESTARTER_OPTIMIZE: Seed=0  Test=84  Generation=  7  Result=0.00000150  Best=0.00000104   Time=0.1  Run Time=254.7
FIRESTARTER_OPTIMIZE: Seed=0  Test=84  Generation=  8  Result=0.00000227  Best=0.00000104   Time=0.1  Run Time=255.1
FIRESTARTER_OPTIMIZE: Seed=0  Test=84  Generation=  9  Result=0.00018222  Best=0.00000104   Time=0.1  Run Time=255.5
FIRESTARTER_OPTIMIZE: Seed=0  Test=84  Generation= 10  Result=0.00004066  Best=0.00000104   Time=0.1  Run Time=256.0
FIRESTARTER_OPTIMIZE: Seed=0  Test=84  Generation= 11 *Result=0.00000035  Best=0.00000035   Time=0.1  Run Time=256.4
