CUDA devices = 1
Device 0: NVIDIA GeForce RTX 4090

variations = 1
instructions = 32
registers = 30
opcodes = 2

targetMin = 0.000000f
targetMax = 6.283185f
target = 0.000001f

mode = FIRESTARTER_OPTIMIZE
evolveSeed = 0
optimizeSeed = 0
tests = 256
streams = 1
units = 1
states = 1
generations = 0
population = 65536
passes = 384
attempts = 0
optimize = 1

scale = 0.300000f
startScale = 2.500000f
startResult = 10.000000f

FIRESTARTER_OPTIMIZE: Seed=0  Test=135  Generation=  2 *Result=0.00008583  Best=0.00008583   Time=0.1  Run Time=463.8
FIRESTARTER_OPTIMIZE: Seed=0  Test=135  Generation=  3 *Result=0.00003240  Best=0.00003240   Time=0.1  Run Time=464.3
FIRESTARTER_OPTIMIZE: Seed=0  Test=135  Generation=  4  Result=0.00090429  Best=0.00003240   Time=0.1  Run Time=464.7
FIRESTARTER_OPTIMIZE: Seed=0  Test=135  Generation=  5  Result=0.00004413  Best=0.00003240   Time=0.1  Run Time=465.1
FIRESTARTER_OPTIMIZE: Seed=0  Test=135  Generation=  6 *Result=0.00002357  Best=0.00002357   Time=0.1  Run Time=465.6
FIRESTARTER_OPTIMIZE: Seed=0  Test=135  Generation=  7 *Result=0.00000884  Best=0.00000884   Time=0.1  Run Time=466.0
FIRESTARTER_OPTIMIZE: Seed=0  Test=135  Generation=  8  Result=0.00013962  Best=0.00000884   Time=0.1  Run Time=466.4
FIRESTARTER_OPTIMIZE: Seed=0  Test=135  Generation=  9 *Result=0.00000155  Best=0.00000155   Time=0.1  Run Time=466.9
FIRESTARTER_OPTIMIZE: Seed=0  Test=135  Generation= 10  Result=0.00006246  Best=0.00000155   Time=0.1  Run Time=467.4
FIRESTARTER_OPTIMIZE: Seed=0  Test=135  Generation= 11 *Result=0.00000021  Best=0.00000021   Time=0.1  Run Time=467.8
