CUDA devices = 1
Device 0: NVIDIA GeForce RTX 4090

variations = 1
instructions = 32
registers = 30
opcodes = 2
patternOpcodes = 2

targetMin = 0.000000f
targetMax = 6.283185f
target = 0.000001f

mode = FIRESTARTER_OPTIMIZE
evolveSeed = 0
optimizeSeed = 0
tests = 256
streams = 1
units = 1
states = 1
generations = 0
population = 65536
passes = 384
attempts = 0
optimize = 1

scale = 0.300000f
startScale = 2.500000f
startResult = 10.000000f

FIRESTARTER_OPTIMIZE: Seed=0  Test=150  Generation=  2 *Result=0.00056399  Best=0.00056399   Time=0.1  Run Time=496.4
FIRESTARTER_OPTIMIZE: Seed=0  Test=150  Generation=  3 *Result=0.00011426  Best=0.00011426   Time=0.1  Run Time=496.8
FIRESTARTER_OPTIMIZE: Seed=0  Test=150  Generation=  4 *Result=0.00006709  Best=0.00006709   Time=0.1  Run Time=497.3
FIRESTARTER_OPTIMIZE: Seed=0  Test=150  Generation=  5 *Result=0.00000141  Best=0.00000141   Time=0.1  Run Time=497.7
FIRESTARTER_OPTIMIZE: Seed=0  Test=150  Generation=  6  Result=0.00013608  Best=0.00000141   Time=0.1  Run Time=498.1
FIRESTARTER_OPTIMIZE: Seed=0  Test=150  Generation=  7  Result=0.00009977  Best=0.00000141   Time=0.1  Run Time=498.6
FIRESTARTER_OPTIMIZE: Seed=0  Test=150  Generation=  8  Result=0.00000218  Best=0.00000141   Time=0.1  Run Time=499.0
FIRESTARTER_OPTIMIZE: Seed=0  Test=150  Generation=  9  Result=0.00221011  Best=0.00000141   Time=0.1  Run Time=499.4
FIRESTARTER_OPTIMIZE: Seed=0  Test=150  Generation= 10 *Result=0.00000015  Best=0.00000015   Time=0.1  Run Time=499.9
