CUDA devices = 1
Device 0: NVIDIA GeForce RTX 4090

variations = 1
instructions = 32
registers = 30
opcodes = 2
patternOpcodes = 2

targetMin = 0.000000f
targetMax = 6.283185f
target = 0.000001f

mode = FIRESTARTER_OPTIMIZE
evolveSeed = 0
optimizeSeed = 0
tests = 256
streams = 1
units = 1
states = 1
generations = 0
population = 65536
passes = 384
attempts = 0
optimize = 1

scale = 0.300000f
startScale = 2.500000f
startResult = 10.000000f

FIRESTARTER_OPTIMIZE: Seed=0  Test=115  Generation=  2 *Result=0.00614780  Best=0.00614780   Time=0.1  Run Time=389.0
FIRESTARTER_OPTIMIZE: Seed=0  Test=115  Generation=  3 *Result=0.00000200  Best=0.00000200   Time=0.1  Run Time=389.4
FIRESTARTER_OPTIMIZE: Seed=0  Test=115  Generation=  4  Result=0.00014666  Best=0.00000200   Time=0.1  Run Time=389.9
FIRESTARTER_OPTIMIZE: Seed=0  Test=115  Generation=  5  Result=0.00000245  Best=0.00000200   Time=0.1  Run Time=390.3
FIRESTARTER_OPTIMIZE: Seed=0  Test=115  Generation=  6  Result=0.00000232  Best=0.00000200   Time=0.1  Run Time=390.7
FIRESTARTER_OPTIMIZE: Seed=0  Test=115  Generation=  7  Result=0.00000403  Best=0.00000200   Time=0.1  Run Time=391.2
FIRESTARTER_OPTIMIZE: Seed=0  Test=115  Generation=  8  Result=0.00012303  Best=0.00000200   Time=0.1  Run Time=391.6
FIRESTARTER_OPTIMIZE: Seed=0  Test=115  Generation=  9  Result=0.00045337  Best=0.00000200   Time=0.1  Run Time=392.1
FIRESTARTER_OPTIMIZE: Seed=0  Test=115  Generation= 10 *Result=0.00000095  Best=0.00000095   Time=0.1  Run Time=392.5
