CUDA devices = 1
Device 0: NVIDIA GeForce RTX 4090

variations = 1
instructions = 32
registers = 30
opcodes = 2
patternOpcodes = 2

targetMin = 0.000000f
targetMax = 6.283185f
target = 0.000001f

mode = FIRESTARTER_OPTIMIZE
evolveSeed = 0
optimizeSeed = 0
tests = 256
streams = 1
units = 1
states = 1
generations = 0
population = 65536
passes = 384
attempts = 0
optimize = 1

scale = 0.300000f
startScale = 2.500000f
startResult = 10.000000f

FIRESTARTER_OPTIMIZE: Seed=0  Test=184  Generation=  2 *Result=0.00149826  Best=0.00149826   Time=0.1  Run Time=616.1
FIRESTARTER_OPTIMIZE: Seed=0  Test=184  Generation=  3 *Result=0.00006368  Best=0.00006368   Time=0.1  Run Time=616.5
FIRESTARTER_OPTIMIZE: Seed=0  Test=184  Generation=  4  Result=0.00006793  Best=0.00006368   Time=0.1  Run Time=617.0
FIRESTARTER_OPTIMIZE: Seed=0  Test=184  Generation=  5  Result=0.00011565  Best=0.00006368   Time=0.1  Run Time=617.4
FIRESTARTER_OPTIMIZE: Seed=0  Test=184  Generation=  6 *Result=0.00001933  Best=0.00001933   Time=0.1  Run Time=617.9
FIRESTARTER_OPTIMIZE: Seed=0  Test=184  Generation=  7  Result=0.00064075  Best=0.00001933   Time=0.1  Run Time=618.3
FIRESTARTER_OPTIMIZE: Seed=0  Test=184  Generation=  8  Result=0.00036117  Best=0.00001933   Time=0.1  Run Time=618.7
FIRESTARTER_OPTIMIZE: Seed=0  Test=184  Generation=  9  Result=0.00007043  Best=0.00001933   Time=0.1  Run Time=619.1
FIRESTARTER_OPTIMIZE: Seed=0  Test=184  Generation= 10 *Result=0.00000024  Best=0.00000024   Time=0.1  Run Time=619.6
