CUDA devices = 1
Device 0: NVIDIA GeForce RTX 4090

variations = 1
instructions = 32
registers = 30
opcodes = 2

targetMin = 0.000000f
targetMax = 6.283185f
target = 0.000001f

mode = FIRESTARTER_OPTIMIZE
evolveSeed = 0
optimizeSeed = 0
tests = 256
streams = 1
units = 1
states = 1
generations = 0
population = 65536
passes = 384
attempts = 0
optimize = 1

scale = 0.300000f
startScale = 2.500000f
startResult = 10.000000f

FIRESTARTER_OPTIMIZE: Seed=0  Test=183  Generation=  2 *Result=0.00137767  Best=0.00137767   Time=0.2  Run Time=652.9
FIRESTARTER_OPTIMIZE: Seed=0  Test=183  Generation=  3 *Result=0.00003418  Best=0.00003418   Time=0.1  Run Time=653.4
FIRESTARTER_OPTIMIZE: Seed=0  Test=183  Generation=  4 *Result=0.00002170  Best=0.00002170   Time=0.1  Run Time=653.8
FIRESTARTER_OPTIMIZE: Seed=0  Test=183  Generation=  5  Result=0.00004008  Best=0.00002170   Time=0.1  Run Time=654.3
FIRESTARTER_OPTIMIZE: Seed=0  Test=183  Generation=  6 *Result=0.00000160  Best=0.00000160   Time=0.1  Run Time=654.7
FIRESTARTER_OPTIMIZE: Seed=0  Test=183  Generation=  7  Result=0.00024629  Best=0.00000160   Time=0.1  Run Time=655.1
FIRESTARTER_OPTIMIZE: Seed=0  Test=183  Generation=  8 *Result=0.00000016  Best=0.00000016   Time=0.1  Run Time=655.6
