CUDA devices = 1
Device 0: NVIDIA GeForce RTX 4090

variations = 1
instructions = 32
registers = 30
opcodes = 4

targetMin = 0.000000f
targetMax = 6.283185f
target = 0.000001f

mode = FIRESTARTER_OPTIMIZE
evolveSeed = 0
optimizeSeed = 0
tests = 256
streams = 1
units = 1
states = 1
generations = 0
population = 65536
passes = 384
attempts = 0
optimize = 1

scale = 0.300000f
startScale = 2.500000f
startResult = 10.000000f

FIRESTARTER_OPTIMIZE: Seed=0  Test=63  Generation=  2 *Result=0.00005649  Best=0.00005649   Time=0.1  Run Time=219.0
FIRESTARTER_OPTIMIZE: Seed=0  Test=63  Generation=  3 *Result=0.00001403  Best=0.00001403   Time=0.1  Run Time=219.5
FIRESTARTER_OPTIMIZE: Seed=0  Test=63  Generation=  4  Result=0.00029506  Best=0.00001403   Time=0.1  Run Time=219.9
FIRESTARTER_OPTIMIZE: Seed=0  Test=63  Generation=  5  Result=0.00003684  Best=0.00001403   Time=0.1  Run Time=220.3
FIRESTARTER_OPTIMIZE: Seed=0  Test=63  Generation=  6  Result=0.00003894  Best=0.00001403   Time=0.1  Run Time=220.7
FIRESTARTER_OPTIMIZE: Seed=0  Test=63  Generation=  7  Result=0.00001596  Best=0.00001403   Time=0.1  Run Time=221.2
FIRESTARTER_OPTIMIZE: Seed=0  Test=63  Generation=  8 *Result=0.00000144  Best=0.00000144   Time=0.1  Run Time=221.6
FIRESTARTER_OPTIMIZE: Seed=0  Test=63  Generation=  9  Result=0.00101924  Best=0.00000144   Time=0.1  Run Time=222.0
FIRESTARTER_OPTIMIZE: Seed=0  Test=63  Generation= 10  Result=0.00242798  Best=0.00000144   Time=0.1  Run Time=222.4
FIRESTARTER_OPTIMIZE: Seed=0  Test=63  Generation= 11  Result=0.00052742  Best=0.00000144   Time=0.1  Run Time=222.9
FIRESTARTER_OPTIMIZE: Seed=0  Test=63  Generation= 12 *Result=0.00000019  Best=0.00000019   Time=0.1  Run Time=223.3
