CUDA devices = 1
Device 0: NVIDIA GeForce RTX 4090

variations = 1
instructions = 32
registers = 30
opcodes = 4

targetMin = 0.000000f
targetMax = 6.283185f
target = 0.000001f

mode = FIRESTARTER_OPTIMIZE
evolveSeed = 0
optimizeSeed = 0
tests = 256
streams = 1
units = 1
states = 1
generations = 0
population = 65536
passes = 384
attempts = 0
optimize = 1

scale = 0.300000f
startScale = 2.500000f
startResult = 10.000000f

FIRESTARTER_OPTIMIZE: Seed=0  Test=237  Generation=  2 *Result=0.00614002  Best=0.00614002   Time=0.1  Run Time=811.7
FIRESTARTER_OPTIMIZE: Seed=0  Test=237  Generation=  3 *Result=0.00003421  Best=0.00003421   Time=0.1  Run Time=812.1
FIRESTARTER_OPTIMIZE: Seed=0  Test=237  Generation=  4  Result=0.00613097  Best=0.00003421   Time=0.1  Run Time=812.5
FIRESTARTER_OPTIMIZE: Seed=0  Test=237  Generation=  5 *Result=0.00000171  Best=0.00000171   Time=0.1  Run Time=813.0
FIRESTARTER_OPTIMIZE: Seed=0  Test=237  Generation=  6  Result=0.00000218  Best=0.00000171   Time=0.1  Run Time=813.4
FIRESTARTER_OPTIMIZE: Seed=0  Test=237  Generation=  7  Result=0.00000495  Best=0.00000171   Time=0.1  Run Time=813.8
FIRESTARTER_OPTIMIZE: Seed=0  Test=237  Generation=  8  Result=0.00006510  Best=0.00000171   Time=0.1  Run Time=814.3
FIRESTARTER_OPTIMIZE: Seed=0  Test=237  Generation=  9  Result=0.00129307  Best=0.00000171   Time=0.1  Run Time=814.7
FIRESTARTER_OPTIMIZE: Seed=0  Test=237  Generation= 10  Result=0.00017452  Best=0.00000171   Time=0.1  Run Time=815.1
FIRESTARTER_OPTIMIZE: Seed=0  Test=237  Generation= 11 *Result=0.00000065  Best=0.00000065   Time=0.1  Run Time=815.5
