CUDA devices = 1
Device 0: NVIDIA GeForce RTX 4090

variations = 1
instructions = 32
registers = 30
opcodes = 2
patternOpcodes = 2

targetMin = 0.000000f
targetMax = 6.283185f
target = 0.000001f

mode = FIRESTARTER_OPTIMIZE
evolveSeed = 0
optimizeSeed = 0
tests = 256
streams = 1
units = 1
states = 1
generations = 0
population = 65536
passes = 384
attempts = 0
optimize = 1

scale = 0.300000f
startScale = 2.500000f
startResult = 10.000000f

FIRESTARTER_OPTIMIZE: Seed=0  Test=110  Generation=  2 *Result=0.00018779  Best=0.00018779   Time=0.1  Run Time=369.5
FIRESTARTER_OPTIMIZE: Seed=0  Test=110  Generation=  3 *Result=0.00000226  Best=0.00000226   Time=0.1  Run Time=370.0
FIRESTARTER_OPTIMIZE: Seed=0  Test=110  Generation=  4  Result=0.00000762  Best=0.00000226   Time=0.1  Run Time=370.4
FIRESTARTER_OPTIMIZE: Seed=0  Test=110  Generation=  5  Result=0.00005253  Best=0.00000226   Time=0.1  Run Time=370.8
FIRESTARTER_OPTIMIZE: Seed=0  Test=110  Generation=  6  Result=0.00000830  Best=0.00000226   Time=0.1  Run Time=371.2
FIRESTARTER_OPTIMIZE: Seed=0  Test=110  Generation=  7 *Result=0.00000086  Best=0.00000086   Time=0.1  Run Time=371.7
