CUDA devices = 1
Device 0: NVIDIA GeForce RTX 4090

variations = 1
instructions = 32
registers = 30
opcodes = 3

targetMin = 0.000000f
targetMax = 6.283185f
target = 0.000001f

mode = FIRESTARTER_OPTIMIZE
evolveSeed = 0
optimizeSeed = 0
tests = 256
streams = 1
units = 1
states = 1
generations = 0
population = 65536
passes = 384
attempts = 0
optimize = 1

scale = 0.300000f
startScale = 2.500000f
startResult = 10.000000f

FIRESTARTER_OPTIMIZE: Seed=0  Test=228  Generation=  2 *Result=0.00009505  Best=0.00009505   Time=0.1  Run Time=504.3
FIRESTARTER_OPTIMIZE: Seed=0  Test=228  Generation=  3 *Result=0.00003142  Best=0.00003142   Time=0.1  Run Time=504.7
FIRESTARTER_OPTIMIZE: Seed=0  Test=228  Generation=  4  Result=0.00090965  Best=0.00003142   Time=0.1  Run Time=505.0
FIRESTARTER_OPTIMIZE: Seed=0  Test=228  Generation=  5  Result=0.00018213  Best=0.00003142   Time=0.1  Run Time=505.3
FIRESTARTER_OPTIMIZE: Seed=0  Test=228  Generation=  6  Result=0.00012585  Best=0.00003142   Time=0.1  Run Time=505.6
FIRESTARTER_OPTIMIZE: Seed=0  Test=228  Generation=  7  Result=0.00004075  Best=0.00003142   Time=0.1  Run Time=506.0
FIRESTARTER_OPTIMIZE: Seed=0  Test=228  Generation=  8  Result=0.00013304  Best=0.00003142   Time=0.1  Run Time=506.3
FIRESTARTER_OPTIMIZE: Seed=0  Test=228  Generation=  9 *Result=0.00000366  Best=0.00000366   Time=0.1  Run Time=506.6
FIRESTARTER_OPTIMIZE: Seed=0  Test=228  Generation= 10 *Result=0.00000016  Best=0.00000016   Time=0.1  Run Time=507.0
