CUDA devices = 1
Device 0: NVIDIA GeForce RTX 4090

variations = 1
instructions = 32
registers = 30
opcodes = 3

targetMin = 0.000000f
targetMax = 6.283185f
target = 0.000001f

mode = FIRESTARTER_OPTIMIZE
evolveSeed = 0
optimizeSeed = 0
tests = 256
streams = 1
units = 1
states = 1
generations = 0
population = 65536
passes = 384
attempts = 0
optimize = 1

scale = 0.300000f
startScale = 2.500000f
startResult = 10.000000f

FIRESTARTER_OPTIMIZE: Seed=0  Test=173  Generation=  2 *Result=0.00010973  Best=0.00010973   Time=0.1  Run Time=509.8
FIRESTARTER_OPTIMIZE: Seed=0  Test=173  Generation=  3 *Result=0.00002789  Best=0.00002789   Time=0.1  Run Time=510.2
FIRESTARTER_OPTIMIZE: Seed=0  Test=173  Generation=  4  Result=0.00005752  Best=0.00002789   Time=0.1  Run Time=510.7
FIRESTARTER_OPTIMIZE: Seed=0  Test=173  Generation=  5 *Result=0.00000156  Best=0.00000156   Time=0.1  Run Time=511.1
FIRESTARTER_OPTIMIZE: Seed=0  Test=173  Generation=  6  Result=0.00005275  Best=0.00000156   Time=0.1  Run Time=511.6
FIRESTARTER_OPTIMIZE: Seed=0  Test=173  Generation=  7  Result=0.00011505  Best=0.00000156   Time=0.1  Run Time=512.1
FIRESTARTER_OPTIMIZE: Seed=0  Test=173  Generation=  8  Result=0.00005154  Best=0.00000156   Time=0.1  Run Time=512.5
FIRESTARTER_OPTIMIZE: Seed=0  Test=173  Generation=  9 *Result=0.00000012  Best=0.00000012   Time=0.1  Run Time=512.9
