CUDA devices = 1
Device 0: NVIDIA GeForce RTX 4090

variations = 1
instructions = 32
registers = 30
opcodes = 4

targetMin = 0.000000f
targetMax = 6.283185f
target = 0.000001f

mode = FIRESTARTER_OPTIMIZE
evolveSeed = 0
optimizeSeed = 0
tests = 256
streams = 1
units = 1
states = 1
generations = 0
population = 65536
passes = 384
attempts = 0
optimize = 1

scale = 0.300000f
startScale = 2.500000f
startResult = 10.000000f

FIRESTARTER_OPTIMIZE: Seed=0  Test=252  Generation=  2 *Result=0.00000347  Best=0.00000347   Time=0.1  Run Time=850.8
FIRESTARTER_OPTIMIZE: Seed=0  Test=252  Generation=  3  Result=0.00011371  Best=0.00000347   Time=0.1  Run Time=851.2
FIRESTARTER_OPTIMIZE: Seed=0  Test=252  Generation=  4  Result=0.00003636  Best=0.00000347   Time=0.1  Run Time=851.7
FIRESTARTER_OPTIMIZE: Seed=0  Test=252  Generation=  5  Result=0.00137900  Best=0.00000347   Time=0.1  Run Time=852.1
FIRESTARTER_OPTIMIZE: Seed=0  Test=252  Generation=  6  Result=0.00010381  Best=0.00000347   Time=0.1  Run Time=852.5
FIRESTARTER_OPTIMIZE: Seed=0  Test=252  Generation=  7 *Result=0.00000071  Best=0.00000071   Time=0.1  Run Time=853.0
