CUDA devices = 1
Device 0: NVIDIA GeForce RTX 4090

variations = 1
instructions = 32
registers = 30
opcodes = 3

targetMin = 0.000000f
targetMax = 6.283185f
target = 0.000001f

mode = FIRESTARTER_OPTIMIZE
evolveSeed = 0
optimizeSeed = 0
tests = 256
streams = 1
units = 1
states = 1
population = 65536
generations = 0
passes = 512
samples = 15
iterations = 64
candidates = 0
optimize = 1

scale = 0.300000f
startScale = 2.500000f
startResult = 10.000000f

FIRESTARTER_OPTIMIZE: Seed=0  Test=33  Generation=  2 *Result=0.00000235  Best=0.00000235   Time=0.121  Run Time=0.5
FIRESTARTER_OPTIMIZE: Seed=0  Test=33  Generation=  3  Result=0.00013949  Best=0.00000235   Time=0.121  Run Time=0.8
FIRESTARTER_OPTIMIZE: Seed=0  Test=33  Generation=  4  Result=0.00150315  Best=0.00000235   Time=0.126  Run Time=1.1
FIRESTARTER_OPTIMIZE: Seed=0  Test=33  Generation=  5  Result=0.00150823  Best=0.00000235   Time=0.128  Run Time=1.4
FIRESTARTER_OPTIMIZE: Seed=0  Test=33  Generation=  6  Result=0.00150518  Best=0.00000235   Time=0.128  Run Time=1.7
FIRESTARTER_OPTIMIZE: Seed=0  Test=33  Generation=  7  Result=0.00150330  Best=0.00000235   Time=0.127  Run Time=2.0
FIRESTARTER_OPTIMIZE: Seed=0  Test=33  Generation=  8  Result=0.00011629  Best=0.00000235   Time=0.122  Run Time=2.5
FIRESTARTER_OPTIMIZE: Seed=0  Test=33  Generation=  9  Result=0.00051215  Best=0.00000235   Time=0.122  Run Time=2.8
FIRESTARTER_OPTIMIZE: Seed=0  Test=33  Generation= 10  Result=0.00017343  Best=0.00000235   Time=0.125  Run Time=3.4
FIRESTARTER_OPTIMIZE: Seed=0  Test=33  Generation= 11  Result=0.00014995  Best=0.00000235   Time=0.124  Run Time=3.9
FIRESTARTER_OPTIMIZE: Seed=0  Test=33  Generation= 12  Result=0.00221676  Best=0.00000235   Time=0.126  Run Time=4.4
FIRESTARTER_OPTIMIZE: Seed=0  Test=33  Generation= 13 *Result=0.00000012  Best=0.00000012   Time=0.124  Run Time=4.9
