CUDA devices = 1
Device 0: NVIDIA GeForce RTX 4090

variations = 1
instructions = 32
registers = 30
opcodes = 3

targetMin = 0.000000f
targetMax = 6.283185f
target = 0.000001f

mode = FIRESTARTER_OPTIMIZE
evolveSeed = 0
optimizeSeed = 0
tests = 256
streams = 1
units = 1
states = 1
population = 65536
generations = 0
passes = 384
samples = 15
iterations = 64
candidates = 0
attempts = 0
optimize = 1

scale = 0.300000f
startScale = 2.500000f
startResult = 10.000000f

FIRESTARTER_OPTIMIZE: Seed=0  Test=175  Generation=  2 *Result=0.00030588  Best=0.00030588   Time=0.101  Run Time=0.6
FIRESTARTER_OPTIMIZE: Seed=0  Test=175  Generation=  3 *Result=0.00002240  Best=0.00002240   Time=0.100  Run Time=1.1
FIRESTARTER_OPTIMIZE: Seed=0  Test=175  Generation=  4  Result=0.00017108  Best=0.00002240   Time=0.099  Run Time=1.6
FIRESTARTER_OPTIMIZE: Seed=0  Test=175  Generation=  5 *Result=0.00001433  Best=0.00001433   Time=0.100  Run Time=2.0
FIRESTARTER_OPTIMIZE: Seed=0  Test=175  Generation=  6 *Result=0.00000015  Best=0.00000015   Time=0.100  Run Time=2.5
