CUDA devices = 1
Device 0: NVIDIA GeForce RTX 4090

variations = 1
instructions = 32
registers = 30
opcodes = 3

targetMin = 0.000000f
targetMax = 6.283185f
target = 0.000001f

mode = FIRESTARTER_EVOLVE_GPU
evolveSeed = 0
optimizeSeed = 0
tests = 256
streams = 1
units = 1
states = 1
population = 65536
generations = 0
passes = 256
samples = 15
iterations = 64
candidates = 0
optimize = 1

scale = 0.300000f
startScale = 2.500000f
startResult = 10.000000f


FIRESTARTER_EVOLVE_GPU: Seed=0  Test=86  Generation=  2  Old Result=10.00000000 *New Result=0.00000246  MinIndex=0  EvolveAge=0  Best=0.00000246   BestAge=0  Time=0.067  Run Time=0.5
FIRESTARTER_EVOLVE_GPU: Seed=0  Test=86  Generation=  3  Old Result=10.00000000 >New Result=0.00000554  MinIndex=0  EvolveAge=0  Best=0.00000246   BestAge=2  Time=0.062  Run Time=0.8
FIRESTARTER_EVOLVE_GPU: Seed=0  Test=86  Generation=  4  Old Result=10.00000000 >New Result=0.00214827  MinIndex=0  EvolveAge=0  Best=0.00000246   BestAge=4  Time=0.062  Run Time=1.1
FIRESTARTER_EVOLVE_GPU: Seed=0  Test=86  Generation=  5  Old Result=10.00000000 >New Result=0.00002202  MinIndex=0  EvolveAge=0  Best=0.00000246   BestAge=6  Time=0.042  Run Time=1.4
FIRESTARTER_EVOLVE_GPU: Seed=0  Test=86  Generation=  6  Old Result=10.00000000 >New Result=0.00011938  MinIndex=0  EvolveAge=0  Best=0.00000246   BestAge=8  Time=0.065  Run Time=1.7
FIRESTARTER_EVOLVE_GPU: Seed=0  Test=86  Generation=  7  Old Result=10.00000000 >New Result=0.00004730  MinIndex=0  EvolveAge=0  Best=0.00000246   BestAge=10  Time=0.063  Run Time=2.0
FIRESTARTER_EVOLVE_GPU: Seed=0  Test=86  Generation=  8  Old Result=10.00000000 >New Result=0.00008979  MinIndex=0  EvolveAge=0  Best=0.00000246   BestAge=12  Time=0.063  Run Time=2.3
FIRESTARTER_EVOLVE_GPU: Seed=0  Test=86  Generation=  9  Old Result=10.00000000 >New Result=0.00003361  MinIndex=0  EvolveAge=0  Best=0.00000246   BestAge=14  Time=0.064  Run Time=2.6
FIRESTARTER_EVOLVE_GPU: Seed=0  Test=86  Generation= 10  Old Result=10.00000000 >New Result=0.00001496  MinIndex=0  EvolveAge=0  Best=0.00000246   BestAge=16  Time=0.063  Run Time=2.9
FIRESTARTER_EVOLVE_GPU: Seed=0  Test=86  Generation= 11  Old Result=10.00000000 >New Result=0.00001892  MinIndex=0  EvolveAge=0  Best=0.00000246   BestAge=18  Time=0.063  Run Time=3.2
FIRESTARTER_EVOLVE_GPU: Seed=0  Test=86  Generation= 12  Old Result=10.00000000 >New Result=0.00005250  MinIndex=0  EvolveAge=0  Best=0.00000246   BestAge=20  Time=0.064  Run Time=3.5
FIRESTARTER_EVOLVE_GPU: Seed=0  Test=86  Generation= 13  Old Result=10.00000000 >New Result=0.00005258  MinIndex=0  EvolveAge=0  Best=0.00000246   BestAge=22  Time=0.065  Run Time=3.8
FIRESTARTER_EVOLVE_GPU: Seed=0  Test=86  Generation= 14  Old Result=10.00000000 >New Result=0.00001860  MinIndex=0  EvolveAge=0  Best=0.00000246   BestAge=24  Time=0.063  Run Time=4.0
FIRESTARTER_EVOLVE_GPU: Seed=0  Test=86  Generation= 15  Old Result=10.00000000 >New Result=0.00001556  MinIndex=0  EvolveAge=0  Best=0.00000246   BestAge=26  Time=0.063  Run Time=4.3
FIRESTARTER_EVOLVE_GPU: Seed=0  Test=86  Generation= 16  Old Result=10.00000000 >New Result=0.00000340  MinIndex=0  EvolveAge=0  Best=0.00000246   BestAge=28  Time=0.063  Run Time=4.6
FIRESTARTER_EVOLVE_GPU: Seed=0  Test=86  Generation= 17  Old Result=10.00000000 >New Result=0.00018267  MinIndex=0  EvolveAge=0  Best=0.00000246   BestAge=30  Time=0.063  Run Time=4.9
FIRESTARTER_EVOLVE_GPU: Seed=0  Test=86  Generation= 18  Old Result=10.00000000 *New Result=0.00000185  MinIndex=0  EvolveAge=0  Best=0.00000185   BestAge=0  Time=0.065  Run Time=5.2
FIRESTARTER_EVOLVE_GPU: Seed=0  Test=86  Generation= 19  Old Result=10.00000000 >New Result=0.00000206  MinIndex=0  EvolveAge=0  Best=0.00000185   BestAge=2  Time=0.064  Run Time=5.5
FIRESTARTER_EVOLVE_GPU: Seed=0  Test=86  Generation= 20  Old Result=10.00000000 *New Result=0.00000054  MinIndex=0  EvolveAge=0  Best=0.00000054   BestAge=0  Time=0.064  Run Time=5.8
