CUDA devices = 1
Device 0: NVIDIA GeForce RTX 4090

variations = 1
instructions = 32
registers = 30
opcodes = 2

targetMin = 0.000000f
targetMax = 6.283185f
target = 0.000001f

mode = FIRESTARTER_OPTIMIZE
evolveSeed = 0
optimizeSeed = 0
tests = 256
streams = 1
units = 1
states = 1
generations = 0
population = 65536
passes = 384
attempts = 0
optimize = 1

scale = 0.300000f
startScale = 2.500000f
startResult = 10.000000f

FIRESTARTER_OPTIMIZE: Seed=0  Test=127  Generation=  2 *Result=0.00008273  Best=0.00008273   Time=0.1  Run Time=438.8
FIRESTARTER_OPTIMIZE: Seed=0  Test=127  Generation=  3 *Result=0.00001213  Best=0.00001213   Time=0.1  Run Time=439.3
FIRESTARTER_OPTIMIZE: Seed=0  Test=127  Generation=  4  Result=0.00019276  Best=0.00001213   Time=0.1  Run Time=439.8
FIRESTARTER_OPTIMIZE: Seed=0  Test=127  Generation=  5  Result=0.00004110  Best=0.00001213   Time=0.1  Run Time=440.2
FIRESTARTER_OPTIMIZE: Seed=0  Test=127  Generation=  6  Result=0.00023168  Best=0.00001213   Time=0.1  Run Time=440.7
FIRESTARTER_OPTIMIZE: Seed=0  Test=127  Generation=  7  Result=0.00021672  Best=0.00001213   Time=0.1  Run Time=441.1
FIRESTARTER_OPTIMIZE: Seed=0  Test=127  Generation=  8  Result=0.00020232  Best=0.00001213   Time=0.1  Run Time=441.5
FIRESTARTER_OPTIMIZE: Seed=0  Test=127  Generation=  9 *Result=0.00000048  Best=0.00000048   Time=0.1  Run Time=442.0
