CUDA devices = 1
Device 0: NVIDIA GeForce RTX 4090

variations = 1
instructions = 32
registers = 30
opcodes = 3

targetMin = 0.000000f
targetMax = 6.283185f
target = 0.000001f

mode = FIRESTARTER_OPTIMIZE
evolveSeed = 0
optimizeSeed = 0
tests = 256
streams = 1
units = 1
states = 1
generations = 0
population = 65536
passes = 384
attempts = 0
optimize = 1

scale = 0.300000f
startScale = 2.500000f
startResult = 10.000000f

FIRESTARTER_OPTIMIZE: Seed=0  Test=75  Generation=  2 *Result=0.00016370  Best=0.00016370   Time=0.1  Run Time=190.5
FIRESTARTER_OPTIMIZE: Seed=0  Test=75  Generation=  3 *Result=0.00001677  Best=0.00001677   Time=0.1  Run Time=190.8
FIRESTARTER_OPTIMIZE: Seed=0  Test=75  Generation=  4  Result=0.00018250  Best=0.00001677   Time=0.1  Run Time=191.2
FIRESTARTER_OPTIMIZE: Seed=0  Test=75  Generation=  5  Result=0.00111287  Best=0.00001677   Time=0.1  Run Time=191.5
FIRESTARTER_OPTIMIZE: Seed=0  Test=75  Generation=  6  Result=0.00035272  Best=0.00001677   Time=0.1  Run Time=191.8
FIRESTARTER_OPTIMIZE: Seed=0  Test=75  Generation=  7 *Result=0.00000052  Best=0.00000052   Time=0.1  Run Time=192.2
