CUDA devices = 1
Device 0: NVIDIA GeForce RTX 4090

variations = 1
instructions = 32
registers = 30
opcodes = 4

targetMin = 0.000000f
targetMax = 6.283185f
target = 0.000001f

mode = FIRESTARTER_OPTIMIZE
evolveSeed = 0
optimizeSeed = 0
tests = 256
streams = 1
units = 1
states = 1
generations = 0
population = 65536
passes = 384
attempts = 0
optimize = 1

scale = 0.300000f
startScale = 2.500000f
startResult = 10.000000f

FIRESTARTER_OPTIMIZE: Seed=0  Test=164  Generation=  2 *Result=0.00000750  Best=0.00000750   Time=0.1  Run Time=557.5
FIRESTARTER_OPTIMIZE: Seed=0  Test=164  Generation=  3  Result=0.00169032  Best=0.00000750   Time=0.1  Run Time=557.9
FIRESTARTER_OPTIMIZE: Seed=0  Test=164  Generation=  4  Result=0.00165657  Best=0.00000750   Time=0.1  Run Time=558.4
FIRESTARTER_OPTIMIZE: Seed=0  Test=164  Generation=  5  Result=0.00001796  Best=0.00000750   Time=0.1  Run Time=558.8
FIRESTARTER_OPTIMIZE: Seed=0  Test=164  Generation=  6  Result=0.00221055  Best=0.00000750   Time=0.1  Run Time=559.3
FIRESTARTER_OPTIMIZE: Seed=0  Test=164  Generation=  7  Result=0.00011424  Best=0.00000750   Time=0.1  Run Time=559.7
FIRESTARTER_OPTIMIZE: Seed=0  Test=164  Generation=  8 *Result=0.00000077  Best=0.00000077   Time=0.1  Run Time=560.1
