CUDA devices = 1
Device 0: NVIDIA GeForce RTX 4090

variations = 1
instructions = 32
registers = 30
opcodes = 3

targetMin = 0.000000f
targetMax = 6.283185f
target = 0.000001f

mode = FIRESTARTER_OPTIMIZE
evolveSeed = 0
optimizeSeed = 0
tests = 256
streams = 1
units = 1
states = 1
generations = 0
population = 65536
passes = 384
attempts = 0
optimize = 1

scale = 0.300000f
startScale = 2.500000f
startResult = 10.000000f

FIRESTARTER_OPTIMIZE: Seed=0  Test=237  Generation=  2 *Result=0.00000975  Best=0.00000975   Time=0.1  Run Time=702.0
FIRESTARTER_OPTIMIZE: Seed=0  Test=237  Generation=  3  Result=0.00001743  Best=0.00000975   Time=0.1  Run Time=702.4
FIRESTARTER_OPTIMIZE: Seed=0  Test=237  Generation=  4 *Result=0.00000445  Best=0.00000445   Time=0.1  Run Time=702.9
FIRESTARTER_OPTIMIZE: Seed=0  Test=237  Generation=  5  Result=0.00065553  Best=0.00000445   Time=0.1  Run Time=703.3
FIRESTARTER_OPTIMIZE: Seed=0  Test=237  Generation=  6 *Result=0.00000344  Best=0.00000344   Time=0.1  Run Time=703.8
FIRESTARTER_OPTIMIZE: Seed=0  Test=237  Generation=  7  Result=0.00217265  Best=0.00000344   Time=0.1  Run Time=704.3
FIRESTARTER_OPTIMIZE: Seed=0  Test=237  Generation=  8 *Result=0.00000010  Best=0.00000010   Time=0.1  Run Time=704.7
