CUDA devices = 1
Device 0: NVIDIA GeForce RTX 4090

variations = 1
instructions = 32
registers = 30
opcodes = 2
patternOpcodes = 2

targetMin = 0.000000f
targetMax = 6.283185f
target = 0.000001f

mode = FIRESTARTER_OPTIMIZE
evolveSeed = 0
optimizeSeed = 0
tests = 256
streams = 1
units = 1
states = 1
generations = 0
population = 65536
passes = 384
attempts = 0
optimize = 1

scale = 0.300000f
startScale = 2.500000f
startResult = 10.000000f

FIRESTARTER_OPTIMIZE: Seed=0  Test=95  Generation=  2 *Result=0.00015482  Best=0.00015482   Time=0.1  Run Time=331.0
FIRESTARTER_OPTIMIZE: Seed=0  Test=95  Generation=  3 *Result=0.00002557  Best=0.00002557   Time=0.1  Run Time=331.4
FIRESTARTER_OPTIMIZE: Seed=0  Test=95  Generation=  4  Result=0.00002972  Best=0.00002557   Time=0.1  Run Time=331.8
FIRESTARTER_OPTIMIZE: Seed=0  Test=95  Generation=  5  Result=0.00067769  Best=0.00002557   Time=0.1  Run Time=332.2
FIRESTARTER_OPTIMIZE: Seed=0  Test=95  Generation=  6 *Result=0.00000858  Best=0.00000858   Time=0.1  Run Time=332.7
FIRESTARTER_OPTIMIZE: Seed=0  Test=95  Generation=  7  Result=0.00009334  Best=0.00000858   Time=0.1  Run Time=333.1
FIRESTARTER_OPTIMIZE: Seed=0  Test=95  Generation=  8 *Result=0.00000249  Best=0.00000249   Time=0.1  Run Time=333.5
FIRESTARTER_OPTIMIZE: Seed=0  Test=95  Generation=  9  Result=0.00030271  Best=0.00000249   Time=0.1  Run Time=334.0
FIRESTARTER_OPTIMIZE: Seed=0  Test=95  Generation= 10 *Result=0.00000011  Best=0.00000011   Time=0.1  Run Time=334.4
