CUDA devices = 1
Device 0: NVIDIA GeForce RTX 4090

variations = 1
instructions = 32
registers = 30
opcodes = 2

targetMin = 0.000000f
targetMax = 6.283185f
target = 0.000001f

mode = FIRESTARTER_OPTIMIZE
evolveSeed = 0
optimizeSeed = 0
tests = 256
streams = 1
units = 1
states = 1
generations = 0
population = 65536
passes = 384
attempts = 0
optimize = 1

scale = 0.300000f
startScale = 2.500000f
startResult = 10.000000f

FIRESTARTER_OPTIMIZE: Seed=0  Test=229  Generation=  2 *Result=0.00003728  Best=0.00003728   Time=0.1  Run Time=809.5
FIRESTARTER_OPTIMIZE: Seed=0  Test=229  Generation=  3  Result=0.00065786  Best=0.00003728   Time=0.1  Run Time=810.0
FIRESTARTER_OPTIMIZE: Seed=0  Test=229  Generation=  4  Result=0.00020152  Best=0.00003728   Time=0.1  Run Time=810.4
FIRESTARTER_OPTIMIZE: Seed=0  Test=229  Generation=  5  Result=0.00222541  Best=0.00003728   Time=0.1  Run Time=810.8
FIRESTARTER_OPTIMIZE: Seed=0  Test=229  Generation=  6  Result=0.00004566  Best=0.00003728   Time=0.1  Run Time=811.3
FIRESTARTER_OPTIMIZE: Seed=0  Test=229  Generation=  7 *Result=0.00000259  Best=0.00000259   Time=0.1  Run Time=811.7
FIRESTARTER_OPTIMIZE: Seed=0  Test=229  Generation=  8  Result=0.00009067  Best=0.00000259   Time=0.1  Run Time=812.1
FIRESTARTER_OPTIMIZE: Seed=0  Test=229  Generation=  9  Result=0.00005069  Best=0.00000259   Time=0.1  Run Time=812.6
FIRESTARTER_OPTIMIZE: Seed=0  Test=229  Generation= 10  Result=0.00014448  Best=0.00000259   Time=0.1  Run Time=813.0
FIRESTARTER_OPTIMIZE: Seed=0  Test=229  Generation= 11  Result=0.00003006  Best=0.00000259   Time=0.1  Run Time=813.4
FIRESTARTER_OPTIMIZE: Seed=0  Test=229  Generation= 12 *Result=0.00000037  Best=0.00000037   Time=0.1  Run Time=813.9
