CUDA devices = 1
Device 0: NVIDIA GeForce RTX 4090

variations = 1
instructions = 32
registers = 30
opcodes = 3

targetMin = 0.000000f
targetMax = 6.283185f
target = 0.000001f

mode = FIRESTARTER_OPTIMIZE
evolveSeed = 0
optimizeSeed = 0
tests = 256
streams = 1
units = 1
states = 1
generations = 0
population = 65536
passes = 384
attempts = 0
optimize = 1

scale = 0.300000f
startScale = 2.500000f
startResult = 10.000000f

FIRESTARTER_OPTIMIZE: Seed=0  Test=70  Generation=  2 *Result=0.00006222  Best=0.00006222   Time=0.1  Run Time=236.1
FIRESTARTER_OPTIMIZE: Seed=0  Test=70  Generation=  3  Result=0.00154244  Best=0.00006222   Time=0.1  Run Time=236.5
FIRESTARTER_OPTIMIZE: Seed=0  Test=70  Generation=  4  Result=0.00061491  Best=0.00006222   Time=0.1  Run Time=237.0
FIRESTARTER_OPTIMIZE: Seed=0  Test=70  Generation=  5  Result=0.00018603  Best=0.00006222   Time=0.1  Run Time=237.4
FIRESTARTER_OPTIMIZE: Seed=0  Test=70  Generation=  6  Result=0.00069255  Best=0.00006222   Time=0.1  Run Time=237.9
FIRESTARTER_OPTIMIZE: Seed=0  Test=70  Generation=  7 *Result=0.00000163  Best=0.00000163   Time=0.1  Run Time=238.3
FIRESTARTER_OPTIMIZE: Seed=0  Test=70  Generation=  8  Result=0.00000330  Best=0.00000163   Time=0.1  Run Time=238.7
FIRESTARTER_OPTIMIZE: Seed=0  Test=70  Generation=  9  Result=0.00000369  Best=0.00000163   Time=0.1  Run Time=239.2
FIRESTARTER_OPTIMIZE: Seed=0  Test=70  Generation= 10 *Result=0.00000021  Best=0.00000021   Time=0.1  Run Time=239.6
