CUDA devices = 1
Device 0: NVIDIA GeForce RTX 4090

variations = 1
instructions = 32
registers = 30
opcodes = 3

targetMin = 0.000000f
targetMax = 6.283185f
target = 0.000001f

mode = FIRESTARTER_OPTIMIZE
evolveSeed = 0
optimizeSeed = 0
tests = 256
streams = 1
units = 1
states = 1
population = 65536
generations = 0
passes = 384
samples = 15
iterations = 64
candidates = 0
attempts = 0
optimize = 1

scale = 0.300000f
startScale = 2.500000f
startResult = 10.000000f

FIRESTARTER_OPTIMIZE: Seed=0  Test=149  Generation=  2 *Result=0.00001657  Best=0.00001657   Time=0.100  Run Time=0.6
FIRESTARTER_OPTIMIZE: Seed=0  Test=149  Generation=  3  Result=0.00027541  Best=0.00001657   Time=0.100  Run Time=1.1
FIRESTARTER_OPTIMIZE: Seed=0  Test=149  Generation=  4  Result=0.00002958  Best=0.00001657   Time=0.099  Run Time=1.6
FIRESTARTER_OPTIMIZE: Seed=0  Test=149  Generation=  5 *Result=0.00000202  Best=0.00000202   Time=0.097  Run Time=2.0
FIRESTARTER_OPTIMIZE: Seed=0  Test=149  Generation=  6  Result=0.00000703  Best=0.00000202   Time=0.098  Run Time=2.5
FIRESTARTER_OPTIMIZE: Seed=0  Test=149  Generation=  7  Result=0.00000863  Best=0.00000202   Time=0.099  Run Time=2.9
FIRESTARTER_OPTIMIZE: Seed=0  Test=149  Generation=  8  Result=0.00012407  Best=0.00000202   Time=0.097  Run Time=3.4
FIRESTARTER_OPTIMIZE: Seed=0  Test=149  Generation=  9  Result=0.00085211  Best=0.00000202   Time=0.100  Run Time=3.9
FIRESTARTER_OPTIMIZE: Seed=0  Test=149  Generation= 10 *Result=0.00000124  Best=0.00000124   Time=0.099  Run Time=4.3
FIRESTARTER_OPTIMIZE: Seed=0  Test=149  Generation= 11 *Result=0.00000005  Best=0.00000005   Time=0.117  Run Time=4.8
