CUDA devices = 1
Device 0: NVIDIA GeForce RTX 4090

variations = 1
instructions = 32
registers = 30
opcodes = 3

targetMin = 0.000000f
targetMax = 6.283185f
target = 0.000001f

mode = FIRESTARTER_OPTIMIZE
evolveSeed = 0
optimizeSeed = 0
tests = 256
streams = 1
units = 1
states = 1
population = 65536
generations = 0
passes = 384
samples = 15
iterations = 64
candidates = 0
attempts = 0
optimize = 1

scale = 0.300000f
startScale = 2.500000f
startResult = 10.000000f

FIRESTARTER_OPTIMIZE: Seed=0  Test=39  Generation=  2 *Result=0.00001226  Best=0.00001226   Time=0.100  Run Time=0.6
FIRESTARTER_OPTIMIZE: Seed=0  Test=39  Generation=  3  Result=0.00006641  Best=0.00001226   Time=0.100  Run Time=1.1
FIRESTARTER_OPTIMIZE: Seed=0  Test=39  Generation=  4  Result=0.00002185  Best=0.00001226   Time=0.098  Run Time=1.5
FIRESTARTER_OPTIMIZE: Seed=0  Test=39  Generation=  5  Result=0.00079220  Best=0.00001226   Time=0.102  Run Time=2.0
FIRESTARTER_OPTIMIZE: Seed=0  Test=39  Generation=  6  Result=0.00006813  Best=0.00001226   Time=0.098  Run Time=2.4
FIRESTARTER_OPTIMIZE: Seed=0  Test=39  Generation=  7  Result=0.00042143  Best=0.00001226   Time=0.098  Run Time=2.9
FIRESTARTER_OPTIMIZE: Seed=0  Test=39  Generation=  8 *Result=0.00000502  Best=0.00000502   Time=0.099  Run Time=3.4
FIRESTARTER_OPTIMIZE: Seed=0  Test=39  Generation=  9  Result=0.00014496  Best=0.00000502   Time=0.100  Run Time=3.8
FIRESTARTER_OPTIMIZE: Seed=0  Test=39  Generation= 10  Result=0.00005105  Best=0.00000502   Time=0.099  Run Time=4.3
FIRESTARTER_OPTIMIZE: Seed=0  Test=39  Generation= 11  Result=0.00001252  Best=0.00000502   Time=0.102  Run Time=4.8
FIRESTARTER_OPTIMIZE: Seed=0  Test=39  Generation= 12  Result=0.00016529  Best=0.00000502   Time=0.096  Run Time=5.2
FIRESTARTER_OPTIMIZE: Seed=0  Test=39  Generation= 13  Result=0.00068247  Best=0.00000502   Time=0.098  Run Time=5.7
FIRESTARTER_OPTIMIZE: Seed=0  Test=39  Generation= 14 *Result=0.00000053  Best=0.00000053   Time=0.099  Run Time=6.1
