CUDA devices = 1
Device 0: NVIDIA GeForce RTX 4090

variations = 1
instructions = 32
registers = 30
opcodes = 4

targetMin = 0.000000f
targetMax = 6.283185f
target = 0.000001f

mode = FIRESTARTER_OPTIMIZE
evolveSeed = 0
optimizeSeed = 0
tests = 256
streams = 1
units = 1
states = 1
generations = 0
population = 65536
passes = 384
attempts = 0
optimize = 1

scale = 0.300000f
startScale = 2.500000f
startResult = 10.000000f

FIRESTARTER_OPTIMIZE: Seed=0  Test=93  Generation=  2 *Result=0.00000250  Best=0.00000250   Time=0.1  Run Time=302.9
FIRESTARTER_OPTIMIZE: Seed=0  Test=93  Generation=  3  Result=0.00007076  Best=0.00000250   Time=0.1  Run Time=303.3
FIRESTARTER_OPTIMIZE: Seed=0  Test=93  Generation=  4  Result=0.00000948  Best=0.00000250   Time=0.1  Run Time=303.7
FIRESTARTER_OPTIMIZE: Seed=0  Test=93  Generation=  5  Result=0.00001450  Best=0.00000250   Time=0.1  Run Time=304.2
FIRESTARTER_OPTIMIZE: Seed=0  Test=93  Generation=  6  Result=0.00025526  Best=0.00000250   Time=0.1  Run Time=304.6
FIRESTARTER_OPTIMIZE: Seed=0  Test=93  Generation=  7  Result=0.00001362  Best=0.00000250   Time=0.1  Run Time=305.0
FIRESTARTER_OPTIMIZE: Seed=0  Test=93  Generation=  8  Result=0.00053489  Best=0.00000250   Time=0.1  Run Time=305.4
FIRESTARTER_OPTIMIZE: Seed=0  Test=93  Generation=  9 *Result=0.00000010  Best=0.00000010   Time=0.1  Run Time=305.9
