CUDA devices = 1
Device 0: NVIDIA GeForce RTX 4090

variations = 1
instructions = 32
registers = 30
opcodes = 4

targetMin = 0.000000f
targetMax = 6.283185f
target = 0.000001f

mode = FIRESTARTER_OPTIMIZE
evolveSeed = 0
optimizeSeed = 0
tests = 256
streams = 1
units = 1
states = 1
generations = 0
population = 65536
passes = 384
attempts = 0
optimize = 1

scale = 0.300000f
startScale = 2.500000f
startResult = 10.000000f

FIRESTARTER_OPTIMIZE: Seed=0  Test=154  Generation=  2 *Result=0.00001544  Best=0.00001544   Time=0.1  Run Time=532.2
FIRESTARTER_OPTIMIZE: Seed=0  Test=154  Generation=  3 *Result=0.00001076  Best=0.00001076   Time=0.2  Run Time=532.8
FIRESTARTER_OPTIMIZE: Seed=0  Test=154  Generation=  4  Result=0.00005064  Best=0.00001076   Time=0.1  Run Time=533.2
FIRESTARTER_OPTIMIZE: Seed=0  Test=154  Generation=  5 *Result=0.00000089  Best=0.00000089   Time=0.1  Run Time=533.6
