CUDA devices = 1
Device 0: NVIDIA GeForce RTX 4090

variations = 1
instructions = 32
registers = 30
opcodes = 3

targetMin = 0.000000f
targetMax = 6.283185f
target = 0.000001f

mode = FIRESTARTER_OPTIMIZE
evolveSeed = 0
optimizeSeed = 0
tests = 256
streams = 1
units = 1
states = 1
population = 65536
generations = 0
passes = 384
samples = 15
iterations = 64
candidates = 0
attempts = 0
optimize = 1

scale = 0.300000f
startScale = 2.500000f
startResult = 10.000000f

FIRESTARTER_OPTIMIZE: Seed=0  Test=74  Generation=  2 *Result=0.00104534  Best=0.00104534   Time=0.095  Run Time=0.6
FIRESTARTER_OPTIMIZE: Seed=0  Test=74  Generation=  3 *Result=0.00068117  Best=0.00068117   Time=0.096  Run Time=1.0
FIRESTARTER_OPTIMIZE: Seed=0  Test=74  Generation=  4 *Result=0.00018268  Best=0.00018268   Time=0.096  Run Time=1.4
FIRESTARTER_OPTIMIZE: Seed=0  Test=74  Generation=  5  Result=0.00076559  Best=0.00018268   Time=0.093  Run Time=1.9
FIRESTARTER_OPTIMIZE: Seed=0  Test=74  Generation=  6 *Result=0.00000831  Best=0.00000831   Time=0.092  Run Time=2.3
FIRESTARTER_OPTIMIZE: Seed=0  Test=74  Generation=  7  Result=0.00010887  Best=0.00000831   Time=0.095  Run Time=2.7
FIRESTARTER_OPTIMIZE: Seed=0  Test=74  Generation=  8 *Result=0.00000196  Best=0.00000196   Time=0.095  Run Time=3.1
FIRESTARTER_OPTIMIZE: Seed=0  Test=74  Generation=  9  Result=0.00031927  Best=0.00000196   Time=0.094  Run Time=3.6
FIRESTARTER_OPTIMIZE: Seed=0  Test=74  Generation= 10 *Result=0.00000012  Best=0.00000012   Time=0.095  Run Time=4.0
