CUDA devices = 2
Device 0: NVIDIA GeForce RTX 5090
Device 1: NVIDIA GeForce RTX 5090

variations = 1
instructions = 32
registers = 30
opcodes = 3

targetMin = 0.000000f
targetMax = 6.283185f
target = 0.000001f

mode = FIRESTARTER_OPTIMIZE
evolveSeed = 0
optimizeSeed = 0
tests = 256
streams = 1
units = 1
states = 1
population = 65536
generations = 0
passes = 384
samples = 15
iterations = 64
candidates = 0
attempts = 0
optimize = 1

scale = 0.300000f
startScale = 2.500000f
startResult = 10.000000f

FIRESTARTER_OPTIMIZE: Seed=0  Test=104  Generation=  2 *Result=0.00000318  Best=0.00000318   Time=0.131  Run Time=0.6
FIRESTARTER_OPTIMIZE: Seed=0  Test=104  Generation=  3  Result=0.00035504  Best=0.00000318   Time=0.047  Run Time=0.9
FIRESTARTER_OPTIMIZE: Seed=0  Test=104  Generation=  4  Result=0.00009429  Best=0.00000318   Time=0.047  Run Time=1.2
FIRESTARTER_OPTIMIZE: Seed=0  Test=104  Generation=  5  Result=0.00006285  Best=0.00000318   Time=0.048  Run Time=1.5
FIRESTARTER_OPTIMIZE: Seed=0  Test=104  Generation=  6  Result=0.00001019  Best=0.00000318   Time=0.048  Run Time=1.8
FIRESTARTER_OPTIMIZE: Seed=0  Test=104  Generation=  7  Result=0.00024779  Best=0.00000318   Time=0.048  Run Time=2.1
FIRESTARTER_OPTIMIZE: Seed=0  Test=104  Generation=  8 *Result=0.00000013  Best=0.00000013   Time=0.047  Run Time=2.4
