CUDA devices = 1
Device 0: NVIDIA GeForce RTX 4090

variations = 1
instructions = 32
registers = 30
opcodes = 4

targetMin = 0.000000f
targetMax = 6.283185f
target = 0.000001f

mode = FIRESTARTER_OPTIMIZE
evolveSeed = 0
optimizeSeed = 0
tests = 256
streams = 1
units = 1
states = 1
generations = 0
population = 65536
passes = 384
attempts = 0
optimize = 1

scale = 0.300000f
startScale = 2.500000f
startResult = 10.000000f

FIRESTARTER_OPTIMIZE: Seed=0  Test=243  Generation=  2 *Result=0.00153293  Best=0.00153293   Time=0.1  Run Time=835.4
FIRESTARTER_OPTIMIZE: Seed=0  Test=243  Generation=  3 *Result=0.00001034  Best=0.00001034   Time=0.1  Run Time=835.8
FIRESTARTER_OPTIMIZE: Seed=0  Test=243  Generation=  4  Result=0.00007691  Best=0.00001034   Time=0.1  Run Time=836.3
FIRESTARTER_OPTIMIZE: Seed=0  Test=243  Generation=  5 *Result=0.00000399  Best=0.00000399   Time=0.1  Run Time=836.7
FIRESTARTER_OPTIMIZE: Seed=0  Test=243  Generation=  6  Result=0.00055401  Best=0.00000399   Time=0.1  Run Time=837.1
FIRESTARTER_OPTIMIZE: Seed=0  Test=243  Generation=  7  Result=0.00279970  Best=0.00000399   Time=0.1  Run Time=837.6
FIRESTARTER_OPTIMIZE: Seed=0  Test=243  Generation=  8  Result=0.00053255  Best=0.00000399   Time=0.1  Run Time=838.0
FIRESTARTER_OPTIMIZE: Seed=0  Test=243  Generation=  9 *Result=0.00000012  Best=0.00000012   Time=0.2  Run Time=838.5
