CUDA devices = 1
Device 0: NVIDIA GeForce RTX 5090

variations = 1
instructions = 32
registers = 30
opcodes = 3

targetMin = 0.000000f
targetMax = 6.283185f
target = 0.000001f

mode = FIRESTARTER_EVOLVE_GPU
evolveSeed = 0
optimizeSeed = 0
tests = 256
streams = 1
units = 1
states = 1
population = 65536
generations = 0
passes = 256
samples = 15
iterations = 64
candidates = 0
optimize = 1

scale = 0.300000f
startScale = 2.500000f
startResult = 10.000000f


FIRESTARTER_EVOLVE_GPU: Seed=0  Test=202  Generation=  2  Old Result=10.00000000 *New Result=0.00671241  MinIndex=0  EvolveAge=0  Best=0.00671241   BestAge=0  Time=0.032  Run Time=0.5
FIRESTARTER_EVOLVE_GPU: Seed=0  Test=202  Generation=  3  Old Result=10.00000000 *New Result=0.00022766  MinIndex=0  EvolveAge=0  Best=0.00022766   BestAge=0  Time=0.033  Run Time=0.8
FIRESTARTER_EVOLVE_GPU: Seed=0  Test=202  Generation=  4  Old Result=10.00000000 *New Result=0.00022344  MinIndex=0  EvolveAge=0  Best=0.00022344   BestAge=0  Time=0.033  Run Time=1.1
FIRESTARTER_EVOLVE_GPU: Seed=0  Test=202  Generation=  5  Old Result=10.00000000 *New Result=0.00001702  MinIndex=0  EvolveAge=0  Best=0.00001702   BestAge=0  Time=0.033  Run Time=1.4
FIRESTARTER_EVOLVE_GPU: Seed=0  Test=202  Generation=  6  Old Result=10.00000000 >New Result=0.00010304  MinIndex=0  EvolveAge=0  Best=0.00001702   BestAge=2  Time=0.037  Run Time=1.7
FIRESTARTER_EVOLVE_GPU: Seed=0  Test=202  Generation=  7  Old Result=10.00000000 >New Result=0.00057239  MinIndex=0  EvolveAge=0  Best=0.00001702   BestAge=4  Time=0.037  Run Time=2.0
FIRESTARTER_EVOLVE_GPU: Seed=0  Test=202  Generation=  8  Old Result=10.00000000 >New Result=0.00010256  MinIndex=0  EvolveAge=0  Best=0.00001702   BestAge=6  Time=0.037  Run Time=2.3
FIRESTARTER_EVOLVE_GPU: Seed=0  Test=202  Generation=  9  Old Result=10.00000000 >New Result=0.00010475  MinIndex=0  EvolveAge=0  Best=0.00001702   BestAge=8  Time=0.037  Run Time=2.6
FIRESTARTER_EVOLVE_GPU: Seed=0  Test=202  Generation= 10  Old Result=10.00000000 >New Result=0.00067659  MinIndex=0  EvolveAge=0  Best=0.00001702   BestAge=10  Time=0.031  Run Time=2.9
FIRESTARTER_EVOLVE_GPU: Seed=0  Test=202  Generation= 11  Old Result=10.00000000 >New Result=0.00010346  MinIndex=0  EvolveAge=0  Best=0.00001702   BestAge=12  Time=0.037  Run Time=3.2
FIRESTARTER_EVOLVE_GPU: Seed=0  Test=202  Generation= 12  Old Result=10.00000000 >New Result=0.00010276  MinIndex=0  EvolveAge=0  Best=0.00001702   BestAge=14  Time=0.037  Run Time=3.5
FIRESTARTER_EVOLVE_GPU: Seed=0  Test=202  Generation= 13  Old Result=10.00000000 >New Result=0.00010413  MinIndex=0  EvolveAge=0  Best=0.00001702   BestAge=16  Time=0.037  Run Time=3.8
FIRESTARTER_EVOLVE_GPU: Seed=0  Test=202  Generation= 14  Old Result=10.00000000 *New Result=0.00000483  MinIndex=0  EvolveAge=0  Best=0.00000483   BestAge=0  Time=0.032  Run Time=4.1
FIRESTARTER_EVOLVE_GPU: Seed=0  Test=202  Generation= 15  Old Result=10.00000000 >New Result=0.00323400  MinIndex=0  EvolveAge=0  Best=0.00000483   BestAge=2  Time=0.030  Run Time=4.4
FIRESTARTER_EVOLVE_GPU: Seed=0  Test=202  Generation= 16  Old Result=10.00000000 >New Result=0.00323309  MinIndex=0  EvolveAge=0  Best=0.00000483   BestAge=4  Time=0.030  Run Time=4.7
FIRESTARTER_EVOLVE_GPU: Seed=0  Test=202  Generation= 17  Old Result=10.00000000 >New Result=0.00064903  MinIndex=0  EvolveAge=0  Best=0.00000483   BestAge=6  Time=0.031  Run Time=5.0
FIRESTARTER_EVOLVE_GPU: Seed=0  Test=202  Generation= 18  Old Result=10.00000000 >New Result=0.00005834  MinIndex=0  EvolveAge=0  Best=0.00000483   BestAge=8  Time=0.032  Run Time=5.3
FIRESTARTER_EVOLVE_GPU: Seed=0  Test=202  Generation= 19  Old Result=10.00000000 *New Result=0.00000164  MinIndex=0  EvolveAge=0  Best=0.00000164   BestAge=0  Time=0.033  Run Time=5.6
FIRESTARTER_EVOLVE_GPU: Seed=0  Test=202  Generation= 20  Old Result=10.00000000 *New Result=0.00000079  MinIndex=0  EvolveAge=0  Best=0.00000079   BestAge=0  Time=0.031  Run Time=5.9
