CUDA devices = 1
Device 0: NVIDIA GeForce RTX 4090

variations = 1
instructions = 32
registers = 30
opcodes = 2
patternOpcodes = 4

targetMin = 0.000000f
targetMax = 6.283185f
target = 0.000001f

mode = FIRESTARTER_OPTIMIZE
evolveSeed = 0
optimizeSeed = 0
tests = 256
streams = 1
units = 1
states = 1
generations = 0
population = 65536
passes = 384
attempts = 0
optimize = 1

scale = 0.300000f
startScale = 2.500000f
startResult = 10.000000f

FIRESTARTER_OPTIMIZE: Seed=0  Test=213  Generation=  2 *Result=0.00103174  Best=0.00103174   Time=0.1  Run Time=722.4
FIRESTARTER_OPTIMIZE: Seed=0  Test=213  Generation=  3 *Result=0.00000537  Best=0.00000537   Time=0.1  Run Time=722.8
FIRESTARTER_OPTIMIZE: Seed=0  Test=213  Generation=  4  Result=0.00001100  Best=0.00000537   Time=0.1  Run Time=723.3
FIRESTARTER_OPTIMIZE: Seed=0  Test=213  Generation=  5  Result=0.00004226  Best=0.00000537   Time=0.1  Run Time=723.7
FIRESTARTER_OPTIMIZE: Seed=0  Test=213  Generation=  6  Result=0.00020025  Best=0.00000537   Time=0.1  Run Time=724.1
FIRESTARTER_OPTIMIZE: Seed=0  Test=213  Generation=  7  Result=0.00114663  Best=0.00000537   Time=0.1  Run Time=724.7
FIRESTARTER_OPTIMIZE: Seed=0  Test=213  Generation=  8  Result=0.00006818  Best=0.00000537   Time=0.1  Run Time=725.1
FIRESTARTER_OPTIMIZE: Seed=0  Test=213  Generation=  9  Result=0.00002534  Best=0.00000537   Time=0.1  Run Time=725.6
FIRESTARTER_OPTIMIZE: Seed=0  Test=213  Generation= 10  Result=0.00003553  Best=0.00000537   Time=0.1  Run Time=726.0
FIRESTARTER_OPTIMIZE: Seed=0  Test=213  Generation= 11  Result=0.00007604  Best=0.00000537   Time=0.1  Run Time=726.4
FIRESTARTER_OPTIMIZE: Seed=0  Test=213  Generation= 12 *Result=0.00000011  Best=0.00000011   Time=0.1  Run Time=726.9
