CUDA devices = 1
Device 0: NVIDIA GeForce RTX 4090

variations = 1
instructions = 32
registers = 30
opcodes = 3

targetMin = 0.000000f
targetMax = 6.283185f
target = 0.000001f

mode = FIRESTARTER_OPTIMIZE
evolveSeed = 0
optimizeSeed = 0
tests = 256
streams = 1
units = 1
states = 1
population = 65536
generations = 0
passes = 512
samples = 15
iterations = 64
candidates = 0
optimize = 1

scale = 0.300000f
startScale = 2.500000f
startResult = 10.000000f

FIRESTARTER_OPTIMIZE: Seed=0  Test=23  Generation=  2 *Result=0.00023784  Best=0.00023784   Time=0.124  Run Time=0.5
FIRESTARTER_OPTIMIZE: Seed=0  Test=23  Generation=  3 *Result=0.00018300  Best=0.00018300   Time=0.123  Run Time=0.8
FIRESTARTER_OPTIMIZE: Seed=0  Test=23  Generation=  4 *Result=0.00000114  Best=0.00000114   Time=0.125  Run Time=1.1
FIRESTARTER_OPTIMIZE: Seed=0  Test=23  Generation=  5  Result=0.00013065  Best=0.00000114   Time=0.122  Run Time=1.6
FIRESTARTER_OPTIMIZE: Seed=0  Test=23  Generation=  6  Result=0.00009293  Best=0.00000114   Time=0.121  Run Time=2.1
FIRESTARTER_OPTIMIZE: Seed=0  Test=23  Generation=  7  Result=0.00000679  Best=0.00000114   Time=0.122  Run Time=2.6
FIRESTARTER_OPTIMIZE: Seed=0  Test=23  Generation=  8  Result=0.00009775  Best=0.00000114   Time=0.120  Run Time=3.0
FIRESTARTER_OPTIMIZE: Seed=0  Test=23  Generation=  9  Result=0.00008063  Best=0.00000114   Time=0.123  Run Time=3.5
FIRESTARTER_OPTIMIZE: Seed=0  Test=23  Generation= 10  Result=0.00001344  Best=0.00000114   Time=0.124  Run Time=4.0
FIRESTARTER_OPTIMIZE: Seed=0  Test=23  Generation= 11 *Result=0.00000014  Best=0.00000014   Time=0.125  Run Time=4.5
