CUDA devices = 1
Device 0: NVIDIA GeForce RTX 4090

variations = 1
instructions = 32
registers = 30
opcodes = 3

targetMin = 0.000000f
targetMax = 6.283185f
target = 0.000001f

mode = FIRESTARTER_OPTIMIZE
evolveSeed = 0
optimizeSeed = 0
tests = 256
streams = 1
units = 1
states = 1
population = 65536
generations = 0
passes = 384
samples = 15
iterations = 64
candidates = 0
attempts = 0
optimize = 1

scale = 0.300000f
startScale = 2.500000f
startResult = 10.000000f

FIRESTARTER_OPTIMIZE: Seed=0  Test=114  Generation=  2 *Result=0.00018819  Best=0.00018819   Time=0.094  Run Time=0.6
FIRESTARTER_OPTIMIZE: Seed=0  Test=114  Generation=  3 *Result=0.00017715  Best=0.00017715   Time=0.092  Run Time=1.0
FIRESTARTER_OPTIMIZE: Seed=0  Test=114  Generation=  4 *Result=0.00000250  Best=0.00000250   Time=0.096  Run Time=1.4
FIRESTARTER_OPTIMIZE: Seed=0  Test=114  Generation=  5 *Result=0.00000191  Best=0.00000191   Time=0.094  Run Time=1.9
FIRESTARTER_OPTIMIZE: Seed=0  Test=114  Generation=  6  Result=0.00018849  Best=0.00000191   Time=0.095  Run Time=2.3
FIRESTARTER_OPTIMIZE: Seed=0  Test=114  Generation=  7  Result=0.00010504  Best=0.00000191   Time=0.094  Run Time=2.7
FIRESTARTER_OPTIMIZE: Seed=0  Test=114  Generation=  8  Result=0.00096853  Best=0.00000191   Time=0.096  Run Time=3.2
FIRESTARTER_OPTIMIZE: Seed=0  Test=114  Generation=  9  Result=0.00149801  Best=0.00000191   Time=0.095  Run Time=3.6
FIRESTARTER_OPTIMIZE: Seed=0  Test=114  Generation= 10 *Result=0.00000152  Best=0.00000152   Time=0.096  Run Time=4.0
FIRESTARTER_OPTIMIZE: Seed=0  Test=114  Generation= 11  Result=0.00031570  Best=0.00000152   Time=0.095  Run Time=4.5
FIRESTARTER_OPTIMIZE: Seed=0  Test=114  Generation= 12  Result=0.00002316  Best=0.00000152   Time=0.094  Run Time=4.9
FIRESTARTER_OPTIMIZE: Seed=0  Test=114  Generation= 13 *Result=0.00000033  Best=0.00000033   Time=0.095  Run Time=5.3
