CUDA devices = 1
Device 0: NVIDIA GeForce RTX 4090

variations = 1
instructions = 32
registers = 30
opcodes = 3

targetMin = 0.000000f
targetMax = 6.283185f
target = 0.000001f

mode = FIRESTARTER_OPTIMIZE
evolveSeed = 0
optimizeSeed = 0
tests = 256
streams = 1
units = 1
states = 1
population = 65536
generations = 0
passes = 384
samples = 15
iterations = 64
candidates = 0
attempts = 0
optimize = 1

scale = 0.300000f
startScale = 2.500000f
startResult = 10.000000f

FIRESTARTER_OPTIMIZE: Seed=0  Test=12  Generation=  2 *Result=0.00061598  Best=0.00061598   Time=0.109  Run Time=0.5
FIRESTARTER_OPTIMIZE: Seed=0  Test=12  Generation=  3 *Result=0.00000376  Best=0.00000376   Time=0.108  Run Time=0.9
FIRESTARTER_OPTIMIZE: Seed=0  Test=12  Generation=  4  Result=0.00015611  Best=0.00000376   Time=0.107  Run Time=1.3
FIRESTARTER_OPTIMIZE: Seed=0  Test=12  Generation=  5  Result=0.00000581  Best=0.00000376   Time=0.105  Run Time=1.6
FIRESTARTER_OPTIMIZE: Seed=0  Test=12  Generation=  6 *Result=0.00000201  Best=0.00000201   Time=0.105  Run Time=2.0
FIRESTARTER_OPTIMIZE: Seed=0  Test=12  Generation=  7  Result=0.00005715  Best=0.00000201   Time=0.106  Run Time=2.3
FIRESTARTER_OPTIMIZE: Seed=0  Test=12  Generation=  8 *Result=0.00000143  Best=0.00000143   Time=0.103  Run Time=2.7
FIRESTARTER_OPTIMIZE: Seed=0  Test=12  Generation=  9  Result=0.00000326  Best=0.00000143   Time=0.106  Run Time=3.0
FIRESTARTER_OPTIMIZE: Seed=0  Test=12  Generation= 10 *Result=0.00000007  Best=0.00000007   Time=0.107  Run Time=3.4
