CUDA devices = 1
Device 0: NVIDIA GeForce RTX 4090

variations = 1
instructions = 32
registers = 30
opcodes = 2
patternOpcodes = 4

targetMin = 0.000000f
targetMax = 6.283185f
target = 0.000001f

mode = FIRESTARTER_OPTIMIZE
evolveSeed = 0
optimizeSeed = 0
tests = 256
streams = 1
units = 1
states = 1
generations = 0
population = 65536
passes = 384
attempts = 0
optimize = 1

scale = 0.300000f
startScale = 2.500000f
startResult = 10.000000f

FIRESTARTER_OPTIMIZE: Seed=0  Test=191  Generation=  2 *Result=0.00104629  Best=0.00104629   Time=0.1  Run Time=598.9
FIRESTARTER_OPTIMIZE: Seed=0  Test=191  Generation=  3 *Result=0.00000175  Best=0.00000175   Time=0.1  Run Time=599.3
FIRESTARTER_OPTIMIZE: Seed=0  Test=191  Generation=  4  Result=0.00020486  Best=0.00000175   Time=0.1  Run Time=599.8
FIRESTARTER_OPTIMIZE: Seed=0  Test=191  Generation=  5  Result=0.00085801  Best=0.00000175   Time=0.1  Run Time=600.2
FIRESTARTER_OPTIMIZE: Seed=0  Test=191  Generation=  6  Result=0.00000503  Best=0.00000175   Time=0.1  Run Time=600.6
FIRESTARTER_OPTIMIZE: Seed=0  Test=191  Generation=  7  Result=0.00000368  Best=0.00000175   Time=0.1  Run Time=601.1
FIRESTARTER_OPTIMIZE: Seed=0  Test=191  Generation=  8  Result=0.00001913  Best=0.00000175   Time=0.1  Run Time=601.5
FIRESTARTER_OPTIMIZE: Seed=0  Test=191  Generation=  9  Result=0.00018248  Best=0.00000175   Time=0.1  Run Time=602.0
FIRESTARTER_OPTIMIZE: Seed=0  Test=191  Generation= 10  Result=0.00003717  Best=0.00000175   Time=0.1  Run Time=602.4
FIRESTARTER_OPTIMIZE: Seed=0  Test=191  Generation= 11 *Result=0.00000024  Best=0.00000024   Time=0.1  Run Time=602.8
