CUDA devices = 1
Device 0: NVIDIA GeForce RTX 4090

variations = 1
instructions = 32
registers = 30
opcodes = 3

targetMin = 0.000000f
targetMax = 6.283185f
target = 0.000001f

mode = FIRESTARTER_OPTIMIZE
evolveSeed = 0
optimizeSeed = 0
tests = 256
streams = 1
units = 1
states = 1
population = 65536
generations = 0
passes = 512
samples = 15
iterations = 64
candidates = 0
optimize = 1

scale = 0.300000f
startScale = 2.500000f
startResult = 10.000000f

FIRESTARTER_OPTIMIZE: Seed=0  Test=63  Generation=  2 *Result=0.00001513  Best=0.00001513   Time=0.123  Run Time=0.7
FIRESTARTER_OPTIMIZE: Seed=0  Test=63  Generation=  3  Result=0.00009641  Best=0.00001513   Time=0.121  Run Time=1.0
FIRESTARTER_OPTIMIZE: Seed=0  Test=63  Generation=  4  Result=0.00004520  Best=0.00001513   Time=0.126  Run Time=1.3
FIRESTARTER_OPTIMIZE: Seed=0  Test=63  Generation=  5  Result=0.00018746  Best=0.00001513   Time=0.125  Run Time=1.8
FIRESTARTER_OPTIMIZE: Seed=0  Test=63  Generation=  6 *Result=0.00000457  Best=0.00000457   Time=0.208  Run Time=2.4
FIRESTARTER_OPTIMIZE: Seed=0  Test=63  Generation=  7  Result=0.00002656  Best=0.00000457   Time=0.121  Run Time=2.7
FIRESTARTER_OPTIMIZE: Seed=0  Test=63  Generation=  8  Result=0.00002255  Best=0.00000457   Time=0.121  Run Time=3.0
FIRESTARTER_OPTIMIZE: Seed=0  Test=63  Generation=  9  Result=0.00001185  Best=0.00000457   Time=0.121  Run Time=3.5
FIRESTARTER_OPTIMIZE: Seed=0  Test=63  Generation= 10 *Result=0.00000178  Best=0.00000178   Time=0.120  Run Time=4.0
FIRESTARTER_OPTIMIZE: Seed=0  Test=63  Generation= 11 *Result=0.00000008  Best=0.00000008   Time=0.122  Run Time=4.5
