CUDA devices = 1
Device 0: NVIDIA GeForce RTX 4090

variations = 1
instructions = 32
registers = 30
opcodes = 3

targetMin = 0.000000f
targetMax = 6.283185f
target = 0.000001f

mode = FIRESTARTER_OPTIMIZE
evolveSeed = 0
optimizeSeed = 0
tests = 256
streams = 1
units = 1
states = 1
population = 65536
generations = 0
passes = 384
samples = 15
iterations = 64
candidates = 0
attempts = 0
optimize = 1

scale = 0.300000f
startScale = 2.500000f
startResult = 10.000000f

FIRESTARTER_OPTIMIZE: Seed=0  Test=121  Generation=  2 *Result=0.00000238  Best=0.00000238   Time=0.096  Run Time=0.6
FIRESTARTER_OPTIMIZE: Seed=0  Test=121  Generation=  3  Result=0.00095099  Best=0.00000238   Time=0.095  Run Time=0.9
FIRESTARTER_OPTIMIZE: Seed=0  Test=121  Generation=  4  Result=0.00019550  Best=0.00000238   Time=0.093  Run Time=1.4
FIRESTARTER_OPTIMIZE: Seed=0  Test=121  Generation=  5  Result=0.00002313  Best=0.00000238   Time=0.092  Run Time=1.8
FIRESTARTER_OPTIMIZE: Seed=0  Test=121  Generation=  6  Result=0.00044134  Best=0.00000238   Time=0.092  Run Time=2.2
FIRESTARTER_OPTIMIZE: Seed=0  Test=121  Generation=  7  Result=0.00069214  Best=0.00000238   Time=0.094  Run Time=2.6
FIRESTARTER_OPTIMIZE: Seed=0  Test=121  Generation=  8  Result=0.00000817  Best=0.00000238   Time=0.091  Run Time=3.1
FIRESTARTER_OPTIMIZE: Seed=0  Test=121  Generation=  9  Result=0.00022988  Best=0.00000238   Time=0.096  Run Time=3.5
FIRESTARTER_OPTIMIZE: Seed=0  Test=121  Generation= 10  Result=0.00261052  Best=0.00000238   Time=0.095  Run Time=3.9
FIRESTARTER_OPTIMIZE: Seed=0  Test=121  Generation= 11 *Result=0.00000076  Best=0.00000076   Time=0.096  Run Time=4.4
