CUDA devices = 1
Device 0: NVIDIA GeForce RTX 4090

variations = 1
instructions = 32
registers = 30
opcodes = 4

targetMin = 0.000000f
targetMax = 6.283185f
target = 0.000001f

mode = FIRESTARTER_OPTIMIZE
evolveSeed = 0
optimizeSeed = 0
tests = 256
streams = 1
units = 1
states = 1
generations = 0
population = 65536
passes = 384
attempts = 0
optimize = 1

scale = 0.300000f
startScale = 2.500000f
startResult = 10.000000f

FIRESTARTER_OPTIMIZE: Seed=0  Test=103  Generation=  2 *Result=0.00020009  Best=0.00020009   Time=0.1  Run Time=330.5
FIRESTARTER_OPTIMIZE: Seed=0  Test=103  Generation=  3  Result=0.00221189  Best=0.00020009   Time=0.1  Run Time=330.9
FIRESTARTER_OPTIMIZE: Seed=0  Test=103  Generation=  4 *Result=0.00010054  Best=0.00010054   Time=0.1  Run Time=331.4
FIRESTARTER_OPTIMIZE: Seed=0  Test=103  Generation=  5  Result=0.00091157  Best=0.00010054   Time=0.1  Run Time=331.8
FIRESTARTER_OPTIMIZE: Seed=0  Test=103  Generation=  6 *Result=0.00008260  Best=0.00008260   Time=0.1  Run Time=332.2
FIRESTARTER_OPTIMIZE: Seed=0  Test=103  Generation=  7  Result=0.00018251  Best=0.00008260   Time=0.1  Run Time=332.6
FIRESTARTER_OPTIMIZE: Seed=0  Test=103  Generation=  8 *Result=0.00000115  Best=0.00000115   Time=0.1  Run Time=333.1
FIRESTARTER_OPTIMIZE: Seed=0  Test=103  Generation=  9  Result=0.00000330  Best=0.00000115   Time=0.1  Run Time=333.5
FIRESTARTER_OPTIMIZE: Seed=0  Test=103  Generation= 10 *Result=0.00000040  Best=0.00000040   Time=0.1  Run Time=333.9
