CUDA devices = 1
Device 0: NVIDIA GeForce RTX 4090

variations = 1
instructions = 32
registers = 30
opcodes = 3

targetMin = 0.000000f
targetMax = 6.283185f
target = 0.000001f

mode = FIRESTARTER_OPTIMIZE
evolveSeed = 0
optimizeSeed = 0
tests = 256
streams = 1
units = 1
states = 1
population = 65536
generations = 0
passes = 512
samples = 15
iterations = 64
candidates = 0
optimize = 1

scale = 0.300000f
startScale = 2.500000f
startResult = 10.000000f

FIRESTARTER_OPTIMIZE: Seed=0  Test=124  Generation=  2 *Result=0.00015029  Best=0.00015029   Time=0.124  Run Time=0.7
FIRESTARTER_OPTIMIZE: Seed=0  Test=124  Generation=  3 *Result=0.00011190  Best=0.00011190   Time=0.129  Run Time=1.2
FIRESTARTER_OPTIMIZE: Seed=0  Test=124  Generation=  4 *Result=0.00000128  Best=0.00000128   Time=0.128  Run Time=1.8
FIRESTARTER_OPTIMIZE: Seed=0  Test=124  Generation=  5  Result=0.00072260  Best=0.00000128   Time=0.120  Run Time=2.3
FIRESTARTER_OPTIMIZE: Seed=0  Test=124  Generation=  6  Result=0.00007851  Best=0.00000128   Time=0.121  Run Time=2.8
FIRESTARTER_OPTIMIZE: Seed=0  Test=124  Generation=  7  Result=0.00100297  Best=0.00000128   Time=0.120  Run Time=3.1
FIRESTARTER_OPTIMIZE: Seed=0  Test=124  Generation=  8  Result=0.00115689  Best=0.00000128   Time=0.121  Run Time=3.4
FIRESTARTER_OPTIMIZE: Seed=0  Test=124  Generation=  9  Result=0.00107521  Best=0.00000128   Time=0.119  Run Time=3.7
FIRESTARTER_OPTIMIZE: Seed=0  Test=124  Generation= 10  Result=0.00001450  Best=0.00000128   Time=0.120  Run Time=4.2
FIRESTARTER_OPTIMIZE: Seed=0  Test=124  Generation= 11  Result=0.00011231  Best=0.00000128   Time=0.127  Run Time=4.6
FIRESTARTER_OPTIMIZE: Seed=0  Test=124  Generation= 12 *Result=0.00000021  Best=0.00000021   Time=0.123  Run Time=5.1
