CUDA devices = 2
Device 0: NVIDIA GeForce RTX 5090
Device 1: NVIDIA GeForce RTX 5090

variations = 1
instructions = 32
registers = 30
opcodes = 3

targetMin = 0.000000f
targetMax = 6.283185f
target = 0.000001f

mode = FIRESTARTER_EVOLVE_GPU
evolveSeed = 0
optimizeSeed = 0
tests = 256
streams = 1
units = 1
states = 1
population = 65536
generations = 0
passes = 384
samples = 15
iterations = 64
candidates = 0
optimize = 1

scale = 0.300000f
startScale = 2.500000f
startResult = 10.000000f


FIRESTARTER_EVOLVE_GPU: Seed=0  Test= 0  Generation=  2  Old Result=10.00000000 *New Result=0.00005259  MinIndex=0  EvolveAge=0  Best=0.00005259   BestAge=0  Time=0.052  Run Time=10.0
FIRESTARTER_EVOLVE_GPU: Seed=0  Test= 0  Generation=  3  Old Result=10.00000000 >New Result=0.00010151  MinIndex=0  EvolveAge=0  Best=0.00005259   BestAge=2  Time=0.047  Run Time=10.7
FIRESTARTER_EVOLVE_GPU: Seed=0  Test= 0  Generation=  4  Old Result=10.00000000 >New Result=0.00007067  MinIndex=0  EvolveAge=0  Best=0.00005259   BestAge=4  Time=0.047  Run Time=11.3
FIRESTARTER_EVOLVE_GPU: Seed=0  Test= 0  Generation=  5  Old Result=10.00000000 >New Result=0.00074853  MinIndex=0  EvolveAge=0  Best=0.00005259   BestAge=6  Time=0.047  Run Time=12.0
FIRESTARTER_EVOLVE_GPU: Seed=0  Test= 0  Generation=  6  Old Result=10.00000000 >New Result=0.00006491  MinIndex=0  EvolveAge=0  Best=0.00005259   BestAge=8  Time=0.046  Run Time=12.6
FIRESTARTER_EVOLVE_GPU: Seed=0  Test= 0  Generation=  7  Old Result=10.00000000 >New Result=0.00080384  MinIndex=0  EvolveAge=0  Best=0.00005259   BestAge=10  Time=0.047  Run Time=13.3
FIRESTARTER_EVOLVE_GPU: Seed=0  Test= 0  Generation=  8  Old Result=10.00000000 >New Result=0.00065641  MinIndex=0  EvolveAge=0  Best=0.00005259   BestAge=12  Time=0.045  Run Time=14.0
FIRESTARTER_EVOLVE_GPU: Seed=0  Test= 0  Generation=  9  Old Result=10.00000000 *New Result=0.00000107  MinIndex=0  EvolveAge=0  Best=0.00000107   BestAge=0  Time=0.051  Run Time=14.6
FIRESTARTER_EVOLVE_GPU: Seed=0  Test= 0  Generation= 10  Old Result=10.00000000 *New Result=0.00000009  MinIndex=0  EvolveAge=0  Best=0.00000009   BestAge=0  Time=0.050  Run Time=15.3
