CUDA devices = 2
Device 0: NVIDIA GeForce RTX 5090
Device 1: NVIDIA GeForce RTX 5090

variations = 1
instructions = 32
registers = 30
opcodes = 3

targetMin = 0.000000f
targetMax = 6.283185f
target = 0.000001f

mode = FIRESTARTER_EVOLVE_GPU
evolveSeed = 0
optimizeSeed = 0
tests = 256
streams = 1
units = 1
states = 1
population = 65536
generations = 0
passes = 384
samples = 15
iterations = 64
candidates = 0
optimize = 1

scale = 0.300000f
startScale = 2.500000f
startResult = 10.000000f


FIRESTARTER_EVOLVE_GPU: Seed=0  Test=12  Generation=  1  Old Result=10.00000000 *New Result=0.00000416  MinIndex=0  EvolveAge=0  Best=0.00000416   BestAge=0  Time=0.056  Run Time=1.6
FIRESTARTER_EVOLVE_GPU: Seed=0  Test=12  Generation=  1  Old Result=10.00000000 >New Result=0.00043045  MinIndex=0  EvolveAge=0  Best=0.00000416   BestAge=2  Time=0.056  Run Time=1.6
FIRESTARTER_EVOLVE_GPU: Seed=0  Test=12  Generation=  2  Old Result=10.00000000 *New Result=0.00000208  MinIndex=0  EvolveAge=0  Best=0.00000208   BestAge=0  Time=0.057  Run Time=2.4
FIRESTARTER_EVOLVE_GPU: Seed=0  Test=12  Generation=  2  Old Result=10.00000000 >New Result=0.00000654  MinIndex=0  EvolveAge=0  Best=0.00000208   BestAge=2  Time=0.057  Run Time=2.4
FIRESTARTER_EVOLVE_GPU: Seed=0  Test=12  Generation=  3  Old Result=10.00000000 *New Result=0.00000190  MinIndex=0  EvolveAge=0  Best=0.00000190   BestAge=0  Time=0.057  Run Time=3.4
FIRESTARTER_EVOLVE_GPU: Seed=0  Test=12  Generation=  3  Old Result=10.00000000 >New Result=0.00000468  MinIndex=0  EvolveAge=0  Best=0.00000190   BestAge=2  Time=0.057  Run Time=3.4
FIRESTARTER_EVOLVE_GPU: Seed=0  Test=12  Generation=  4  Old Result=10.00000000 >New Result=0.00055344  MinIndex=0  EvolveAge=0  Best=0.00000190   BestAge=4  Time=0.053  Run Time=4.5
FIRESTARTER_EVOLVE_GPU: Seed=0  Test=12  Generation=  4  Old Result=10.00000000 >New Result=0.00100902  MinIndex=0  EvolveAge=0  Best=0.00000190   BestAge=6  Time=0.054  Run Time=4.5
FIRESTARTER_EVOLVE_GPU: Seed=0  Test=12  Generation=  5  Old Result=10.00000000 >New Result=0.00012331  MinIndex=0  EvolveAge=0  Best=0.00000190   BestAge=8  Time=0.054  Run Time=5.7
FIRESTARTER_EVOLVE_GPU: Seed=0  Test=12  Generation=  5  Old Result=10.00000000 *New Result=0.00000092  MinIndex=0  EvolveAge=0  Best=0.00000092   BestAge=0  Time=0.058  Run Time=5.7
