CUDA devices = 2
Device 0: NVIDIA GeForce RTX 5090
Device 1: NVIDIA GeForce RTX 5090

variations = 1
instructions = 32
registers = 30
opcodes = 3

targetMin = 0.000000f
targetMax = 6.283185f
target = 0.000001f

mode = FIRESTARTER_RANDOM
evolveSeed = 0
optimizeSeed = 0
tests = 11000
streams = 1
units = 1
states = 1
population = 348160
generations = 0
passes = 512
samples = 15
iterations = 64
candidates = 0
optimize = 0

scale = 0.300000f
startScale = 2.500000f
startResult = 10.000000f


FIRESTARTER_RANDOM: Seed=         2  Result=0.00017291  Best=0.00017291  BestError=0.00012590  BestSeed=         2  Time=0.2432 Seconds  Time=8.5290 Seconds Run Time=7673845534663174520832.0000 Seconds
