CUDA devices = 2
Device 0: NVIDIA GeForce RTX 5090
Device 1: NVIDIA GeForce RTX 5090

variations = 1
instructions = 32
registers = 30
opcodes = 3

targetMin = 0.000000f
targetMax = 6.283185f
target = 0.000001f

mode = FIRESTARTER_EVOLVE_GPU
evolveSeed = 0
optimizeSeed = 0
tests = 256
streams = 1
units = 1
states = 1
population = 65536
generations = 0
passes = 384
samples = 15
iterations = 64
candidates = 0
optimize = 1

scale = 0.300000f
startScale = 2.500000f
startResult = 10.000000f


FIRESTARTER_EVOLVE_GPU: Seed=0  Test= 0  Generation=  1  Old Result=10.00000000 *New Result=0.00000427  MinIndex=0  EvolveAge=0  Best=0.00000427   BestAge=0  Time=0.058  Run Time=1.4
FIRESTARTER_EVOLVE_GPU: Seed=0  Test= 0  Generation=  1  Old Result=10.00000000 >New Result=0.00011648  MinIndex=0  EvolveAge=0  Best=0.00000427   BestAge=2  Time=0.060  Run Time=1.4
FIRESTARTER_EVOLVE_GPU: Seed=0  Test= 0  Generation=  2  Old Result=10.00000000 >New Result=0.00004806  MinIndex=0  EvolveAge=0  Best=0.00000427   BestAge=4  Time=0.052  Run Time=2.1
FIRESTARTER_EVOLVE_GPU: Seed=0  Test= 0  Generation=  2  Old Result=10.00000000 >New Result=0.00021542  MinIndex=0  EvolveAge=0  Best=0.00000427   BestAge=6  Time=0.054  Run Time=2.1
FIRESTARTER_EVOLVE_GPU: Seed=0  Test= 0  Generation=  3  Old Result=10.00000000 >New Result=0.00362993  MinIndex=0  EvolveAge=0  Best=0.00000427   BestAge=8  Time=0.052  Run Time=2.8
FIRESTARTER_EVOLVE_GPU: Seed=0  Test= 0  Generation=  3  Old Result=10.00000000 >New Result=0.00005300  MinIndex=0  EvolveAge=0  Best=0.00000427   BestAge=10  Time=0.053  Run Time=2.8
FIRESTARTER_EVOLVE_GPU: Seed=0  Test= 0  Generation=  4  Old Result=10.00000000 >New Result=0.00074849  MinIndex=0  EvolveAge=0  Best=0.00000427   BestAge=12  Time=0.051  Run Time=3.4
FIRESTARTER_EVOLVE_GPU: Seed=0  Test= 0  Generation=  4  Old Result=10.00000000 >New Result=0.00094803  MinIndex=0  EvolveAge=0  Best=0.00000427   BestAge=14  Time=0.053  Run Time=3.4
FIRESTARTER_EVOLVE_GPU: Seed=0  Test= 0  Generation=  5  Old Result=10.00000000 >New Result=0.00015865  MinIndex=0  EvolveAge=0  Best=0.00000427   BestAge=16  Time=0.052  Run Time=4.1
FIRESTARTER_EVOLVE_GPU: Seed=0  Test= 0  Generation=  5  Old Result=10.00000000 >New Result=0.00006479  MinIndex=0  EvolveAge=0  Best=0.00000427   BestAge=18  Time=0.052  Run Time=4.1
FIRESTARTER_EVOLVE_GPU: Seed=0  Test= 0  Generation=  6  Old Result=10.00000000 >New Result=0.00002936  MinIndex=0  EvolveAge=0  Best=0.00000427   BestAge=20  Time=0.052  Run Time=4.8
FIRESTARTER_EVOLVE_GPU: Seed=0  Test= 0  Generation=  6  Old Result=10.00000000 >New Result=0.00005338  MinIndex=0  EvolveAge=0  Best=0.00000427   BestAge=22  Time=0.055  Run Time=4.8
FIRESTARTER_EVOLVE_GPU: Seed=0  Test= 0  Generation=  7  Old Result=10.00000000 >New Result=0.00076687  MinIndex=0  EvolveAge=0  Best=0.00000427   BestAge=24  Time=0.051  Run Time=5.5
FIRESTARTER_EVOLVE_GPU: Seed=0  Test= 0  Generation=  7  Old Result=10.00000000 *New Result=0.00000012  MinIndex=0  EvolveAge=0  Best=0.00000012   BestAge=0  Time=0.056  Run Time=5.5
